126,704,0,38,-22,-17,74,-82,-17,86,-139,-14,98,-174,-3,63,-129,-2,63,-170,-22,56,-120,-30,54,-117,-34,31,-127,2,35,-163,-17,35,-106,-18,34,-111,-16,5,-116,2,7,-150,-16,11,-99,-3,10,-100,9,-19,-110,0,-18,-121,-8,-12,-89,1,-12,-90,10
125,708,0,38,-25,-21,73,-83,-22,84,-138,-21,97,-175,-12,62,-131,1,61,-171,-19,55,-123,-26,53,-118,-29,32,-129,5,34,-164,-14,34,-108,-14,34,-114,-12,6,-119,5,6,-150,-16,11,-100,-4,11,-102,8,-18,-111,2,-17,-122,-8,-12,-91,1,-11,-91,10
123,708,0,39,-29,-18,73,-86,-20,83,-140,-19,97,-175,-11,59,-133,-1,60,-172,-19,55,-122,-26,51,-118,-30,29,-131,3,33,-165,-15,33,-109,-17,32,-115,-16,3,-119,3,6,-150,-16,11,-101,-4,10,-104,7,-20,-111,1,-18,-121,-8,-12,-92,2,-12,-94,10
124,705,0,38,-26,-18,72,-84,-19,84,-140,-18,96,-176,-10,60,-130,2,60,-172,-19,54,-125,-26,51,-118,-30,30,-127,5,32,-164,-14,33,-109,-15,32,-113,-12,4,-117,4,5,-151,-16,10,-101,-3,9,-102,9,-20,-109,0,-19,-122,-9,-14,-92,1,-14,-92,11
124,700,0,38,-24,-21,73,-82,-23,84,-139,-23,96,-176,-14,62,-130,-2,62,-172,-23,55,-124,-31,52,-117,-34,31,-128,3,33,-164,-17,33,-108,-18,32,-113,-15,5,-118,3,6,-151,-18,10,-101,-5,9,-103,8,-19,-111,1,-18,-125,-9,-13,-92,1,-14,-92,11
123,698,0,39,-23,-19,75,-81,-20,85,-139,-18,98,-175,-8,62,-131,-2,62,-171,-21,57,-121,-28,54,-117,-31,31,-129,3,34,-163,-15,35,-106,-15,35,-112,-13,6,-118,4,6,-149,-15,11,-99,-3,10,-102,8,-19,-111,2,-19,-120,-6,-11,-89,3,-11,-91,11
123,699,0,39,-25,-19,75,-81,-19,86,-138,-17,97,-175,-7,62,-129,0,63,-170,-18,57,-122,-25,54,-118,-29,32,-128,5,36,-163,-12,36,-107,-13,35,-114,-12,6,-118,6,7,-150,-12,12,-100,0,11,-103,10,-19,-111,4,-18,-122,-4,-12,-90,5,-12,-93,14
125,707,0,39,-28,-19,73,-83,-20,83,-139,-19,94,-177,-10,61,-131,1,61,-171,-16,55,-123,-24,53,-119,-28,30,-130,7,32,-162,-10,34,-108,-11,34,-115,-10,5,-119,7,5,-149,-10,11,-100,1,10,-104,11,-19,-111,6,-18,-120,-2,-12,-91,7,-11,-93,16
124,701,0,40,-21,-15,76,-80,-13,87,-139,-10,98,-175,2,64,-128,1,65,-170,-18,58,-119,-26,55,-115,-30,32,-126,4,38,-163,-13,37,-105,-14,35,-111,-12,6,-115,4,8,-149,-13,13,-99,1,11,-100,12,-19,-110,2,-17,-120,-5,-11,-88,4,-11,-90,12
125,706,0,38,-28,-19,74,-83,-20,85,-138,-18,95,-176,-9,61,-130,-1,62,-169,-18,55,-121,-24,52,-117,-27,30,-129,3,34,-162,-14,35,-108,-15,34,-113,-14,4,-117,4,6,-149,-15,13,-100,-3,10,-102,7,-20,-109,2,-18,-119,-7,-11,-89,2,-11,-91,10
125,701,0,39,-22,-17,76,-80,-17,87,-138,-14,98,-175,-3,64,-128,1,64,-171,-18,57,-121,-26,54,-115,-30,32,-126,6,36,-162,-12,35,-105,-14,34,-111,-12,6,-115,6,7,-149,-12,11,-99,0,11,-100,12,-19,-110,5,-18,-121,-3,-12,-89,6,-12,-90,15
125,701,0,40,-24,-17,77,-81,-16,87,-139,-13,97,-175,-3,63,-131,-3,63,-170,-20,57,-120,-26,54,-116,-30,30,-129,1,34,-162,-16,37,-106,-18,35,-112,-17,4,-116,2,6,-149,-17,13,-98,-5,11,-100,5,-20,-109,1,-19,-119,-9,-11,-87,0,-12,-89,8
123,708,0,37,-27,-19,74,-82,-20,85,-138,-19,94,-177,-11,61,-130,-2,61,-170,-20,57,-121,-25,53,-117,-28,29,-129,2,34,-161,-16,35,-106,-17,33,-112,-15,3,-117,2,6,-149,-17,13,-99,-5,9,-100,6,-21,-108,1,-18,-120,-9,-11,-89,0,-13,-90,9
124,703,0,38,-20,-17,76,-81,-17,86,-139,-14,96,-176,-3,63,-129,-3,63,-171,-23,56,-119,-31,53,-115,-36,30,-126,1,35,-164,-17,34,-105,-18,34,-111,-16,3,-115,3,5,-149,-14,11,-99,0,8,-100,11,-20,-111,2,-20,-120,-5,-14,-88,5,-14,-90,13
123,708,0,38,-27,-18,73,-84,-19,83,-139,-18,94,-177,-9,62,-130,0,62,-172,-19,55,-122,-26,53,-118,-30,30,-129,4,33,-164,-14,34,-109,-16,33,-113,-15,4,-117,4,5,-151,-14,11,-101,-2,10,-101,9,-21,-109,3,-19,-122,-6,-13,-91,4,-13,-92,13
119,699,0,39,-23,-16,74,-82,-15,83,-141,-12,92,-178,-2,62,-130,0,60,-171,-20,55,-121,-28,53,-116,-33,29,-127,4,31,-163,-14,33,-105,-15,32,-111,-13,3,-115,4,3,-149,-14,9,-99,-1,7,-100,10,-22,-109,1,-22,-119,-7,-15,-87,3,-14,-88,12
120,701,0,39,-23,-18,74,-82,-17,82,-141,-12,90,-179,1,60,-130,-1,59,-170,-19,55,-121,-26,51,-117,-30,28,-127,5,31,-162,-12,34,-105,-14,33,-111,-13,2,-114,6,2,-147,-11,10,-97,0,9,-99,10,-22,-107,6,-21,-115,-2,-14,-84,6,-13,-87,14
121,699,0,38,-21,-17,74,-81,-16,83,-140,-13,91,-179,-1,61,-130,-3,58,-171,-22,54,-120,-30,51,-115,-35,29,-126,2,30,-161,-16,33,-105,-18,32,-109,-17,3,-114,3,2,-148,-15,9,-97,-3,8,-96,8,-22,-108,2,-22,-117,-7,-15,-84,2,-13,-84,11
121,700,0,39,-25,-17,74,-83,-16,81,-141,-13,89,-179,-2,58,-131,-4,58,-171,-22,53,-120,-29,51,-116,-34,26,-127,0,29,-162,-18,33,-105,-20,31,-111,-20,0,-114,1,1,-148,-17,9,-97,-5,7,-99,5,-25,-106,1,-23,-116,-8,-15,-85,0,-15,-86,8
80,603,0,44,-23,-15,82,-79,-11,92,-136,-5,103,-171,9,69,-128,2,70,-168,-17,63,-116,-26,59,-115,-32,36,-127,5,41,-163,-12,41,-104,-15,39,-111,-15,8,-116,5,12,-152,-13,17,-99,0,14,-102,10,-17,-112,4,-14,-123,-5,-7,-90,5,-8,-92,13
83,605,0,43,-18,-15,81,-76,-13,92,-135,-9,102,-172,4,69,-127,1,70,-168,-18,63,-117,-27,59,-114,-32,36,-127,4,42,-163,-14,42,-104,-16,39,-111,-14,8,-117,3,12,-153,-16,17,-100,-3,14,-102,8,-18,-112,1,-13,-124,-10,-6,-90,0,-9,-91,9
85,609,0,42,-22,-16,81,-78,-13,92,-136,-9,101,-173,5,68,-128,-1,70,-169,-20,62,-116,-29,58,-116,-34,35,-128,2,42,-164,-17,41,-105,-19,39,-112,-19,8,-117,2,13,-153,-17,17,-101,-4,14,-103,7,-17,-113,1,-12,-124,-9,-6,-91,1,-8,-94,9
86,605,0,42,-18,-17,80,-77,-14,92,-135,-9,103,-171,4,69,-128,-1,71,-168,-22,62,-115,-32,58,-114,-38,35,-127,3,43,-164,-18,41,-104,-22,38,-110,-22,8,-116,3,13,-154,-17,17,-100,-4,13,-101,7,-18,-113,2,-12,-125,-9,-7,-90,1,-9,-92,9
87,603,0,43,-17,-15,82,-78,-11,94,-137,-5,103,-171,9,70,-128,-1,72,-169,-21,62,-116,-30,58,-114,-36,35,-128,2,42,-165,-18,41,-104,-20,38,-110,-20,8,-117,2,12,-154,-18,17,-100,-5,12,-101,6,-19,-113,0,-13,-125,-10,-7,-90,-1,-9,-91,7
87,604,0,41,-16,-18,81,-75,-15,93,-135,-10,103,-172,3,69,-126,-3,71,-169,-22,62,-115,-31,59,-114,-38,35,-125,2,43,-164,-18,41,-104,-21,39,-109,-21,8,-114,4,12,-153,-15,17,-99,-2,13,-99,9,-18,-112,4,-14,-124,-6,-7,-90,4,-9,-90,12
91,608,0,43,-23,-14,80,-80,-11,91,-137,-6,101,-173,7,66,-129,0,70,-169,-18,62,-117,-25,57,-115,-30,34,-128,4,41,-163,-14,40,-105,-16,37,-111,-16,6,-117,3,12,-154,-15,17,-100,-3,13,-103,7,-19,-112,2,-14,-124,-7,-7,-91,2,-9,-93,10
92,606,0,42,-18,-17,80,-76,-15,92,-136,-10,101,-173,2,67,-129,2,69,-171,-19,62,-120,-28,59,-115,-33,35,-128,5,41,-164,-14,41,-104,-15,38,-111,-13,8,-119,5,11,-154,-16,17,-100,-3,13,-103,9,-18,-115,2,-13,-126,-8,-7,-91,1,-9,-93,9
91,600,0,44,-16,-13,84,-76,-9,95,-135,-4,105,-170,10,71,-126,1,73,-169,-18,64,-116,-27,61,-113,-34,37,-124,4,45,-164,-16,43,-104,-18,40,-107,-18,9,-114,4,15,-153,-15,18,-99,-2,15,-98,9,-17,-111,2,-12,-125,-7,-7,-90,2,-7,-90,11
91,602,0,42,-17,-16,82,-75,-13,94,-134,-8,104,-171,6,70,-125,-4,73,-168,-24,64,-115,-32,60,-113,-37,36,-125,0,44,-162,-20,42,-103,-23,39,-107,-23,8,-114,0,14,-151,-20,18,-98,-7,14,-98,4,-18,-111,-1,-12,-123,-11,-6,-89,-2,-8,-89,7
92,601,0,43,-17,-15,82,-75,-13,93,-134,-8,104,-171,4,70,-126,-3,72,-170,-22,64,-116,-31,61,-114,-37,36,-126,1,43,-164,-19,42,-104,-21,40,-109,-21,8,-115,1,12,-154,-19,18,-99,-5,12,-100,6,-19,-112,-1,-13,-125,-11,-7,-90,-1,-9,-91,7
91,600,0,43,-16,-16,83,-75,-12,95,-134,-7,104,-171,6,70,-126,-2,73,-168,-21,64,-115,-29,61,-113,-35,36,-125,2,43,-163,-18,43,-102,-20,40,-108,-20,9,-115,2,13,-152,-17,18,-99,-4,14,-99,7,-17,-112,2,-13,-124,-9,-7,-89,1,-7,-90,9
92,602,0,42,-20,-17,82,-76,-15,93,-134,-11,104,-171,1,69,-127,-3,71,-169,-23,63,-116,-31,59,-114,-37,35,-127,1,42,-164,-20,41,-104,-24,38,-109,-24,7,-115,2,12,-154,-19,17,-100,-7,12,-100,4,-19,-112,2,-13,-125,-10,-7,-91,0,-9,-91,9
93,598,0,42,-17,-16,82,-76,-14,93,-135,-10,103,-172,2,69,-126,-1,71,-169,-21,63,-116,-31,59,-113,-37,36,-125,3,43,-163,-17,42,-103,-19,39,-108,-19,8,-115,3,13,-154,-16,18,-99,-2,13,-100,9,-19,-112,2,-13,-126,-8,-7,-91,2,-10,-92,11
107,482,0,48,-12,-11,90,-67,-8,105,-128,-3,117,-163,8,79,-123,0,83,-168,-19,72,-114,-28,68,-108,-33,43,-126,2,52,-167,-17,49,-104,-20,45,-106,-20,14,-119,0,22,-163,-21,24,-103,-7,17,-99,5,-16,-119,-2,-6,-138,-13,-3,-98,-3,-7,-95,7
106,489,0,48,-18,-11,89,-71,-8,102,-129,-5,115,-164,6,77,-124,5,82,-167,-13,73,-115,-22,68,-110,-26,42,-127,6,53,-168,-13,49,-107,-17,45,-109,-16,13,-120,3,22,-162,-19,24,-104,-7,17,-101,5,-15,-119,0,-4,-136,-12,-1,-98,-1,-7,-97,9
106,488,0,47,-12,-12,90,-69,-9,103,-129,-5,115,-163,7,79,-124,5,83,-169,-15,73,-116,-23,69,-109,-27,44,-127,6,53,-167,-13,49,-105,-14,46,-108,-12,16,-122,4,23,-162,-18,23,-103,-4,18,-101,8,-13,-120,1,-5,-139,-10,-2,-99,1,-6,-97,11
101,513,0,47,-14,-12,88,-69,-8,102,-130,-3,114,-164,9,78,-124,4,81,-169,-16,72,-116,-25,68,-109,-29,43,-125,5,52,-166,-14,49,-104,-17,45,-107,-16,14,-118,3,21,-160,-18,23,-101,-6,17,-100,5,-14,-117,0,-6,-135,-11,-2,-96,-1,-6,-94,9
101,515,0,46,-15,-11,88,-70,-7,102,-129,-2,114,-164,11,78,-123,3,82,-168,-15,71,-115,-24,67,-111,-29,44,-125,5,53,-167,-14,49,-105,-16,46,-108,-15,15,-118,3,23,-160,-17,24,-102,-4,18,-100,8,-12,-117,1,-5,-135,-10,-1,-97,1,-4,-96,10
103,516,0,48,-18,-8,89,-73,-4,102,-131,0,113,-165,11,76,-124,3,82,-169,-16,71,-116,-23,67,-110,-28,42,-126,2,51,-167,-16,48,-106,-17,44,-109,-17,13,-118,-2,22,-161,-22,24,-104,-8,17,-100,3,-16,-115,-6,-7,-136,-17,-1,-98,-5,-5,-95,5
105,507,0,47,-5,-13,90,-65,-7,106,-129,0,117,-162,15,80,-120,2,84,-169,-17,73,-115,-25,70,-106,-29,45,-122,4,52,-165,-13,48,-101,-13,46,-103,-10,16,-117,3,23,-158,-16,23,-99,-1,18,-97,11,-13,-118,1,-5,-137,-9,-4,-97,2,-7,-93,11
106,514,0,47,-18,-10,88,-72,-7,101,-130,-2,114,-164,10,76,-124,-2,82,-169,-19,71,-114,-27,66,-111,-32,40,-126,-1,52,-168,-19,47,-106,-22,43,-110,-22,11,-117,-2,21,-161,-23,23,-102,-10,16,-102,1,-17,-117,-5,-7,-135,-15,-2,-98,-4,-6,-95,5
106,507,0,48,-6,-11,91,-66,-5,106,-129,3,116,-163,17,79,-120,4,85,-168,-15,75,-115,-24,71,-107,-28,46,-122,5,54,-165,-13,51,-102,-14,47,-104,-12,17,-118,3,23,-158,-18,24,-99,-4,19,-97,8,-12,-118,0,-4,-137,-11,-2,-95,-1,-5,-92,9
105,511,0,47,-16,-11,89,-69,-9,104,-128,-5,116,-163,6,77,-122,0,82,-168,-19,72,-115,-27,68,-109,-32,42,-124,1,52,-167,-19,48,-105,-22,44,-108,-21,13,-116,-2,22,-161,-23,24,-102,-11,17,-99,2,-15,-115,-4,-6,-135,-16,-1,-97,-4,-5,-94,6
104,510,0,48,-13,-9,90,-69,-4,104,-129,0,116,-163,12,78,-123,3,82,-168,-16,72,-114,-25,67,-108,-30,43,-124,3,53,-167,-17,49,-105,-19,44,-106,-19,14,-117,0,22,-161,-22,24,-101,-9,17,-98,3,-15,-116,-4,-5,-135,-16,-2,-97,-5,-7,-94,5
80,407,0,50,-17,-12,91,-70,-9,103,-129,-4,115,-164,7,77,-123,6,82,-169,-14,73,-116,-24,69,-108,-28,42,-126,8,50,-168,-13,48,-107,-16,44,-109,-16,13,-122,5,21,-165,-18,22,-107,-5,17,-103,9,-17,-120,2,-8,-143,-10,-4,-104,3,-8,-99,14
78,403,0,50,-14,-12,93,-67,-9,105,-128,-5,116,-163,6,79,-121,4,82,-169,-18,73,-118,-27,71,-108,-32,44,-125,5,51,-169,-17,48,-107,-20,46,-108,-19,15,-121,2,22,-165,-22,22,-105,-8,18,-101,7,-15,-120,-2,-7,-144,-14,-4,-103,-2,-7,-98,10
78,401,0,50,-11,-11,92,-65,-6,106,-127,-1,118,-162,11,80,-120,5,84,-168,-16,74,-115,-27,72,-106,-32,44,-123,5,53,-169,-16,49,-106,-20,46,-106,-19,15,-119,2,22,-165,-21,23,-105,-7,18,-99,7,-16,-119,-1,-7,-143,-13,-4,-102,-1,-7,-96,10
81,399,0,52,-12,-11,95,-65,-6,108,-127,0,119,-161,14,82,-119,8,86,-169,-13,77,-117,-22,75,-106,-27,48,-124,9,54,-168,-11,51,-104,-14,50,-106,-13,18,-121,6,24,-165,-17,24,-104,-5,21,-100,8,-13,-122,2,-5,-145,-10,-3,-102,2,-4,-97,13
85,397,0,51,-10,-9,95,-64,-4,110,-125,1,121,-159,14,83,-120,5,87,-169,-15,77,-114,-25,74,-105,-30,47,-124,6,55,-169,-15,52,-104,-18,49,-105,-18,16,-120,3,25,-165,-20,25,-103,-6,20,-99,7,-14,-121,0,-4,-144,-12,-2,-102,0,-5,-96,11
88,397,0,51,-10,-11,96,-64,-7,109,-126,-2,121,-160,11,82,-121,3,87,-169,-18,77,-115,-28,74,-106,-33,46,-125,4,55,-168,-18,51,-104,-21,49,-104,-21,16,-121,1,24,-166,-23,25,-104,-10,20,-100,3,-15,-122,-2,-5,-145,-16,-3,-101,-4,-6,-97,6
88,402,0,51,-15,-12,93,-65,-10,106,-125,-7,119,-161,3,78,-122,5,85,-168,-16,76,-116,-25,72,-106,-30,45,-125,5,54,-169,-16,51,-106,-20,47,-106,-19,16,-121,2,25,-166,-23,24,-106,-9,20,-100,4,-14,-120,-2,-5,-145,-15,-2,-104,-2,-5,-98,10
89,402,0,52,-16,-9,95,-68,-4,107,-127,1,119,-161,14,82,-120,8,87,-167,-11,77,-115,-20,73,-107,-24,47,-125,9,55,-168,-11,51,-106,-14,48,-108,-13,17,-121,6,25,-166,-15,25,-107,-2,20,-104,10,-13,-121,3,-4,-144,-7,-2,-104,4,-5,-100,15
88,401,0,50,-11,-12,95,-64,-9,109,-125,-5,121,-159,7,82,-122,2,89,-168,-19,77,-114,-29,73,-108,-35,46,-125,3,57,-169,-19,53,-105,-23,49,-107,-23,17,-121,0,27,-165,-24,26,-104,-10,20,-101,3,-13,-122,-3,-3,-143,-15,0,-102,-4,-4,-99,7
89,400,0,51,-8,-10,95,-63,-5,110,-125,1,122,-158,14,84,-119,2,89,-167,-19,77,-111,-28,74,-106,-35,47,-123,2,58,-167,-18,53,-102,-22,49,-104,-22,17,-118,-1,26,-164,-23,26,-102,-9,20,-99,3,-13,-120,-4,-4,-141,-16,-1,-100,-5,-5,-95,6
89,407,0,51,-16,-10,93,-69,-6,107,-126,-1,120,-160,11,81,-122,4,87,-169,-17,76,-115,-26,71,-108,-32,46,-125,4,57,-169,-16,51,-105,-21,48,-108,-21,16,-121,1,26,-167,-22,25,-105,-9,19,-101,4,-14,-122,-3,-4,-143,-15,-1,-102,-3,-6,-97,8
90,405,0,51,-8,-11,94,-64,-7,108,-126,-2,119,-161,10,81,-120,4,86,-169,-18,78,-115,-28,74,-104,-33,46,-124,4,55,-168,-19,52,-103,-22,48,-104,-20,16,-120,0,25,-165,-26,25,-104,-12,19,-98,2,-15,-121,-4,-4,-145,-19,-2,-101,-7,-7,-96,4
89,403,0,51,-8,-12,95,-62,-8,109,-124,-3,121,-159,9,82,-120,4,87,-166,-17,77,-112,-27,73,-103,-32,47,-123,5,57,-167,-17,52,-104,-21,48,-104,-20,18,-120,2,26,-165,-23,25,-103,-9,20,-98,4,-13,-120,-2,-4,-143,-15,-1,-102,-4,-4,-96,7
90,406,0,50,-10,-13,94,-63,-11,108,-125,-7,119,-161,4,80,-121,3,87,-167,-19,76,-116,-28,73,-105,-33,46,-125,4,55,-168,-19,51,-105,-23,48,-104,-21,17,-122,1,26,-165,-26,24,-103,-13,20,-98,1,-14,-120,-3,-4,-144,-18,-2,-102,-7,-6,-96,5
89,403,0,51,-13,-11,93,-66,-7,107,-127,-2,119,-161,11,81,-120,5,84,-169,-17,75,-117,-27,74,-105,-32,46,-124,5,53,-169,-17,50,-107,-20,48,-105,-19,16,-121,2,23,-165,-22,24,-104,-8,19,-98,6,-15,-121,-1,-7,-144,-14,-4,-104,-2,-7,-98,10
92,285,0,55,-14,-6,97,-66,1,113,-124,8,125,-156,23,83,-119,21,91,-170,2,81,-119,-8,77,-104,-12,50,-124,21,59,-174,1,53,-109,-5,50,-104,-5,19,-125,17,29,-173,-6,26,-111,6,21,-100,19,-12,-128,12,-2,-155,2,-1,-113,14,-5,-103,26
88,285,0,56,-19,-5,96,-68,0,112,-124,5,125,-156,17,81,-120,15,88,-169,-5,80,-119,-14,77,-108,-17,49,-126,13,57,-172,-7,52,-111,-10,49,-107,-9,18,-126,7,29,-171,-16,25,-111,-4,22,-101,11,-13,-126,1,-4,-155,-11,-1,-113,2,-4,-102,15
87,280,0,57,-17,-5,98,-64,1,114,-121,6,126,-156,17,83,-119,18,91,-170,-1,82,-119,-11,78,-105,-14,50,-125,16,57,-173,-3,53,-110,-7,50,-105,-6,20,-126,11,28,-172,-12,26,-111,0,22,-101,14,-13,-126,5,-4,-156,-6,-1,-114,6,-4,-103,19
88,275,0,53,-9,-9,98,-61,-3,114,-122,4,126,-156,18,84,-119,10,92,-169,-10,81,-116,-19,77,-104,-23,50,-125,11,59,-171,-9,54,-106,-12,50,-104,-10,19,-125,8,28,-170,-15,25,-107,-1,21,-100,13,-13,-127,4,-4,-153,-7,-2,-110,5,-6,-102,18
86,280,0,55,-16,-7,98,-64,0,113,-122,6,125,-157,20,84,-119,18,92,-168,-1,81,-117,-10,78,-105,-14,51,-125,18,60,-172,-1,54,-109,-6,51,-107,-6,20,-125,14,30,-172,-8,28,-111,4,23,-103,17,-12,-127,11,0,-154,1,0,-111,13,-3,-103,26
87,281,0,57,-19,-6,98,-66,1,114,-122,6,126,-156,19,83,-120,20,90,-168,1,81,-118,-9,77,-105,-14,50,-125,19,58,-173,-2,53,-110,-8,50,-105,-7,20,-126,14,30,-173,-9,26,-112,2,23,-102,15,-12,-127,9,-2,-156,-2,-1,-113,11,-3,-102,23
86,281,0,56,-18,-7,98,-66,-1,114,-122,5,126,-156,19,85,-119,20,93,-169,2,82,-117,-8,78,-105,-12,53,-125,20,60,-173,1,55,-109,-4,52,-107,-4,22,-125,17,31,-171,-5,28,-110,6,25,-103,19,-10,-127,13,0,-153,4,1,-112,16,-1,-104,28
88,282,0,57,-20,-5,99,-67,2,114,-123,8,125,-156,21,83,-118,20,91,-168,2,82,-119,-7,79,-106,-11,51,-123,19,59,-172,0,53,-110,-4,52,-107,-3,21,-125,14,30,-172,-8,27,-112,3,24,-105,15,-12,-126,9,-1,-154,-3,0,-113,9,-3,-104,20
91,279,0,56,-16,-5,99,-64,2,116,-122,8,127,-155,21,85,-117,16,92,-168,-3,82,-117,-12,78,-104,-16,51,-123,15,59,-173,-4,54,-108,-8,51,-106,-7,20,-124,10,30,-173,-12,26,-111,0,23,-103,13,-13,-125,5,-3,-155,-6,-2,-112,6,-4,-102,18
89,283,0,55,-13,-6,99,-65,0,115,-122,7,126,-155,20,85,-118,13,93,-170,-6,82,-118,-15,79,-105,-19,52,-124,12,60,-174,-7,55,-110,-10,52,-106,-9,21,-125,8,31,-174,-14,28,-111,-1,24,-102,12,-10,-127,4,-1,-156,-7,0,-113,5,-2,-102,17
90,285,0,55,-18,-6,97,-67,0,113,-123,5,125,-156,18,84,-120,12,92,-169,-7,80,-116,-16,76,-107,-20,50,-125,10,59,-173,-10,53,-110,-13,50,-109,-13,19,-125,6,30,-173,-16,26,-111,-3,22,-104,10,-12,-127,1,-2,-155,-9,0,-112,4,-4,-104,16
91,287,0,55,-21,-4,96,-69,3,112,-124,9,123,-158,23,82,-120,22,89,-170,5,81,-121,-4,77,-107,-7,50,-125,21,57,-173,4,52,-111,-1,49,-107,0,19,-126,17,29,-173,-4,26,-113,7,22,-104,19,-12,-127,12,-2,-156,2,0,-115,14,-3,-105,26
91,285,0,57,-22,-4,95,-68,3,113,-124,9,124,-157,21,82,-118,25,90,-169,7,82,-123,-2,78,-107,-5,50,-124,23,57,-173,4,53,-113,-1,51,-107,1,19,-125,17,29,-173,-5,27,-114,5,23,-103,18,-13,-125,12,-2,-156,1,0,-115,12,-2,-103,24
89,282,0,57,-22,-4,98,-69,4,114,-123,10,125,-156,24,86,-117,23,92,-168,4,83,-120,-5,79,-106,-8,53,-123,21,59,-172,2,54,-111,-3,52,-107,-2,22,-125,16,31,-172,-6,28,-113,4,25,-104,17,-9,-126,10,0,-156,0,2,-115,12,0,-104,24
92,273,0,59,-12,-1,101,-61,8,118,-121,16,129,-153,30,85,-115,21,93,-168,3,85,-119,-7,81,-101,-11,51,-121,19,59,-173,0,54,-110,-6,51,-101,-5,21,-123,13,31,-173,-8,27,-111,2,23,-97,15,-13,-125,8,-2,-156,-3,0,-112,7,-3,-99,19
74,234,0,56,-18,-4,99,-63,4,116,-120,11,128,-154,25,85,-117,23,90,-169,6,82,-121,-3,79,-106,-6,51,-124,23,57,-173,6,52,-110,2,51,-107,3,20,-126,19,27,-173,-1,25,-113,11,21,-103,24,-13,-127,15,-5,-155,6,-4,-113,18,-5,-103,29
73,238,0,57,-22,-4,98,-66,4,115,-120,9,127,-155,22,82,-120,28,90,-171,12,82,-123,3,78,-107,0,48,-128,27,56,-176,10,52,-114,3,49,-107,3,17,-128,23,26,-176,4,24,-115,14,20,-103,26,-15,-128,18,-7,-158,11,-4,-117,24,-5,-106,36
78,228,0,55,-15,-3,101,-63,6,116,-122,14,129,-153,29,87,-118,17,93,-171,-1,82,-119,-9,79,-107,-12,51,-125,15,58,-175,-3,52,-110,-6,50,-107,-5,19,-126,11,27,-175,-9,24,-112,4,20,-104,17,-14,-128,7,-5,-156,-3,-5,-112,10,-6,-104,21
78,229,0,55,-10,-3,101,-62,8,118,-121,17,129,-153,34,87,-117,20,92,-170,2,82,-119,-7,81,-105,-11,51,-123,19,59,-173,0,54,-109,-5,50,-104,-4,20,-124,15,28,-174,-6,25,-110,7,21,-100,21,-12,-129,10,-4,-155,1,-4,-111,13,-5,-102,24
77,235,0,58,-21,-3,100,-67,6,116,-122,13,127,-155,27,84,-119,26,90,-170,8,83,-122,0,81,-106,-3,50,-125,24,58,-173,7,53,-110,2,52,-106,3,20,-126,19,28,-175,-2,25,-113,10,23,-102,23,-13,-128,13,-5,-158,5,-2,-115,17,-4,-104,30
79,236,0,55,-15,-8,99,-62,-2,117,-120,5,128,-154,19,86,-117,18,91,-170,-1,82,-121,-12,80,-105,-16,52,-123,19,57,-173,-1,53,-110,-6,52,-106,-5,22,-126,16,28,-174,-6,25,-113,5,24,-103,19,-10,-129,11,-4,-156,1,-3,-114,12,-4,-104,24
81,234,0,58,-17,-4,102,-63,5,118,-121,12,129,-153,28,86,-117,23,92,-170,5,84,-121,-4,80,-105,-7,52,-124,22,58,-174,4,53,-110,0,53,-106,1,21,-125,17,28,-175,-4,26,-112,8,23,-103,21,-13,-127,13,-5,-156,3,-3,-113,14,-4,-103,26
80,239,0,56,-17,-7,99,-63,-1,116,-120,5,128,-154,18,85,-117,17,91,-169,-1,82,-119,-10,80,-106,-14,51,-124,18,58,-174,0,53,-111,-4,51,-107,-3,20,-125,15,28,-175,-5,25,-113,9,22,-103,22,-13,-128,11,-5,-157,3,-3,-114,16,-4,-103,29
80,240,0,55,-17,-6,98,-64,1,115,-121,6,127,-155,18,84,-116,19,91,-170,0,83,-124,-9,80,-106,-12,50,-123,18,57,-173,1,53,-111,-2,51,-107,0,20,-124,14,27,-174,-6,25,-114,7,22,-103,20,-11,-126,9,-5,-156,-1,-3,-114,12,-4,-102,24
80,248,0,56,-23,-4,97,-68,4,113,-122,9,124,-157,23,83,-119,24,90,-170,7,80,-122,-3,78,-109,-7,49,-126,23,56,-175,4,52,-113,-3,49,-110,-4,18,-126,18,27,-175,-3,25,-114,7,21,-107,19,-13,-128,13,-4,-156,4,-2,-114,16,-5,-106,28
79,244,0,58,-19,-3,100,-64,5,116,-120,12,128,-153,26,86,-117,26,92,-170,8,83,-123,-2,80,-107,-6,53,-124,25,58,-174,6,53,-112,0,51,-105,0,22,-125,20,29,-176,-1,26,-115,9,24,-102,21,-11,-127,14,-3,-158,5,-1,-116,16,-2,-103,28
80,242,0,56,-18,-7,100,-62,-1,117,-120,4,128,-154,17,86,-115,20,92,-168,2,82,-118,-8,80,-104,-13,51,-122,20,58,-173,2,53,-110,-3,53,-107,-3,21,-124,17,28,-174,-3,25,-114,10,25,-103,23,-11,-126,13,-5,-157,5,-3,-115,18,-3,-103,30
82,243,0,57,-17,-3,100,-64,6,116,-122,13,127,-154,28,86,-116,25,93,-171,8,83,-120,-1,80,-104,-4,52,-124,24,58,-174,8,53,-111,3,51,-106,3,21,-125,20,29,-175,1,25,-113,12,23,-102,24,-12,-127,16,-4,-158,9,-2,-115,21,-4,-102,34
224,243,0,62,-10,-3,106,-56,4,122,-114,9,133,-150,19,92,-117,13,106,-166,-5,95,-112,-11,88,-97,-12,60,-127,9,76,-177,-11,67,-111,-14,58,-103,-11,28,-132,2,46,-184,-22,40,-118,-9,30,-106,6,-7,-136,-5,12,-170,-18,12,-126,-5,4,-115,9
224,238,0,61,-4,-3,109,-53,6,125,-113,14,135,-147,27,94,-115,11,108,-163,-6,97,-109,-12,90,-95,-14,60,-125,8,77,-175,-11,69,-108,-14,60,-101,-11,29,-130,2,47,-180,-21,41,-114,-9,30,-102,4,-6,-135,-4,13,-167,-17,13,-122,-5,4,-112,7
223,247,0,63,-10,-3,108,-55,4,123,-113,11,133,-149,24,93,-114,15,106,-164,-3,94,-112,-10,89,-97,-12,60,-125,12,76,-176,-8,67,-111,-12,58,-104,-10,28,-131,5,46,-181,-19,40,-117,-7,31,-107,7,-6,-136,-1,13,-167,-14,12,-123,-2,4,-114,11
225,246,0,63,-10,-1,106,-57,7,121,-116,13,132,-151,25,90,-116,15,104,-165,-2,94,-111,-8,86,-96,-10,57,-126,11,73,-175,-9,66,-109,-13,56,-102,-11,26,-130,4,43,-180,-20,38,-115,-8,28,-105,6,-10,-133,-3,10,-166,-16,10,-123,-4,1,-113,9
219,248,0,60,-8,-4,107,-55,3,122,-114,9,133,-149,20,92,-118,12,106,-166,-6,95,-113,-13,88,-98,-15,58,-128,9,75,-177,-12,66,-110,-16,57,-101,-14,28,-133,3,44,-182,-21,39,-117,-9,29,-104,5,-8,-136,-3,11,-167,-16,11,-123,-4,3,-112,8
220,247,0,61,-6,-3,107,-55,5,122,-116,12,132,-150,25,92,-119,13,104,-166,-5,92,-112,-12,86,-99,-14,57,-129,10,74,-176,-10,65,-109,-14,56,-104,-11,25,-132,3,43,-182,-21,37,-116,-8,26,-107,6,-10,-136,-3,10,-166,-16,9,-123,-4,0,-114,8
217,249,0,63,-6,-1,108,-55,8,122,-116,16,133,-149,29,94,-117,15,106,-165,-2,94,-111,-8,89,-97,-9,59,-127,11,75,-177,-8,67,-111,-10,58,-102,-8,27,-132,4,44,-183,-18,38,-116,-6,28,-104,8,-8,-136,-2,10,-168,-14,10,-122,-2,1,-111,11
216,248,0,60,-2,-4,107,-54,4,123,-117,13,132,-150,27,93,-115,7,105,-166,-11,93,-110,-17,86,-96,-19,58,-125,5,74,-175,-15,65,-107,-16,57,-102,-13,26,-129,-1,43,-181,-24,38,-114,-10,28,-104,4,-8,-135,-6,10,-166,-19,10,-120,-8,1,-112,4
214,249,0,64,-9,0,108,-55,10,123,-115,18,133,-150,31,92,-115,20,105,-165,4,95,-112,-3,89,-97,-4,59,-125,15,74,-175,-2,67,-109,-6,58,-101,-4,28,-130,8,44,-180,-14,39,-115,-3,29,-105,10,-8,-134,2,11,-166,-10,11,-122,2,3,-112,14
216,250,0,63,-10,-2,107,-58,6,121,-117,12,131,-151,23,90,-115,14,104,-166,-4,94,-114,-11,87,-96,-12,57,-125,10,72,-175,-10,66,-111,-13,57,-101,-11,26,-130,2,43,-180,-22,38,-116,-10,28,-103,4,-10,-133,-5,9,-167,-18,9,-123,-6,1,-111,6
216,251,0,63,-11,0,107,-58,9,121,-117,16,131,-152,29,90,-118,18,103,-166,1,93,-113,-5,87,-98,-7,57,-127,13,73,-177,-5,65,-111,-9,56,-103,-7,25,-132,6,43,-183,-17,38,-117,-5,28,-106,9,-10,-135,0,9,-168,-12,9,-124,0,1,-113,13
214,247,0,62,-5,-2,109,-55,7,124,-115,16,133,-150,30,93,-114,14,106,-164,-3,95,-110,-9,89,-95,-11,59,-124,10,75,-175,-10,67,-109,-13,58,-99,-11,28,-128,4,44,-180,-19,39,-114,-7,29,-101,7,-7,-133,-2,11,-165,-15,11,-121,-3,2,-110,10
216,247,0,61,-5,-3,108,-53,5,123,-115,12,133,-149,25,93,-117,10,105,-167,-9,94,-111,-16,88,-95,-18,58,-127,7,73,-176,-13,66,-108,-16,58,-101,-13,26,-131,0,43,-182,-23,38,-115,-11,28,-103,4,-8,-136,-5,10,-168,-19,10,-122,-7,1,-111,6
214,250,0,59,-5,-4,107,-54,3,122,-114,10,132,-150,23,92,-116,7,104,-166,-11,92,-111,-17,86,-97,-19,58,-126,4,73,-176,-14,66,-109,-16,57,-104,-14,27,-130,-1,43,-181,-23,38,-115,-10,29,-105,4,-8,-135,-6,9,-166,-19,10,-122,-6,2,-112,6
216,249,0,62,-6,-3,106,-56,5,121,-117,11,131,-151,24,90,-117,11,103,-167,-7,92,-112,-13,85,-98,-14,56,-127,7,72,-176,-13,64,-108,-16,55,-102,-13,24,-129,1,42,-181,-23,37,-114,-11,26,-104,4,-10,-134,-5,9,-166,-19,9,-121,-7,0,-112,6
213,258,0,61,-11,-3,106,-60,4,120,-118,12,129,-153,25,90,-117,14,103,-167,-3,93,-114,-7,86,-99,-8,59,-126,10,74,-177,-8,66,-111,-11,57,-103,-8,28,-131,4,44,-180,-19,38,-116,-7,29,-105,7,-6,-135,-1,11,-167,-14,11,-123,-2,3,-113,11
217,257,0,62,-11,-3,106,-61,5,120,-120,12,129,-153,24,90,-119,11,103,-168,-7,91,-114,-13,85,-100,-15,56,-128,7,72,-176,-12,64,-111,-14,56,-106,-12,25,-131,1,41,-181,-23,36,-116,-11,27,-107,3,-10,-134,-6,9,-166,-19,8,-122,-7,0,-114,5
314,244,0,63,4,-5,108,-52,2,121,-117,8,128,-154,19,85,-118,8,101,-169,-9,96,-115,-12,87,-94,-11,53,-129,5,73,-183,-17,68,-115,-20,53,-99,-16,21,-134,-1,43,-190,-25,41,-120,-14,26,-101,0,-16,-141,-7,10,-174,-22,11,-128,-12,-1,-113,-1
312,250,0,63,-2,-2,105,-57,7,119,-118,15,127,-154,27,86,-121,15,102,-171,1,94,-116,-1,85,-99,-1,52,-132,11,74,-185,-6,67,-118,-9,53,-104,-6,20,-137,5,43,-193,-15,40,-125,-5,26,-106,8,-16,-142,0,9,-177,-12,11,-131,-2,0,-116,10
300,246,0,64,-1,-2,106,-56,7,118,-119,15,126,-155,27,82,-122,18,98,-171,5,92,-117,1,85,-98,1,50,-131,15,70,-184,-5,66,-117,-10,51,-100,-7,18,-135,9,40,-190,-14,39,-121,-5,24,-103,8,-19,-139,3,6,-171,-12,9,-125,-3,-3,-112,8
305,250,0,64,-3,-5,106,-59,3,116,-121,10,123,-158,21,82,-122,15,96,-171,-2,93,-118,-6,86,-99,-6,51,-132,12,69,-184,-10,65,-117,-15,53,-101,-12,19,-136,5,39,-189,-20,39,-121,-11,26,-103,3,-17,-141,-1,8,-173,-17,9,-126,-9,-2,-112,3
307,251,0,64,-2,-1,107,-56,9,118,-120,17,126,-155,31,84,-119,17,98,-168,4,92,-113,0,85,-99,-1,50,-130,13,69,-184,-4,66,-117,-8,52,-103,-5,18,-133,7,38,-191,-13,39,-122,-2,24,-104,10,-19,-139,2,5,-173,-10,9,-127,0,-3,-113,10
304,259,0,60,-4,-5,103,-61,3,116,-122,11,123,-158,24,82,-125,10,97,-171,-4,89,-117,-6,82,-103,-6,48,-135,8,69,-186,-11,63,-117,-13,50,-106,-10,17,-137,3,38,-191,-19,38,-122,-8,23,-107,5,-18,-140,-1,7,-173,-15,9,-127,-5,-3,-116,6
303,250,0,62,5,-5,107,-54,4,119,-120,12,127,-155,26,84,-120,12,98,-168,-4,92,-113,-9,85,-96,-9,50,-129,10,70,-182,-11,65,-111,-15,52,-99,-11,18,-133,5,38,-186,-19,38,-116,-9,23,-101,5,-17,-139,0,7,-167,-17,9,-120,-8,-5,-110,2
270,277,0,59,-8,-14,102,-53,-17,122,-110,-21,132,-150,-19,94,-131,3,109,-178,-18,99,-119,-25,92,-105,-26,61,-144,2,80,-190,-22,72,-117,-24,63,-106,-19,29,-146,-3,48,-191,-28,45,-122,-12,33,-111,5,-7,-145,-10,15,-177,-22,16,-133,-6,6,-122,9
407,267,0,60,-2,-8,99,-65,-3,104,-130,3,107,-169,14,71,-127,-2,81,-179,-16,80,-124,-16,74,-105,-14,38,-133,-3,55,-188,-22,55,-119,-23,41,-104,-18,7,-134,-7,24,-191,-29,29,-121,-18,15,-103,-4,-28,-135,-10,-5,-170,-26,0,-124,-17,-12,-110,-6
406,267,0,62,0,-8,102,-63,-1,106,-130,6,109,-168,17,73,-126,3,84,-177,-12,83,-123,-13,77,-102,-12,39,-131,1,55,-188,-20,56,-118,-23,43,-99,-18,8,-132,-3,25,-189,-28,30,-118,-16,15,-97,-1,-26,-133,-8,-5,-168,-24,1,-122,-15,-10,-106,-3
406,271,0,60,-1,-8,100,-64,-2,105,-130,5,110,-167,17,73,-126,0,84,-178,-14,82,-122,-16,76,-104,-14,39,-132,-1,56,-186,-21,57,-118,-22,42,-103,-17,8,-132,-4,25,-188,-27,29,-120,-15,15,-102,-1,-26,-133,-8,-3,-168,-24,1,-122,-14,-11,-108,-3
407,276,0,59,-8,-7,97,-68,0,102,-133,6,107,-169,17,71,-129,4,81,-180,-10,79,-125,-11,72,-107,-10,37,-134,2,53,-189,-18,54,-120,-19,40,-105,-15,6,-133,-3,24,-190,-26,28,-122,-14,13,-105,0,-28,-133,-7,-6,-169,-22,0,-125,-12,-12,-111,0
403,275,0,61,-4,-5,100,-62,1,106,-128,8,112,-166,20,75,-123,2,84,-177,-13,82,-121,-14,76,-105,-14,41,-128,0,56,-185,-19,56,-118,-20,42,-104,-17,10,-128,-5,25,-186,-26,29,-119,-13,15,-103,0,-24,-130,-9,-5,-167,-23,0,-121,-12,-11,-107,-1
405,278,0,60,-7,-7,98,-67,-2,104,-130,3,110,-167,13,72,-127,0,81,-179,-16,79,-123,-19,72,-106,-18,37,-132,-3,52,-187,-23,54,-119,-25,40,-104,-21,6,-130,-7,23,-186,-30,28,-119,-18,13,-102,-4,-27,-129,-12,-7,-166,-27,0,-121,-16,-12,-107,-5
401,280,0,59,-6,-7,100,-65,-1,107,-129,6,112,-166,19,74,-125,-1,84,-178,-16,83,-122,-17,76,-106,-16,39,-130,-2,56,-186,-21,57,-117,-22,44,-104,-18,9,-129,-6,25,-186,-28,31,-118,-15,16,-103,-1,-25,-129,-10,-4,-165,-24,2,-121,-13,-10,-109,-2
401,283,0,59,-8,-7,95,-69,-1,101,-133,5,106,-169,16,73,-130,-3,81,-177,-17,78,-121,-18,72,-107,-17,37,-134,-5,53,-186,-22,53,-117,-22,40,-106,-18,7,-131,-9,22,-185,-30,28,-118,-17,13,-103,-3,-27,-130,-13,-6,-164,-27,0,-119,-16,-12,-107,-5
396,281,0,58,-1,-7,99,-65,0,106,-130,8,111,-166,22,76,-124,-2,84,-177,-17,82,-121,-19,76,-105,-19,41,-130,-3,57,-184,-21,57,-117,-22,44,-104,-18,11,-129,-6,26,-185,-27,30,-118,-14,17,-101,-1,-23,-131,-10,-4,-165,-24,1,-119,-14,-10,-106,-3
394,283,0,60,-5,-5,99,-65,1,106,-129,8,112,-166,21,76,-125,-3,84,-175,-19,80,-118,-21,74,-105,-21,40,-130,-6,55,-184,-24,54,-115,-24,43,-105,-21,9,-130,-10,24,-185,-31,28,-117,-17,15,-103,-4,-25,-130,-14,-6,-163,-28,-1,-118,-17,-12,-106,-6
393,282,0,60,1,-7,100,-63,0,106,-130,8,112,-166,22,75,-123,-2,84,-176,-18,80,-119,-21,74,-102,-21,39,-129,-4,56,-182,-23,54,-112,-23,41,-101,-19,8,-128,-7,24,-182,-29,27,-113,-15,13,-99,-1,-25,-131,-11,-5,-162,-26,-1,-115,-15,-13,-104,-4
392,284,0,59,2,-10,102,-62,-4,108,-130,3,111,-166,17,76,-126,-6,86,-179,-22,82,-120,-24,76,-103,-23,41,-131,-7,56,-186,-25,55,-116,-25,43,-104,-20,10,-131,-9,25,-186,-30,28,-117,-16,15,-102,-2,-24,-132,-12,-5,-165,-26,0,-118,-16,-12,-106,-5
398,291,0,59,-7,-7,99,-67,0,104,-131,7,109,-168,19,74,-126,-1,82,-176,-16,80,-122,-18,75,-105,-16,41,-130,-3,53,-183,-21,53,-118,-22,43,-105,-17,11,-129,-7,23,-182,-30,27,-116,-17,16,-103,-4,-24,-128,-11,-6,-162,-26,-2,-117,-15,-13,-104,-4
399,290,0,59,-6,-8,98,-67,-4,104,-132,1,108,-168,11,72,-127,-3,81,-178,-20,79,-123,-23,73,-105,-22,39,-132,-5,52,-183,-24,53,-115,-24,42,-104,-20,8,-131,-9,22,-182,-32,26,-115,-19,15,-101,-5,-25,-128,-13,-6,-162,-28,-1,-118,-18,-12,-105,-6
494,278,0,61,-4,-7,98,-69,-2,100,-135,3,102,-173,13,68,-130,2,77,-183,-12,79,-128,-13,73,-105,-12,34,-135,0,49,-191,-19,52,-122,-21,38,-102,-16,3,-135,-4,18,-191,-26,25,-122,-15,12,-100,-2,-33,-132,-8,-12,-171,-24,-4,-125,-15,-16,-106,-4
504,285,0,58,0,-8,97,-65,-4,102,-132,1,102,-172,11,68,-130,-1,77,-183,-16,79,-128,-19,73,-105,-18,33,-135,-2,49,-188,-21,52,-120,-23,39,-103,-19,2,-134,-5,19,-190,-27,25,-121,-16,12,-101,-3,-33,-133,-9,-11,-170,-25,-3,-123,-16,-15,-107,-6
505,288,0,57,-6,-7,94,-69,-1,98,-134,4,99,-174,14,66,-133,1,75,-184,-14,75,-129,-17,70,-109,-16,32,-136,-1,46,-191,-18,49,-123,-20,37,-108,-16,0,-134,-4,16,-192,-25,22,-125,-14,9,-106,-2,-35,-132,-8,-14,-170,-22,-6,-124,-13,-18,-108,-3
504,284,0,60,0,-8,98,-66,-2,101,-133,4,101,-173,15,68,-131,3,78,-183,-12,79,-126,-14,73,-107,-14,34,-135,1,49,-191,-18,52,-121,-19,39,-104,-15,3,-134,-2,18,-190,-25,25,-121,-13,11,-101,0,-32,-132,-6,-10,-168,-21,-4,-121,-13,-17,-105,-2
504,289,0,59,-5,-6,96,-69,0,98,-135,6,97,-175,16,67,-130,6,75,-181,-7,76,-128,-10,71,-108,-9,33,-136,4,48,-190,-13,51,-124,-16,37,-106,-12,1,-134,0,17,-192,-20,24,-125,-10,10,-103,3,-34,-132,-4,-12,-171,-18,-4,-126,-9,-16,-108,1
502,282,0,59,5,-9,99,-62,-3,103,-132,3,101,-173,14,69,-129,1,78,-179,-14,79,-123,-17,74,-105,-18,33,-133,0,50,-187,-19,53,-118,-21,39,-102,-17,1,-132,-3,18,-188,-25,26,-118,-14,11,-98,-1,-32,-132,-7,-10,-165,-23,-3,-117,-15,-16,-102,-6
505,289,0,57,-4,-9,95,-69,-3,100,-134,2,98,-175,12,65,-133,1,77,-184,-13,78,-130,-14,72,-110,-12,33,-138,0,48,-192,-18,50,-124,-19,38,-107,-14,1,-137,-3,18,-193,-25,23,-124,-14,11,-104,-1,-34,-134,-7,-12,-172,-22,-6,-125,-13,-17,-109,-2
505,286,0,59,0,-8,98,-66,-2,101,-133,4,100,-174,15,69,-132,2,78,-181,-13,79,-126,-17,74,-106,-17,34,-136,1,50,-191,-18,52,-122,-21,39,-104,-17,2,-135,-3,18,-192,-25,25,-122,-14,11,-102,-1,-33,-133,-7,-11,-169,-22,-4,-121,-13,-16,-105,-3
506,288,0,56,0,-10,96,-67,-5,101,-134,0,99,-174,10,66,-132,-3,77,-184,-18,78,-128,-18,71,-106,-16,33,-137,-4,48,-192,-23,51,-124,-24,38,-104,-18,1,-136,-7,18,-191,-29,24,-124,-18,11,-103,-4,-34,-133,-10,-12,-169,-25,-4,-124,-17,-16,-106,-7
507,292,0,59,-2,-10,96,-70,-5,98,-135,0,98,-175,10,66,-135,1,78,-185,-15,80,-129,-16,73,-107,-15,33,-139,0,49,-193,-21,52,-123,-22,39,-104,-16,3,-138,-4,19,-193,-28,27,-123,-16,13,-103,-2,-32,-133,-8,-9,-170,-24,-2,-123,-15,-16,-106,-4
509,295,0,58,-5,-8,95,-71,-3,97,-136,2,97,-175,12,66,-133,2,76,-185,-13,78,-129,-16,71,-108,-14,33,-137,1,48,-192,-19,52,-124,-20,38,-107,-16,2,-137,-3,17,-193,-26,25,-124,-15,11,-104,-1,-33,-134,-8,-11,-171,-23,-4,-124,-13,-17,-108,-2
616,396,0,39,-35,-10,55,-105,-10,58,-155,-12,69,-188,-7,25,-154,10,47,-180,-11,47,-133,-17,36,-124,-20,2,-151,5,26,-174,-20,31,-118,-21,18,-114,-17,-20,-140,-5,6,-162,-34,14,-108,-25,0,-101,-12,-42,-124,-15,-12,-138,-34,-4,-102,-27,-17,-93,-17
615,396,0,41,-33,-12,57,-104,-12,60,-155,-13,69,-188,-8,31,-150,7,49,-180,-14,50,-132,-20,39,-124,-23,6,-148,3,28,-173,-20,32,-118,-21,20,-115,-17,-17,-137,-5,6,-161,-33,14,-108,-24,0,-103,-11,-40,-123,-14,-13,-137,-33,-4,-101,-25,-18,-94,-16
616,398,0,40,-33,-10,57,-105,-10,60,-155,-11,71,-187,-7,31,-153,7,50,-180,-13,50,-132,-19,38,-126,-22,6,-150,3,27,-176,-21,31,-119,-22,20,-116,-18,-18,-139,-6,5,-163,-34,13,-110,-24,-1,-103,-12,-41,-123,-16,-13,-139,-34,-6,-102,-26,-19,-95,-16
616,397,0,41,-31,-9,58,-104,-8,61,-155,-8,72,-187,-2,31,-150,6,48,-180,-14,50,-131,-19,38,-123,-21,6,-146,1,27,-174,-22,32,-117,-22,20,-113,-17,-18,-135,-8,4,-162,-35,13,-107,-25,0,-100,-12,-41,-120,-17,-14,-137,-35,-7,-100,-27,-20,-91,-17
617,402,0,40,-32,-9,56,-106,-8,59,-158,-8,69,-188,-2,28,-150,5,45,-182,-15,47,-132,-19,37,-124,-21,3,-144,1,24,-175,-25,29,-115,-24,18,-113,-18,-19,-133,-9,3,-161,-38,11,-104,-26,-3,-98,-13,-42,-118,-19,-17,-135,-37,-8,-97,-28,-21,-89,-18
618,405,0,40,-30,-10,56,-106,-9,57,-157,-8,69,-188,-1,28,-150,4,44,-182,-16,46,-132,-19,36,-124,-20,3,-144,0,23,-174,-24,28,-116,-22,17,-113,-16,-20,-133,-9,1,-160,-37,10,-105,-25,-3,-99,-12,-43,-118,-18,-17,-136,-36,-9,-98,-28,-21,-90,-18
619,407,0,40,-29,-12,56,-105,-10,58,-158,-10,68,-188,-2,29,-149,5,46,-182,-15,46,-132,-20,37,-124,-21,4,-144,2,25,-175,-23,30,-116,-23,18,-114,-17,-18,-133,-7,3,-162,-36,12,-107,-25,-2,-101,-12,-41,-118,-16,-15,-138,-35,-7,-99,-27,-21,-91,-18
619,407,0,41,-28,-12,57,-102,-11,58,-156,-11,69,-188,-3,31,-149,3,45,-183,-18,48,-132,-22,38,-125,-23,6,-143,0,23,-176,-25,28,-117,-24,17,-114,-19,-18,-132,-8,0,-163,-38,10,-106,-26,-4,-101,-13,-42,-118,-17,-18,-137,-35,-11,-99,-27,-24,-92,-18
617,407,0,40,-27,-12,57,-102,-11,59,-155,-11,68,-188,-4,32,-149,2,46,-182,-18,49,-132,-21,40,-124,-22,6,-143,-1,23,-176,-26,29,-116,-25,18,-114,-19,-18,-133,-9,2,-160,-38,10,-105,-27,-3,-100,-14,-41,-119,-17,-18,-137,-36,-9,-99,-28,-22,-92,-18
615,408,0,41,-29,-10,56,-104,-9,57,-157,-8,68,-188,0,31,-148,3,42,-184,-17,46,-133,-21,37,-124,-21,5,-142,0,20,-176,-25,28,-117,-24,17,-114,-19,-19,-130,-8,-3,-162,-37,8,-107,-26,-5,-100,-12,-43,-115,-17,-22,-135,-35,-12,-97,-27,-26,-90,-17
612,409,0,41,-25,-12,59,-101,-11,60,-156,-9,70,-188,-1,33,-150,2,47,-186,-19,48,-133,-23,40,-127,-24,7,-144,-1,23,-178,-25,28,-118,-24,17,-116,-18,-18,-133,-8,0,-162,-35,8,-106,-24,-4,-102,-11,-41,-119,-15,-20,-137,-32,-12,-99,-23,-24,-92,-14
608,409,0,40,-23,-12,63,-98,-11,67,-154,-8,79,-184,1,39,-144,1,50,-183,-20,50,-130,-25,42,-123,-27,11,-137,-1,26,-175,-24,30,-115,-24,20,-113,-18,-13,-126,-7,2,-160,-32,10,-105,-20,-1,-101,-7,-38,-115,-14,-18,-133,-29,-11,-95,-20,-23,-90,-11
606,407,0,42,-24,-10,63,-96,-8,69,-152,-5,80,-183,4,41,-145,0,50,-184,-19,52,-130,-24,44,-125,-26,13,-138,-2,25,-176,-24,31,-115,-23,21,-115,-19,-11,-126,-8,1,-161,-33,10,-106,-20,0,-103,-8,-36,-114,-15,-19,-133,-30,-11,-96,-21,-22,-92,-12
604,405,0,40,-22,-11,64,-95,-9,70,-152,-6,81,-183,4,43,-142,-1,51,-183,-20,53,-129,-25,45,-123,-26,14,-136,-3,27,-175,-24,32,-115,-23,22,-115,-18,-10,-124,-8,2,-160,-33,12,-105,-20,0,-102,-7,-35,-113,-15,-19,-132,-30,-11,-96,-21,-22,-92,-12
628,376,0,38,-27,-12,62,-94,-13,76,-147,-12,93,-177,-5,47,-143,-1,55,-184,-22,54,-131,-29,47,-126,-32,19,-139,-3,29,-177,-24,32,-118,-24,24,-120,-21,-7,-127,-9,3,-165,-33,11,-110,-20,1,-111,-7,-32,-117,-16,-19,-136,-30,-12,-101,-20,-22,-98,-10
631,373,0,38,-29,-10,64,-97,-10,76,-149,-9,94,-177,-1,48,-143,1,55,-184,-20,53,-130,-28,46,-126,-32,18,-137,-2,29,-177,-23,31,-116,-24,22,-118,-20,-8,-126,-8,3,-166,-31,10,-109,-17,0,-108,-4,-34,-116,-15,-19,-137,-28,-13,-100,-17,-23,-96,-6
635,372,0,39,-31,-9,62,-96,-9,74,-149,-9,91,-178,-3,45,-142,1,53,-184,-20,54,-132,-27,47,-127,-30,17,-137,-2,27,-176,-23,32,-116,-23,22,-118,-20,-8,-124,-9,3,-166,-32,11,-111,-19,0,-108,-6,-34,-115,-17,-20,-137,-30,-12,-101,-19,-23,-96,-9
690,362,0,40,-29,-9,64,-97,-8,75,-148,-6,91,-179,2,46,-145,2,57,-184,-17,55,-130,-24,46,-128,-27,17,-140,-1,31,-180,-21,33,-120,-22,23,-121,-19,-8,-128,-7,4,-169,-29,13,-113,-18,0,-111,-6,-34,-119,-14,-17,-140,-27,-10,-104,-18,-22,-101,-9
694,362,0,42,-28,-9,64,-95,-9,75,-147,-8,89,-179,-1,46,-146,2,55,-187,-18,56,-134,-25,48,-130,-28,17,-141,-1,30,-182,-23,35,-120,-24,24,-120,-20,-8,-129,-8,5,-172,-32,13,-114,-20,0,-111,-7,-35,-119,-15,-18,-143,-29,-11,-105,-20,-22,-101,-10
694,363,0,40,-28,-9,64,-95,-9,74,-148,-9,88,-180,-3,45,-146,1,55,-188,-19,56,-134,-25,48,-128,-28,18,-142,-2,31,-183,-24,35,-122,-25,24,-121,-21,-7,-131,-9,5,-174,-33,13,-116,-21,0,-112,-9,-34,-121,-17,-17,-143,-32,-10,-106,-22,-22,-101,-12
694,364,0,43,-29,-9,64,-96,-8,73,-148,-8,87,-180,-1,46,-146,3,55,-189,-17,57,-136,-24,48,-128,-26,19,-141,0,30,-184,-22,35,-121,-23,25,-120,-19,-7,-131,-7,5,-173,-32,13,-115,-21,1,-111,-8,-34,-120,-15,-17,-144,-31,-10,-107,-21,-22,-102,-12
700,365,0,42,-28,-8,64,-98,-6,73,-150,-5,88,-180,3,44,-146,2,54,-188,-18,55,-134,-23,47,-127,-25,16,-142,-1,31,-184,-23,34,-122,-23,23,-119,-19,-9,-133,-9,5,-173,-33,13,-115,-21,0,-111,-8,-36,-123,-17,-17,-147,-32,-10,-108,-22,-22,-102,-12
698,367,0,41,-29,-10,64,-95,-10,73,-147,-11,88,-180,-5,44,-145,2,54,-187,-18,57,-134,-24,49,-127,-26,19,-142,0,30,-182,-22,35,-122,-23,24,-120,-19,-6,-132,-7,6,-173,-32,14,-117,-20,2,-112,-7,-34,-122,-14,-15,-145,-29,-8,-108,-20,-20,-102,-10
697,366,0,41,-28,-8,64,-95,-7,74,-148,-6,89,-180,1,49,-148,5,58,-188,-15,58,-133,-22,50,-129,-25,21,-143,1,33,-184,-20,36,-122,-22,26,-122,-18,-6,-132,-6,6,-175,-30,14,-117,-18,2,-113,-5,-33,-124,-14,-16,-145,-28,-9,-108,-19,-21,-104,-9
697,368,0,43,-30,-7,63,-98,-6,73,-149,-6,87,-181,1,47,-147,3,55,-189,-17,57,-136,-22,49,-128,-24,19,-142,-1,31,-183,-22,35,-122,-22,25,-121,-18,-6,-132,-9,6,-174,-34,14,-116,-22,2,-113,-9,-34,-122,-17,-16,-145,-34,-9,-108,-25,-21,-103,-15
696,366,0,44,-31,-9,65,-95,-8,75,-147,-8,88,-180,-2,49,-146,5,58,-187,-15,58,-134,-21,50,-128,-23,20,-142,2,32,-182,-20,36,-122,-22,26,-121,-19,-6,-131,-5,7,-173,-30,15,-116,-20,2,-111,-7,-33,-121,-13,-16,-144,-28,-9,-107,-19,-21,-102,-9
696,365,0,44,-30,-8,67,-96,-7,75,-148,-6,89,-179,1,50,-145,4,58,-186,-16,58,-132,-22,51,-126,-25,21,-140,0,33,-181,-21,36,-120,-22,26,-119,-19,-5,-129,-7,6,-173,-31,14,-115,-19,3,-111,-7,-32,-120,-14,-15,-143,-29,-8,-106,-20,-20,-102,-10
699,365,0,42,-29,-10,66,-95,-9,75,-147,-9,88,-180,-2,48,-147,3,58,-187,-17,57,-133,-23,50,-128,-26,20,-143,-1,33,-184,-23,36,-122,-24,25,-120,-20,-6,-132,-8,7,-174,-33,15,-116,-21,2,-113,-8,-33,-122,-15,-15,-145,-31,-8,-109,-22,-20,-104,-11
700,366,0,44,-31,-8,64,-98,-5,74,-149,-4,87,-180,3,47,-146,8,57,-187,-11,57,-134,-18,49,-127,-21,19,-142,4,32,-183,-17,35,-122,-19,25,-120,-16,-5,-132,-4,7,-175,-29,14,-116,-18,2,-112,-5,-33,-123,-12,-15,-145,-27,-9,-108,-18,-21,-103,-8
815,313,0,43,-23,-8,72,-93,-4,82,-146,0,98,-175,10,55,-142,2,66,-179,-16,64,-127,-18,54,-123,-19,25,-140,-2,41,-180,-23,43,-118,-22,30,-117,-17,-2,-131,-9,13,-174,-34,21,-114,-21,6,-109,-8,-30,-123,-16,-9,-146,-33,-3,-107,-24,-17,-102,-14
816,316,0,44,-21,-8,72,-92,-2,83,-146,3,99,-174,16,54,-143,2,67,-179,-15,63,-127,-18,54,-125,-20,24,-140,0,42,-181,-21,42,-118,-20,30,-117,-16,-3,-130,-7,13,-174,-31,20,-114,-19,6,-110,-6,-30,-124,-13,-9,-147,-30,-3,-108,-21,-17,-103,-12
823,322,0,45,-26,-5,71,-97,1,81,-148,5,95,-176,15,52,-143,4,63,-184,-14,62,-131,-17,54,-124,-17,23,-140,-1,39,-182,-22,41,-120,-20,29,-117,-15,-4,-131,-9,13,-176,-34,20,-117,-21,6,-109,-8,-32,-124,-17,-10,-149,-34,-4,-110,-25,-17,-103,-16
821,321,0,48,-22,-6,76,-92,0,84,-147,6,97,-175,19,55,-142,4,67,-182,-13,65,-128,-15,56,-121,-15,26,-139,0,42,-182,-21,43,-118,-19,32,-114,-13,0,-131,-7,15,-174,-32,21,-114,-19,8,-107,-5,-29,-124,-15,-9,-148,-31,-3,-108,-22,-16,-102,-12
827,320,0,49,-25,-7,75,-92,-1,83,-146,5,98,-175,16,57,-143,6,70,-180,-12,66,-127,-14,57,-123,-14,27,-141,1,45,-182,-20,45,-119,-19,33,-117,-13,0,-132,-7,16,-175,-34,22,-113,-22,8,-109,-8,-29,-125,-15,-8,-147,-33,-2,-108,-24,-16,-102,-14
831,325,0,45,-23,-8,71,-95,-2,80,-147,3,93,-177,15,53,-143,4,65,-181,-12,63,-128,-15,53,-123,-15,24,-141,1,40,-182,-20,41,-120,-19,30,-116,-13,-2,-132,-6,13,-174,-32,19,-114,-20,5,-109,-7,-31,-124,-14,-11,-147,-31,-4,-108,-22,-18,-102,-11
831,322,0,47,-21,-7,74,-92,-1,84,-146,4,97,-175,16,56,-142,5,70,-182,-13,67,-129,-16,58,-123,-16,28,-140,1,45,-182,-21,45,-119,-20,34,-116,-14,1,-133,-7,18,-175,-34,23,-114,-22,8,-109,-8,-28,-127,-15,-7,-150,-33,-1,-109,-23,-16,-104,-13
830,324,0,44,-22,-7,73,-93,-2,84,-146,3,98,-175,15,57,-145,5,69,-180,-12,64,-127,-17,55,-124,-19,27,-142,2,44,-181,-19,44,-118,-19,32,-117,-15,1,-132,-5,16,-175,-30,23,-115,-18,9,-110,-6,-27,-125,-13,-6,-148,-29,0,-110,-21,-13,-105,-11
831,325,0,48,-27,-5,72,-95,1,82,-146,5,95,-176,15,55,-142,7,66,-183,-12,65,-131,-17,57,-122,-18,27,-140,2,42,-181,-20,44,-120,-20,33,-116,-15,1,-132,-7,17,-176,-33,22,-116,-22,9,-108,-8,-27,-124,-16,-7,-150,-33,0,-111,-24,-15,-104,-14
832,325,0,46,-23,-7,72,-93,-2,81,-148,1,94,-177,11,55,-145,5,65,-185,-14,64,-131,-18,56,-123,-19,26,-142,0,41,-182,-21,44,-120,-21,32,-116,-16,0,-133,-8,15,-177,-34,22,-116,-21,8,-109,-8,-28,-126,-16,-8,-151,-34,-2,-110,-24,-16,-104,-14
874,450,0,42,-17,-13,67,-95,-10,76,-152,-7,75,-186,3,42,-147,-1,62,-175,-19,59,-124,-22,47,-120,-24,14,-144,-4,38,-176,-29,39,-115,-29,26,-113,-24,-11,-134,-11,11,-166,-40,19,-108,-29,3,-103,-16,-36,-123,-18,-9,-141,-38,-1,-103,-31,-17,-97,-22
870,447,0,42,-15,-11,68,-93,-7,78,-150,-3,84,-182,7,42,-145,-2,61,-176,-19,59,-126,-21,47,-121,-21,14,-142,-5,37,-176,-29,40,-114,-28,26,-111,-22,-11,-131,-12,11,-166,-40,19,-107,-28,3,-100,-14,-37,-121,-19,-11,-141,-38,-3,-101,-30,-18,-94,-20
867,450,0,42,-18,-9,68,-93,-6,79,-147,-3,91,-178,6,45,-149,0,63,-180,-17,60,-129,-18,47,-125,-19,16,-147,-4,40,-180,-27,41,-119,-27,26,-117,-22,-9,-136,-11,13,-170,-38,21,-111,-27,3,-106,-14,-35,-125,-18,-8,-144,-37,0,-105,-28,-16,-99,-20
825,460,0,47,-16,-7,81,-85,-2,94,-141,2,105,-171,13,60,-139,-1,75,-177,-16,68,-122,-19,58,-118,-19,31,-139,-5,48,-183,-22,46,-116,-20,34,-113,-15,3,-134,-11,18,-180,-32,23,-115,-18,8,-107,-5,-28,-130,-17,-9,-156,-30,-4,-114,-20,-17,-107,-10
818,463,0,46,-17,-8,82,-84,-4,94,-140,0,107,-169,9,60,-139,-2,75,-178,-17,69,-123,-19,60,-117,-19,32,-139,-4,48,-180,-22,47,-116,-20,34,-112,-15,4,-133,-10,19,-177,-32,23,-114,-19,9,-107,-6,-27,-128,-15,-7,-153,-29,-2,-111,-19,-16,-104,-9
816,465,0,45,-16,-8,80,-82,-5,95,-137,-3,107,-169,5,58,-138,-3,75,-177,-18,70,-121,-21,59,-116,-22,31,-139,-6,48,-181,-24,47,-115,-22,34,-112,-18,3,-133,-12,20,-177,-34,23,-114,-21,9,-106,-8,-28,-128,-18,-7,-154,-32,-1,-111,-21,-15,-104,-11
812,467,0,47,-17,-6,80,-86,-2,93,-142,2,104,-171,11,60,-141,-1,74,-180,-17,69,-124,-18,59,-117,-18,30,-141,-5,47,-182,-23,46,-115,-21,34,-113,-15,2,-134,-11,18,-178,-34,23,-114,-21,8,-107,-8,-27,-129,-18,-7,-154,-32,-2,-110,-22,-16,-103,-11
813,475,0,43,-17,-9,76,-86,-7,87,-142,-4,100,-174,5,55,-142,-5,68,-182,-21,65,-126,-24,56,-120,-25,26,-142,-7,43,-182,-25,43,-116,-23,30,-115,-18,0,-135,-12,15,-178,-33,20,-115,-20,7,-109,-7,-30,-129,-17,-10,-154,-31,-6,-112,-20,-18,-104,-10
845,542,0,44,-4,-10,72,-87,-4,72,-151,4,75,-186,16,40,-144,-1,60,-170,-16,56,-118,-19,48,-113,-22,6,-139,-2,35,-173,-24,37,-110,-26,24,-102,-23,-19,-129,-6,6,-163,-30,15,-105,-21,-1,-92,-11,-44,-123,-11,-13,-140,-27,-7,-98,-22,-22,-90,-16
860,583,0,44,-5,-14,74,-89,-10,74,-152,-5,72,-187,5,35,-152,-2,61,-176,-18,58,-122,-21,48,-117,-23,5,-149,-3,37,-177,-25,39,-113,-24,26,-107,-19,-19,-139,-8,12,-165,-35,18,-103,-24,3,-94,-13,-43,-128,-14,-8,-140,-33,-1,-97,-27,-18,-89,-21
815,619,0,42,-23,-15,65,-95,-17,61,-153,-18,60,-191,-13,32,-159,-1,64,-176,-23,59,-125,-28,41,-121,-30,5,-160,-4,40,-178,-29,39,-116,-28,21,-114,-22,-21,-151,-12,14,-167,-42,18,-106,-31,0,-101,-18,-44,-134,-20,-7,-142,-41,-1,-101,-34,-18,-94,-25
815,619,0,42,-23,-16,61,-93,-18,61,-150,-20,57,-192,-16,27,-156,0,55,-174,-20,53,-125,-25,38,-118,-27,3,-156,-2,35,-175,-26,36,-114,-26,21,-110,-20,-20,-146,-8,13,-164,-40,18,-103,-30,1,-95,-18,-42,-130,-16,-6,-139,-38,0,-98,-32,-16,-90,-24
817,619,0,41,-22,-17,64,-94,-20,64,-151,-22,63,-190,-17,29,-157,-3,60,-176,-25,57,-124,-30,40,-116,-31,4,-158,-5,40,-177,-29,39,-116,-28,22,-112,-21,-20,-148,-12,16,-165,-41,19,-105,-31,1,-97,-17,-43,-131,-19,-6,-141,-39,0,-100,-33,-17,-91,-23
818,617,0,44,-23,-15,66,-96,-18,64,-152,-20,60,-191,-16,29,-155,-2,61,-173,-23,57,-121,-27,40,-115,-29,4,-155,-5,38,-175,-30,39,-113,-29,23,-108,-23,-20,-145,-12,16,-161,-42,20,-101,-32,2,-93,-19,-42,-129,-20,-5,-138,-41,1,-97,-35,-16,-89,-26
822,619,0,41,-24,-14,60,-95,-17,61,-151,-19,60,-191,-15,26,-158,1,57,-176,-20,54,-124,-25,38,-116,-27,1,-158,-2,35,-177,-26,37,-116,-25,21,-111,-20,-22,-148,-10,14,-164,-40,18,-104,-30,0,-96,-17,-44,-131,-19,-6,-140,-40,0,-99,-33,-18,-91,-24
822,622,0,41,-25,-16,62,-96,-18,60,-153,-20,56,-192,-17,29,-160,-1,59,-176,-22,58,-127,-26,41,-121,-28,3,-161,-4,35,-177,-27,38,-117,-25,22,-115,-19,-21,-151,-11,13,-165,-41,18,-105,-31,0,-98,-18,-43,-134,-19,-6,-141,-40,0,-101,-34,-18,-94,-25
821,626,0,40,-24,-14,59,-95,-17,62,-151,-19,62,-190,-16,24,-161,2,54,-176,-18,52,-126,-25,36,-120,-29,0,-160,-1,34,-176,-24,36,-117,-24,20,-115,-20,-22,-150,-9,13,-163,-37,18,-106,-28,0,-101,-16,-41,-133,-17,-6,-141,-37,0,-103,-31,-17,-96,-22
853,819,0,41,-31,-12,55,-105,-14,52,-156,-16,59,-191,-12,12,-165,-1,47,-176,-22,47,-127,-31,33,-118,-37,-13,-159,-5,28,-164,-28,31,-111,-28,18,-109,-25,-31,-142,-14,10,-145,-39,16,-96,-30,2,-93,-20,-44,-121,-24,-8,-119,-40,0,-87,-35,-13,-83,-28
867,836,0,38,-35,-11,51,-106,-14,51,-155,-17,60,-191,-14,7,-163,1,42,-177,-21,43,-130,-28,28,-122,-33,-17,-157,-4,26,-164,-29,30,-111,-30,16,-109,-27,-33,-141,-14,9,-143,-41,16,-96,-32,1,-92,-21,-44,-120,-25,-7,-120,-42,0,-88,-36,-13,-84,-29
867,837,0,39,-36,-8,51,-107,-10,51,-156,-12,60,-191,-9,8,-164,4,43,-177,-17,44,-129,-25,30,-120,-30,-15,-159,-3,27,-164,-26,30,-111,-26,16,-108,-22,-32,-142,-13,10,-145,-39,16,-96,-29,1,-93,-19,-43,-121,-25,-6,-120,-41,0,-89,-36,-13,-85,-29
866,835,0,40,-37,-10,51,-109,-11,50,-158,-13,59,-191,-10,7,-165,4,41,-179,-17,43,-131,-25,28,-123,-31,-17,-160,-1,24,-166,-24,28,-114,-25,14,-112,-22,-34,-143,-11,7,-145,-37,14,-97,-28,-1,-94,-18,-46,-122,-22,-8,-120,-39,-2,-87,-34,-15,-83,-27
865,835,0,39,-36,-8,50,-108,-9,50,-158,-11,59,-192,-7,5,-165,4,41,-179,-19,42,-130,-28,28,-122,-33,-18,-158,-3,24,-165,-27,28,-113,-28,14,-110,-25,-35,-141,-14,8,-145,-40,14,-96,-31,-1,-94,-21,-46,-120,-26,-8,-120,-42,-1,-88,-37,-15,-84,-30
864,836,0,40,-39,-9,52,-109,-12,51,-156,-15,60,-191,-13,6,-164,2,42,-178,-19,43,-129,-28,29,-120,-33,-17,-158,-4,25,-164,-27,29,-112,-28,15,-109,-25,-34,-141,-15,9,-145,-39,15,-97,-30,0,-93,-20,-45,-119,-26,-8,-120,-41,0,-88,-35,-14,-83,-28
865,837,0,38,-34,-12,51,-106,-15,50,-155,-19,60,-191,-17,4,-164,1,40,-177,-22,42,-129,-30,27,-122,-36,-19,-158,-4,24,-165,-29,28,-112,-30,14,-111,-27,-35,-141,-14,9,-145,-41,15,-98,-32,0,-94,-21,-46,-120,-25,-7,-120,-42,0,-87,-37,-15,-83,-30
865,838,0,39,-35,-10,51,-106,-11,51,-156,-13,60,-191,-10,9,-163,4,42,-177,-17,44,-130,-25,30,-120,-31,-14,-158,-1,25,-163,-24,30,-112,-25,16,-109,-22,-32,-142,-11,8,-145,-36,16,-97,-27,1,-94,-17,-44,-121,-22,-7,-119,-38,0,-89,-33,-14,-84,-26
865,838,0,39,-37,-10,51,-108,-11,51,-157,-14,58,-192,-10,7,-166,3,41,-179,-19,43,-130,-28,30,-121,-32,-16,-159,-3,25,-165,-27,29,-112,-28,15,-109,-25,-33,-142,-14,8,-145,-40,14,-96,-32,0,-93,-21,-46,-121,-25,-8,-121,-41,-2,-88,-35,-15,-83,-27
863,839,0,39,-36,-8,51,-108,-8,51,-157,-10,60,-191,-7,6,-163,4,41,-176,-17,42,-128,-25,28,-120,-30,-17,-157,-3,25,-163,-26,28,-110,-27,14,-109,-23,-34,-140,-14,9,-143,-39,15,-95,-30,0,-92,-20,-44,-118,-26,-7,-119,-42,0,-87,-36,-14,-82,-29
854,843,0,40,-36,-9,53,-107,-10,54,-156,-12,63,-190,-9,11,-162,5,46,-174,-17,47,-127,-26,32,-120,-33,-12,-158,-1,29,-162,-24,32,-111,-25,18,-109,-22,-30,-142,-12,13,-142,-35,18,-97,-26,3,-95,-17,-41,-122,-23,-4,-119,-37,2,-88,-32,-12,-85,-26
853,843,0,39,-36,-9,52,-108,-10,55,-155,-13,65,-189,-10,10,-164,4,46,-176,-18,46,-128,-28,30,-121,-34,-14,-159,-3,28,-164,-26,31,-112,-27,16,-109,-24,-30,-143,-14,11,-144,-38,17,-97,-29,2,-94,-19,-43,-123,-26,-5,-120,-40,0,-88,-34,-13,-84,-27
580,849,0,37,-30,-12,57,-99,-10,69,-152,-9,85,-181,1,43,-138,5,49,-178,-16,47,-126,-23,41,-123,-27,17,-134,4,25,-169,-17,27,-113,-17,21,-116,-13,-8,-122,-2,1,-154,-24,9,-104,-10,2,-105,3,-30,-112,-9,-20,-126,-19,-13,-95,-8,-19,-92,3
578,845,0,37,-29,-13,58,-97,-13,69,-152,-12,85,-182,-4,43,-139,3,50,-179,-17,49,-128,-23,44,-122,-25,18,-135,2,25,-171,-19,28,-114,-17,23,-116,-11,-6,-124,-4,2,-155,-27,8,-104,-13,2,-104,1,-30,-113,-11,-19,-128,-22,-13,-96,-11,-19,-93,1
575,843,0,37,-29,-13,57,-98,-12,68,-152,-11,84,-182,-4,43,-140,4,49,-179,-16,48,-129,-22,42,-122,-23,18,-136,3,25,-171,-18,28,-115,-16,21,-116,-10,-7,-124,-3,2,-155,-27,8,-104,-14,2,-105,0,-31,-113,-11,-20,-129,-23,-14,-96,-12,-21,-93,-1
574,842,0,37,-29,-11,57,-99,-8,68,-153,-5,83,-182,5,43,-140,5,49,-179,-14,47,-127,-20,42,-124,-23,16,-135,4,24,-171,-16,27,-114,-15,21,-117,-11,-8,-122,-1,0,-156,-22,8,-106,-9,1,-106,3,-32,-112,-8,-21,-128,-18,-14,-96,-7,-20,-93,3
574,848,0,38,-31,-11,57,-100,-7,67,-153,-3,82,-183,8,40,-143,5,48,-179,-14,46,-127,-20,39,-125,-23,14,-137,4,23,-168,-14,27,-114,-14,18,-118,-11,-10,-123,-1,0,-155,-22,9,-105,-11,0,-106,0,-33,-113,-8,-20,-127,-19,-12,-97,-10,-21,-94,0
575,849,0,37,-31,-13,57,-101,-11,66,-153,-9,81,-183,1,40,-142,4,46,-180,-16,46,-129,-22,41,-124,-25,15,-136,3,22,-170,-18,26,-114,-17,20,-116,-12,-10,-124,-2,0,-154,-25,7,-104,-13,0,-106,0,-33,-113,-9,-21,-126,-20,-14,-94,-10,-21,-92,0
575,850,0,36,-32,-11,57,-101,-8,66,-153,-5,81,-183,6,40,-142,5,47,-179,-14,45,-127,-21,39,-124,-24,13,-137,4,22,-170,-15,26,-114,-15,18,-118,-12,-10,-123,-1,-2,-155,-21,7,-105,-9,0,-106,3,-33,-112,-7,-22,-126,-16,-14,-95,-5,-21,-92,4
576,851,0,36,-32,-11,57,-103,-9,65,-154,-5,80,-183,5,39,-143,3,45,-179,-16,45,-127,-22,39,-123,-24,12,-136,2,21,-170,-18,26,-114,-17,18,-117,-14,-12,-123,-4,-3,-153,-24,7,-104,-12,-1,-105,-1,-34,-111,-10,-22,-126,-21,-14,-94,-10,-22,-92,0
576,853,0,37,-31,-14,56,-101,-11,65,-153,-8,80,-183,3,37,-142,4,45,-178,-16,45,-127,-23,38,-124,-26,11,-136,4,21,-168,-16,25,-113,-17,17,-117,-13,-13,-123,0,-2,-151,-22,7,-103,-11,-1,-105,0,-34,-112,-6,-21,-124,-17,-13,-93,-8,-21,-91,1
581,852,0,38,-32,-11,56,-102,-9,64,-155,-8,80,-184,1,38,-140,4,44,-179,-15,46,-128,-21,40,-122,-23,12,-133,3,20,-166,-17,27,-112,-17,18,-113,-13,-12,-120,-2,-3,-151,-24,8,-102,-12,0,-101,0,-35,-108,-9,-22,-125,-20,-13,-94,-9,-21,-89,1
578,856,0,37,-31,-13,56,-100,-11,66,-153,-7,82,-183,4,38,-141,4,47,-176,-15,46,-125,-22,38,-123,-25,11,-135,5,24,-168,-16,27,-112,-18,18,-116,-15,-12,-121,1,0,-150,-21,9,-102,-10,0,-104,0,-33,-112,-3,-19,-124,-15,-10,-93,-6,-20,-92,3
579,854,0,38,-31,-12,58,-102,-10,66,-154,-7,81,-183,4,38,-142,4,46,-177,-16,47,-127,-22,40,-123,-24,12,-135,3,22,-167,-18,27,-112,-19,18,-114,-15,-11,-122,-2,0,-150,-26,9,-100,-16,0,-102,-4,-34,-111,-8,-19,-124,-21,-11,-92,-12,-21,-89,-2
580,853,0,37,-32,-12,57,-104,-10,66,-155,-7,80,-184,2,37,-142,4,46,-177,-15,45,-128,-21,39,-122,-22,13,-136,3,21,-168,-19,25,-113,-18,18,-114,-13,-11,-125,-3,0,-151,-27,7,-101,-16,0,-102,-3,-34,-112,-10,-21,-125,-23,-14,-93,-13,-22,-90,-3
578,852,0,37,-30,-12,57,-101,-9,66,-155,-6,81,-183,4,39,-141,4,47,-177,-15,46,-125,-21,39,-122,-23,13,-135,3,23,-168,-19,26,-112,-19,18,-114,-14,-11,-122,-2,0,-151,-25,8,-101,-14,0,-102,-1,-33,-112,-8,-19,-123,-20,-13,-91,-10,-22,-89,-1
453,887,0,37,-35,-13,55,-105,-11,64,-155,-8,79,-184,2,37,-138,6,43,-173,-14,42,-125,-21,37,-122,-24,11,-131,5,18,-163,-16,23,-110,-17,16,-113,-13,-12,-117,0,-4,-145,-24,5,-97,-13,-2,-99,-1,-34,-105,-7,-23,-118,-19,-15,-87,-9,-22,-84,0
454,890,0,35,-34,-14,54,-106,-11,61,-155,-7,78,-184,4,35,-140,4,41,-174,-15,41,-124,-23,34,-123,-26,8,-134,5,18,-165,-16,22,-111,-18,14,-115,-14,-15,-118,0,-5,-145,-22,5,-98,-12,-3,-101,-1,-35,-106,-5,-23,-118,-16,-14,-88,-7,-23,-86,1
453,886,0,36,-34,-15,55,-104,-14,64,-155,-11,78,-184,-1,35,-139,6,42,-175,-16,42,-128,-23,36,-122,-25,11,-131,6,18,-163,-17,23,-110,-17,17,-112,-13,-12,-118,1,-4,-143,-24,4,-96,-13,-2,-98,-1,-34,-106,-4,-24,-119,-17,-15,-87,-8,-22,-84,3
454,890,0,35,-37,-12,54,-108,-9,62,-156,-5,77,-185,7,36,-142,7,41,-176,-12,40,-126,-19,34,-124,-23,9,-135,7,18,-167,-14,22,-112,-15,14,-117,-12,-14,-120,1,-5,-147,-20,4,-100,-10,-3,-103,1,-35,-108,-5,-24,-119,-15,-15,-89,-6,-24,-88,2
451,889,0,36,-32,-14,56,-103,-11,63,-155,-8,79,-184,2,37,-140,5,44,-176,-16,43,-126,-23,36,-124,-26,11,-133,5,20,-166,-18,23,-111,-18,17,-115,-14,-12,-119,0,-4,-146,-24,5,-98,-13,-2,-100,-1,-34,-107,-6,-24,-119,-19,-15,-88,-9,-22,-87,0
452,888,0,37,-34,-14,56,-106,-11,62,-156,-8,76,-185,3,36,-142,3,42,-177,-18,41,-127,-25,35,-124,-28,11,-134,3,18,-167,-19,22,-112,-20,15,-115,-15,-13,-121,-2,-5,-147,-26,4,-98,-15,-3,-101,-3,-35,-108,-9,-25,-119,-21,-17,-87,-11,-24,-86,-2
452,887,0,36,-34,-15,56,-105,-14,62,-155,-12,78,-185,-3,36,-140,5,41,-177,-16,42,-128,-22,36,-123,-24,12,-133,5,17,-165,-18,22,-111,-18,16,-114,-13,-13,-120,0,-4,-145,-26,4,-96,-15,-2,-99,-3,-35,-106,-7,-24,-120,-20,-16,-88,-10,-23,-86,0
450,889,0,36,-33,-15,54,-104,-13,62,-155,-10,77,-185,0,37,-141,5,43,-177,-16,41,-128,-23,35,-125,-26,12,-135,5,19,-168,-18,22,-113,-18,16,-118,-14,-13,-121,0,-4,-148,-25,4,-99,-15,-3,-104,-3,-34,-109,-7,-23,-119,-20,-15,-89,-11,-23,-88,-3
449,887,0,37,-34,-13,56,-106,-10,62,-156,-7,77,-185,5,38,-141,5,44,-176,-16,42,-126,-23,37,-124,-26,11,-133,4,20,-167,-19,22,-111,-19,16,-116,-15,-13,-119,-1,-4,-146,-26,4,-97,-15,-3,-102,-3,-35,-107,-8,-24,-119,-20,-16,-87,-10,-23,-87,-1
431,863,0,38,-30,-12,59,-102,-8,65,-156,-3,79,-184,10,38,-140,5,45,-176,-14,42,-125,-20,36,-121,-23,13,-133,5,21,-165,-16,24,-109,-15,18,-113,-11,-11,-119,0,-3,-147,-22,5,-97,-10,-3,-100,1,-33,-108,-6,-23,-119,-17,-16,-87,-9,-24,-86,-1
286,923,0,39,-30,-10,59,-102,-5,69,-154,-1,86,-181,11,45,-137,7,52,-175,-12,47,-124,-18,41,-121,-22,19,-131,6,27,-163,-15,27,-109,-15,22,-114,-11,-5,-118,0,3,-145,-21,9,-98,-9,4,-101,2,-28,-106,-7,-19,-117,-17,-12,-87,-7,-16,-86,2
285,922,0,39,-30,-12,59,-101,-9,69,-153,-6,85,-181,4,44,-136,7,51,-173,-13,47,-125,-18,41,-120,-21,19,-130,6,26,-162,-15,27,-109,-15,22,-113,-11,-5,-118,0,2,-143,-23,9,-96,-11,3,-100,1,-28,-105,-7,-20,-116,-18,-13,-86,-9,-17,-85,1
284,919,0,38,-31,-10,59,-101,-7,70,-153,-3,86,-181,8,46,-136,6,52,-173,-14,47,-122,-21,40,-121,-25,20,-131,4,28,-165,-17,28,-110,-17,23,-115,-13,-5,-118,-2,3,-146,-24,9,-98,-12,4,-100,0,-28,-108,-10,-20,-116,-20,-12,-86,-10,-16,-86,-1
287,918,0,38,-33,-11,60,-103,-8,69,-154,-4,85,-181,6,44,-137,7,51,-172,-11,47,-124,-17,40,-121,-20,18,-131,6,26,-163,-14,27,-110,-14,22,-114,-10,-6,-119,0,2,-145,-21,9,-98,-9,3,-101,2,-29,-107,-7,-19,-119,-17,-12,-88,-7,-18,-87,3
287,912,0,38,-33,-12,61,-102,-9,71,-153,-6,87,-180,5,46,-136,6,52,-173,-14,48,-123,-20,43,-122,-24,19,-131,5,28,-165,-16,28,-109,-17,23,-114,-13,-5,-118,0,4,-145,-21,9,-97,-9,4,-101,3,-28,-109,-7,-19,-117,-15,-12,-87,-5,-16,-87,5
288,912,0,38,-30,-12,60,-101,-9,72,-152,-5,88,-180,7,45,-137,6,52,-174,-14,47,-123,-21,41,-121,-25,19,-131,5,28,-164,-16,28,-109,-17,22,-114,-14,-5,-118,-1,3,-146,-22,9,-98,-11,4,-101,1,-28,-108,-7,-19,-118,-18,-12,-86,-8,-17,-86,1
287,910,0,38,-30,-13,60,-100,-10,71,-151,-7,87,-181,4,46,-137,5,51,-175,-15,46,-123,-22,40,-122,-26,19,-132,5,26,-166,-16,27,-110,-16,22,-115,-12,-5,-119,0,2,-146,-21,9,-98,-9,3,-101,3,-28,-108,-7,-20,-117,-17,-13,-87,-7,-18,-88,2
288,907,0,37,-31,-11,60,-101,-8,71,-152,-4,86,-181,7,45,-139,6,51,-174,-14,46,-124,-21,40,-122,-25,19,-133,4,27,-166,-17,27,-110,-17,22,-114,-13,-6,-119,-2,2,-146,-23,10,-98,-11,4,-100,0,-28,-108,-9,-19,-116,-20,-12,-85,-10,-16,-86,-2
291,909,0,38,-33,-10,60,-102,-6,71,-152,-3,86,-181,8,44,-139,6,50,-174,-13,46,-124,-21,40,-122,-25,17,-133,4,26,-165,-16,27,-110,-17,21,-115,-15,-7,-119,-2,2,-147,-23,9,-99,-12,2,-101,-1,-30,-108,-8,-20,-118,-19,-12,-87,-9,-18,-86,0
292,909,0,38,-29,-13,60,-101,-10,69,-153,-7,84,-182,4,43,-139,4,49,-176,-16,46,-125,-22,40,-122,-26,17,-133,4,25,-166,-18,27,-110,-18,21,-115,-14,-8,-120,-2,1,-147,-25,8,-98,-13,2,-100,-1,-31,-109,-8,-20,-118,-20,-13,-85,-11,-19,-85,-3
291,911,0,38,-30,-11,60,-100,-8,70,-151,-4,85,-181,6,43,-137,5,50,-173,-14,47,-123,-21,41,-121,-25,17,-131,4,26,-164,-17,28,-110,-17,21,-113,-14,-8,-118,-1,2,-146,-24,9,-98,-12,2,-99,-1,-30,-107,-8,-19,-118,-20,-12,-86,-10,-19,-85,-1
173,913,0,36,-25,-16,61,-96,-13,70,-152,-8,85,-181,6,47,-134,3,46,-172,-19,42,-123,-28,39,-120,-33,19,-127,5,22,-161,-17,24,-106,-17,22,-110,-13,-5,-113,2,-4,-143,-20,3,-94,-6,2,-96,7,-28,-104,-3,-25,-113,-14,-18,-81,-4,-19,-82,5
173,917,0,36,-27,-18,60,-98,-16,69,-152,-12,83,-182,0,45,-134,6,45,-173,-15,41,-125,-22,38,-119,-25,19,-128,9,20,-159,-13,23,-106,-13,21,-111,-8,-5,-115,5,-4,-141,-17,4,-94,-4,3,-98,9,-27,-104,1,-24,-112,-11,-17,-82,-1,-18,-83,9
171,915,0,37,-25,-16,62,-96,-13,70,-153,-8,85,-182,5,47,-134,6,48,-171,-14,43,-122,-22,40,-118,-27,19,-126,8,23,-161,-15,25,-107,-16,23,-109,-12,-4,-113,4,-1,-142,-19,5,-94,-5,3,-94,8,-26,-103,-1,-22,-113,-12,-16,-81,-2,-16,-81,8
174,916,0,37,-29,-16,60,-99,-14,68,-152,-10,83,-182,3,44,-135,3,46,-173,-17,41,-124,-25,38,-119,-29,17,-127,5,21,-159,-15,24,-105,-16,22,-109,-12,-7,-113,2,-3,-140,-19,4,-93,-7,2,-95,6,-29,-101,-2,-24,-112,-13,-16,-81,-2,-18,-80,8
173,922,0,35,-28,-18,59,-98,-15,68,-152,-10,83,-182,4,44,-136,4,47,-174,-15,42,-124,-23,38,-122,-28,17,-128,8,21,-161,-13,23,-107,-14,21,-112,-11,-7,-113,7,-5,-140,-13,4,-95,-1,2,-99,10,-28,-103,4,-25,-112,-5,-17,-83,5,-18,-84,14
174,918,0,36,-31,-15,60,-100,-12,69,-153,-8,84,-182,4,44,-135,5,46,-173,-15,41,-123,-22,38,-119,-26,17,-128,7,20,-161,-14,23,-106,-14,21,-111,-11,-7,-113,3,-4,-140,-17,3,-94,-4,1,-97,8,-28,-101,-2,-25,-110,-11,-18,-81,0,-19,-82,9
177,925,0,34,-31,-16,58,-101,-14,66,-153,-9,80,-183,3,41,-138,5,45,-173,-16,41,-124,-24,35,-122,-29,15,-130,7,19,-160,-15,21,-107,-17,19,-113,-14,-9,-116,3,-5,-141,-19,2,-94,-7,0,-98,4,-31,-104,-2,-27,-112,-12,-18,-82,-1,-19,-83,8
177,928,0,34,-38,-13,57,-104,-10,66,-153,-7,80,-183,4,43,-136,9,45,-173,-10,40,-124,-18,36,-123,-22,16,-129,10,20,-163,-11,22,-110,-12,19,-115,-8,-7,-114,5,-5,-143,-14,3,-98,-1,0,-100,11,-29,-103,-1,-25,-113,-8,-18,-84,3,-20,-85,13
176,928,0,34,-33,-17,58,-101,-15,67,-153,-13,81,-183,-1,43,-137,8,44,-173,-13,40,-125,-21,37,-122,-25,17,-129,9,19,-161,-13,21,-109,-13,21,-114,-9,-6,-116,5,-5,-141,-17,2,-96,-4,2,-100,8,-28,-103,-1,-26,-112,-10,-18,-84,0,-18,-85,10
173,924,0,35,-26,-19,59,-98,-17,68,-152,-13,83,-182,1,43,-136,2,45,-173,-20,41,-123,-28,37,-121,-32,17,-128,5,21,-161,-19,23,-106,-19,20,-111,-15,-7,-114,1,-4,-142,-23,3,-94,-10,0,-98,3,-29,-103,-4,-24,-113,-16,-17,-81,-6,-20,-82,3
173,926,0,34,-28,-19,57,-97,-17,67,-152,-13,82,-183,0,44,-136,6,44,-173,-15,40,-125,-23,37,-122,-26,18,-129,9,20,-161,-12,23,-108,-12,21,-113,-8,-6,-116,6,-5,-141,-16,3,-95,-4,2,-99,8,-28,-105,2,-24,-113,-9,-17,-83,1,-18,-84,10
170,924,0,36,-28,-18,59,-98,-15,68,-152,-10,83,-182,3,45,-136,6,46,-172,-15,41,-125,-23,38,-121,-27,19,-129,9,21,-161,-13,23,-108,-14,22,-112,-10,-5,-116,6,-3,-141,-18,4,-94,-5,2,-98,7,-27,-105,1,-23,-113,-11,-16,-82,-1,-18,-83,8
171,920,0,36,-30,-16,60,-99,-13,69,-152,-9,84,-182,3,44,-135,7,46,-173,-14,42,-125,-21,38,-121,-25,18,-129,8,21,-161,-12,24,-107,-12,22,-113,-7,-6,-115,4,-3,-141,-18,4,-94,-5,2,-98,7,-28,-104,-2,-24,-111,-13,-16,-81,-3,-19,-81,6
99,839,0,36,-35,-15,63,-98,-13,74,-150,-10,91,-179,2,51,-132,11,52,-172,-9,46,-124,-17,42,-122,-21,23,-127,13,27,-163,-8,27,-108,-8,25,-115,-4,0,-115,10,1,-146,-9,7,-99,6,5,-103,18,-22,-107,4,-20,-116,-2,-14,-88,9,-15,-90,19
95,834,0,36,-31,-14,65,-97,-11,76,-149,-6,93,-177,8,54,-133,5,54,-172,-16,47,-121,-24,44,-122,-30,25,-127,7,29,-163,-14,28,-107,-14,27,-113,-11,1,-114,4,2,-146,-15,8,-97,1,6,-101,14,-22,-107,-1,-21,-116,-8,-14,-86,3,-15,-88,13
96,836,0,37,-30,-15,64,-96,-11,75,-150,-6,92,-178,8,53,-131,8,53,-172,-12,47,-123,-20,43,-120,-25,23,-127,11,27,-162,-8,29,-106,-8,27,-113,-4,0,-114,8,1,-145,-10,8,-98,4,5,-99,17,-23,-106,3,-20,-116,-4,-13,-86,7,-16,-86,16
97,837,0,36,-28,-18,64,-95,-15,74,-150,-11,91,-178,2,53,-132,6,52,-173,-15,47,-125,-22,43,-120,-26,25,-127,10,27,-162,-11,28,-106,-10,27,-112,-5,0,-115,7,1,-145,-13,7,-96,1,5,-100,15,-22,-107,3,-20,-116,-7,-14,-85,4,-15,-86,14
96,832,0,37,-27,-17,67,-92,-14,77,-148,-8,94,-177,6,54,-131,4,54,-170,-17,48,-120,-26,44,-118,-32,24,-124,8,29,-161,-13,29,-104,-14,27,-109,-12,0,-111,7,2,-143,-12,8,-95,3,6,-96,15,-23,-105,4,-20,-114,-5,-13,-84,6,-14,-84,16
100,835,0,38,-30,-16,66,-96,-12,76,-149,-6,93,-177,9,53,-133,6,53,-172,-14,48,-123,-23,44,-121,-27,24,-128,8,28,-163,-11,29,-107,-11,27,-114,-7,0,-115,6,1,-147,-14,8,-98,0,6,-102,13,-23,-107,1,-21,-116,-8,-13,-86,2,-15,-88,12
102,838,0,37,-34,-16,64,-98,-14,74,-150,-10,91,-178,2,51,-133,7,52,-174,-14,47,-125,-21,43,-123,-24,23,-129,9,26,-164,-10,29,-108,-9,26,-115,-5,-1,-116,6,1,-147,-14,8,-99,0,5,-103,12,-24,-107,1,-21,-117,-7,-13,-88,4,-16,-89,14
101,842,0,36,-34,-17,62,-99,-14,73,-150,-9,90,-179,5,50,-134,7,52,-173,-13,46,-124,-20,41,-123,-24,22,-129,10,27,-165,-9,28,-110,-9,25,-116,-5,-2,-117,8,1,-148,-12,8,-100,1,4,-104,13,-23,-108,3,-19,-118,-5,-13,-89,6,-17,-90,16
100,843,0,37,-38,-14,63,-100,-12,73,-150,-8,89,-179,5,50,-135,10,52,-173,-9,46,-124,-17,41,-123,-22,22,-130,12,26,-165,-7,27,-109,-8,24,-116,-5,-2,-117,9,1,-147,-9,7,-100,5,5,-104,18,-23,-108,4,-20,-117,-1,-13,-90,11,-15,-91,20
102,843,0,37,-38,-14,62,-101,-10,73,-151,-6,88,-180,8,49,-135,14,50,-173,-4,46,-125,-12,41,-124,-16,21,-130,17,24,-165,-2,26,-110,-2,24,-117,0,-3,-116,14,-1,-147,-3,6,-101,10,3,-106,21,-25,-108,9,-21,-117,5,-14,-91,16,-17,-93,25
141,717,0,40,-24,-10,69,-92,-4,78,-149,2,94,-177,17,54,-132,5,57,-176,-15,52,-124,-22,47,-120,-26,23,-128,4,29,-168,-16,31,-110,-15,26,-112,-12,-3,-117,-1,2,-153,-22,8,-101,-8,2,-101,5,-28,-110,-7,-21,-125,-18,-15,-90,-8,-21,-90,1
139,718,0,39,-21,-12,70,-90,-6,78,-148,0,95,-176,16,56,-132,4,58,-176,-16,53,-124,-23,48,-119,-27,25,-128,4,31,-167,-16,32,-108,-14,28,-112,-10,0,-117,0,3,-153,-22,9,-99,-8,4,-101,5,-26,-110,-6,-20,-125,-18,-14,-90,-9,-20,-90,0
137,721,0,40,-24,-15,69,-91,-11,79,-147,-7,95,-176,6,56,-133,1,58,-176,-20,53,-125,-27,49,-119,-30,27,-129,2,31,-168,-19,33,-109,-18,30,-113,-14,1,-117,-3,4,-154,-27,10,-100,-12,6,-102,1,-25,-108,-9,-19,-125,-23,-13,-91,-12,-18,-90,-2
142,725,0,40,-28,-12,68,-94,-7,78,-149,-2,95,-176,13,54,-135,4,57,-176,-17,52,-124,-24,47,-121,-28,25,-130,4,31,-168,-17,31,-111,-16,27,-115,-13,-1,-119,-1,4,-154,-23,10,-102,-9,5,-105,3,-26,-111,-7,-19,-125,-19,-13,-92,-8,-19,-92,1
143,724,0,39,-24,-11,68,-92,-6,78,-149,0,94,-177,14,55,-134,5,58,-176,-15,52,-125,-22,47,-121,-25,24,-129,5,31,-168,-15,32,-110,-13,27,-114,-9,-1,-118,0,4,-153,-20,10,-102,-6,5,-103,7,-26,-110,-6,-18,-123,-18,-12,-91,-7,-18,-90,2
139,720,0,41,-24,-14,72,-91,-10,81,-147,-5,97,-175,9,56,-131,4,59,-175,-17,54,-124,-24,50,-118,-28,28,-127,5,33,-166,-17,33,-108,-16,31,-111,-12,2,-118,0,6,-151,-24,11,-99,-9,8,-100,4,-23,-109,-6,-17,-123,-19,-12,-89,-8,-16,-88,1
139,726,0,40,-28,-13,68,-92,-9,79,-147,-5,96,-176,8,56,-133,5,57,-175,-14,51,-123,-22,47,-120,-27,25,-129,6,31,-166,-12,32,-109,-13,29,-114,-10,0,-117,2,4,-153,-18,11,-101,-5,6,-102,8,-24,-109,-3,-17,-123,-14,-11,-91,-3,-16,-90,6
140,724,0,41,-27,-13,69,-93,-11,78,-148,-7,95,-176,4,54,-132,3,57,-177,-17,52,-126,-23,48,-119,-25,26,-128,3,31,-167,-18,32,-109,-15,29,-113,-10,0,-117,-2,4,-153,-25,11,-100,-10,6,-102,4,-25,-108,-9,-18,-124,-21,-12,-90,-10,-18,-90,0
145,731,0,38,-33,-11,65,-98,-8,74,-150,-4,91,-178,8,51,-136,3,54,-178,-17,49,-126,-23,44,-123,-26,21,-131,2,28,-170,-17,30,-112,-16,25,-116,-13,-5,-118,-3,1,-156,-24,9,-104,-10,2,-105,2,-28,-108,-10,-20,-125,-21,-13,-93,-10,-20,-92,0
143,726,0,40,-26,-11,68,-94,-5,78,-148,2,94,-177,17,55,-136,7,57,-176,-14,52,-125,-22,47,-121,-27,24,-130,6,30,-168,-14,31,-111,-15,26,-114,-12,-2,-119,1,3,-154,-20,11,-101,-7,5,-102,6,-26,-111,-5,-18,-125,-17,-12,-91,-7,-18,-90,2
145,729,0,41,-31,-10,67,-97,-6,76,-149,-2,91,-178,11,52,-135,7,56,-177,-13,52,-126,-19,46,-121,-22,22,-131,5,28,-169,-14,31,-112,-13,26,-115,-9,-3,-119,0,2,-153,-22,10,-103,-8,3,-103,4,-27,-109,-7,-20,-123,-19,-13,-91,-9,-20,-90,1
149,720,0,40,-22,-13,70,-92,-7,79,-149,0,95,-176,16,55,-135,6,56,-175,-15,52,-123,-25,48,-121,-31,23,-128,6,30,-168,-15,32,-109,-16,26,-113,-14,-3,-116,2,2,-153,-19,10,-100,-5,4,-100,6,-28,-110,-3,-21,-123,-14,-14,-88,-4,-19,-88,5
150,720,0,41,-22,-11,70,-92,-4,79,-149,3,94,-177,19,55,-134,4,56,-176,-16,51,-124,-23,48,-120,-27,23,-128,4,31,-168,-15,32,-110,-15,27,-113,-11,-2,-116,0,3,-153,-21,10,-101,-8,4,-102,4,-27,-109,-6,-19,-123,-18,-13,-90,-9,-21,-89,0
175,540,0,49,-26,-2,80,-87,5,90,-143,11,108,-169,23,64,-131,12,70,-178,-5,65,-125,-10,60,-117,-13,33,-131,8,42,-177,-11,42,-115,-11,35,-113,-7,5,-124,1,14,-169,-22,17,-110,-9,9,-106,4,-25,-119,-7,-12,-144,-19,-8,-105,-8,-16,-100,2
175,541,0,49,-25,-2,79,-88,7,91,-143,15,108,-169,30,63,-131,15,70,-177,-2,64,-126,-8,59,-118,-10,33,-131,11,42,-177,-7,41,-116,-7,35,-114,-3,5,-124,3,14,-169,-18,17,-111,-6,10,-107,6,-25,-120,-4,-13,-145,-16,-8,-106,-5,-15,-103,5
174,546,0,49,-26,-3,79,-90,5,91,-144,13,109,-168,27,63,-133,12,71,-178,-6,66,-127,-11,60,-119,-13,33,-132,8,43,-177,-10,41,-116,-10,35,-115,-6,6,-127,1,15,-169,-21,18,-110,-9,10,-107,3,-24,-121,-6,-12,-146,-19,-7,-107,-9,-15,-103,1
174,545,0,49,-23,-2,80,-87,7,92,-143,14,110,-167,27,65,-130,12,72,-177,-6,66,-125,-11,62,-116,-13,34,-130,7,44,-177,-12,42,-115,-11,36,-113,-6,6,-124,-1,15,-169,-23,19,-110,-10,11,-105,4,-24,-118,-9,-12,-144,-21,-7,-105,-10,-14,-100,1
173,545,0,49,-25,-4,81,-86,3,92,-142,9,110,-167,21,66,-131,11,73,-176,-7,66,-124,-12,61,-118,-14,35,-131,7,45,-176,-11,42,-114,-11,37,-114,-7,7,-125,0,16,-168,-23,19,-110,-10,12,-107,3,-22,-120,-7,-11,-143,-20,-7,-105,-9,-14,-101,1
173,548,0,49,-24,-3,80,-87,4,92,-142,10,109,-168,22,65,-130,12,72,-176,-5,66,-124,-10,61,-117,-12,35,-130,8,44,-176,-11,43,-115,-11,36,-113,-6,7,-124,1,17,-168,-22,20,-110,-10,12,-106,4,-22,-120,-7,-11,-144,-20,-6,-106,-9,-14,-100,2
174,552,0,49,-21,-3,83,-84,5,94,-141,13,112,-166,27,67,-128,10,74,-175,-7,67,-123,-11,63,-116,-14,36,-129,7,46,-175,-12,43,-113,-11,37,-112,-7,8,-124,0,17,-167,-23,20,-108,-9,12,-105,4,-22,-120,-7,-11,-143,-20,-7,-103,-9,-15,-100,1
174,550,0,48,-16,-4,83,-81,4,94,-141,12,112,-166,26,66,-128,9,72,-175,-9,65,-122,-15,60,-113,-17,34,-128,6,44,-173,-13,43,-110,-13,36,-109,-9,5,-121,-1,15,-166,-23,18,-106,-10,10,-101,3,-24,-117,-7,-11,-142,-20,-8,-101,-10,-15,-96,1
173,553,0,48,-20,-5,82,-83,2,93,-141,7,110,-167,19,65,-128,9,72,-176,-9,67,-125,-13,61,-115,-15,34,-128,6,44,-174,-14,43,-113,-14,36,-110,-10,6,-123,0,16,-167,-24,19,-107,-11,10,-103,3,-24,-118,-7,-11,-144,-20,-7,-104,-9,-15,-98,2
171,548,0,48,-16,-4,83,-80,4,96,-140,12,113,-165,26,68,-127,12,75,-174,-5,67,-122,-11,63,-114,-14,36,-127,9,47,-173,-10,43,-111,-11,37,-109,-7,8,-121,3,17,-166,-19,19,-107,-6,12,-102,7,-22,-118,-3,-11,-142,-15,-7,-102,-4,-14,-98,6
172,548,0,48,-22,-5,80,-84,1,93,-140,6,111,-166,17,64,-127,9,72,-174,-9,65,-122,-14,59,-113,-15,33,-128,6,43,-171,-13,41,-110,-13,35,-108,-9,5,-122,-1,15,-166,-24,18,-107,-10,10,-102,3,-24,-117,-7,-12,-142,-20,-7,-104,-9,-16,-98,3
206,375,0,60,-18,3,101,-71,12,119,-126,20,139,-144,33,82,-120,17,95,-171,1,88,-121,-4,82,-104,-5,50,-127,12,64,-179,-7,58,-113,-9,49,-103,-5,19,-129,4,35,-180,-18,30,-113,-7,20,-101,6,-15,-130,-4,1,-162,-16,1,-118,-5,-7,-106,6
206,377,0,59,-13,3,101,-67,12,119,-123,19,139,-144,32,83,-119,14,97,-170,-2,88,-118,-7,83,-104,-9,50,-126,8,65,-179,-10,58,-113,-13,49,-104,-10,18,-128,0,33,-180,-21,31,-113,-10,21,-100,3,-17,-130,-7,0,-162,-19,1,-117,-8,-7,-106,3
208,380,0,58,-13,0,101,-69,10,118,-126,19,137,-145,33,82,-119,14,95,-169,-2,86,-117,-8,81,-102,-9,49,-125,10,63,-178,-9,57,-112,-11,48,-101,-8,18,-126,3,32,-178,-18,29,-112,-7,20,-97,7,-16,-127,-3,-1,-160,-15,0,-116,-4,-8,-104,7
209,382,0,57,-13,1,101,-69,10,117,-126,18,136,-147,32,81,-122,12,93,-171,-4,84,-118,-8,79,-103,-8,47,-127,7,62,-179,-11,56,-112,-12,47,-103,-9,17,-127,0,32,-179,-21,29,-112,-9,19,-100,4,-17,-128,-6,-1,-160,-18,0,-116,-7,-9,-105,4
209,386,0,57,-16,0,98,-72,8,116,-127,15,134,-148,28,80,-124,10,92,-173,-5,83,-122,-9,79,-108,-10,47,-128,6,62,-181,-12,55,-116,-13,47,-107,-9,17,-129,-1,31,-182,-22,28,-117,-9,19,-104,4,-18,-130,-7,-1,-163,-18,0,-120,-6,-8,-108,5
208,385,0,59,-17,3,101,-72,13,117,-127,22,136,-147,35,80,-122,14,93,-173,-1,85,-121,-5,80,-106,-5,47,-128,9,62,-180,-9,56,-115,-10,47,-105,-6,17,-128,1,31,-181,-20,29,-115,-8,19,-102,6,-19,-129,-6,-2,-162,-17,0,-118,-6,-9,-107,5
206,392,0,58,-21,1,97,-74,9,115,-127,16,134,-148,27,80,-122,15,92,-172,0,85,-122,-6,80,-108,-8,48,-127,11,62,-180,-7,57,-116,-10,48,-106,-8,18,-128,4,33,-179,-17,30,-116,-6,21,-103,7,-15,-128,-3,0,-162,-14,2,-118,-2,-7,-109,9
205,390,0,57,-15,-2,99,-69,6,116,-125,13,136,-147,26,83,-121,14,93,-172,-4,86,-122,-10,82,-106,-12,51,-127,10,63,-179,-10,58,-115,-12,50,-105,-9,20,-128,4,33,-179,-19,30,-115,-8,22,-103,6,-14,-129,-2,1,-162,-14,2,-119,-4,-6,-107,8
207,387,0,59,-14,1,99,-70,9,116,-127,15,135,-148,26,80,-122,13,92,-174,-4,84,-121,-9,79,-105,-10,48,-127,8,61,-180,-11,56,-115,-13,48,-103,-9,17,-129,0,32,-181,-22,29,-115,-10,20,-101,4,-17,-129,-7,-1,-163,-20,0,-119,-8,-8,-107,4
206,382,0,59,-14,1,100,-70,10,117,-125,17,137,-146,30,81,-122,14,94,-172,-3,87,-122,-9,82,-106,-10,49,-127,9,62,-178,-10,58,-114,-12,49,-103,-9,17,-128,2,33,-180,-20,30,-114,-8,21,-101,5,-16,-129,-5,0,-162,-17,1,-118,-6,-8,-106,5
242,267,0,64,-10,4,108,-66,15,127,-121,25,147,-136,38,84,-119,22,101,-168,9,95,-120,4,88,-102,3,50,-130,17,71,-184,-1,65,-116,-5,52,-101,-1,17,-135,9,38,-190,-12,36,-120,-3,23,-101,10,-20,-137,3,2,-174,-10,4,-127,-2,-6,-111,9
242,264,0,62,-6,1,109,-63,11,129,-118,19,151,-131,32,85,-116,20,102,-166,5,96,-121,-2,88,-99,-4,51,-127,16,70,-180,-3,65,-114,-7,52,-96,-4,19,-131,9,39,-186,-12,36,-117,-3,24,-97,9,-18,-134,3,3,-170,-10,4,-124,-1,-5,-108,9
241,271,0,65,-12,5,110,-64,17,128,-119,26,149,-133,40,87,-120,25,103,-166,13,98,-123,9,92,-104,9,54,-130,19,73,-185,2,66,-119,-1,54,-99,3,20,-135,11,41,-190,-10,38,-121,0,24,-100,13,-18,-137,4,4,-176,-8,6,-129,1,-3,-113,12
236,270,0,63,-9,2,109,-60,11,127,-116,18,148,-135,28,87,-120,17,102,-172,2,98,-125,-3,91,-103,-2,54,-131,12,73,-184,-7,66,-117,-9,54,-98,-5,21,-136,5,41,-190,-18,38,-118,-8,25,-98,6,-16,-138,-2,5,-177,-16,8,-130,-6,-1,-112,6
232,275,0,65,-14,4,107,-66,15,126,-119,23,147,-135,36,86,-120,19,102,-171,5,95,-120,2,89,-105,3,53,-130,13,72,-185,-5,65,-118,-8,53,-103,-4,22,-134,5,41,-190,-18,38,-120,-7,26,-102,7,-15,-137,-3,6,-176,-16,8,-129,-7,-1,-113,5
229,272,0,65,-9,4,110,-60,15,129,-117,24,149,-133,37,90,-115,18,104,-166,4,95,-115,1,90,-99,1,55,-125,12,73,-180,-6,65,-112,-8,53,-99,-3,23,-129,5,41,-185,-17,37,-116,-6,25,-98,9,-14,-133,-2,5,-170,-15,6,-123,-4,-2,-109,7
235,293,0,61,-10,0,106,-64,10,124,-121,17,143,-140,29,84,-115,16,98,-169,-2,95,-121,-9,90,-101,-11,51,-124,11,68,-180,-10,63,-114,-14,52,-99,-11,20,-129,4,38,-183,-20,35,-117,-10,24,-99,4,-15,-131,-3,5,-168,-18,6,-122,-8,-4,-108,3
388,237,0,60,-7,-3,105,-68,2,122,-123,6,140,-142,13,75,-130,11,90,-181,-3,90,-130,-7,84,-104,-6,40,-138,8,59,-195,-7,59,-123,-8,46,-101,-3,6,-141,3,25,-199,-17,28,-123,-6,14,-99,7,-33,-140,-3,-8,-183,-14,-5,-132,-4,-17,-113,7
377,257,0,58,-2,-5,104,-65,0,122,-124,4,141,-141,12,77,-124,4,91,-177,-10,90,-128,-13,83,-106,-13,42,-132,2,61,-191,-16,61,-123,-16,47,-102,-11,9,-135,-3,29,-195,-24,32,-123,-13,18,-98,1,-28,-137,-7,-6,-178,-21,0,-130,-12,-10,-111,-1
379,257,0,58,-3,-5,106,-68,-1,125,-126,4,138,-145,12,75,-127,4,90,-179,-11,89,-127,-14,82,-106,-14,40,-135,1,60,-190,-17,59,-119,-17,44,-102,-12,7,-137,-3,27,-194,-24,30,-121,-13,15,-98,1,-30,-139,-8,-7,-177,-21,-2,-127,-11,-14,-110,0
373,258,0,59,0,-4,109,-64,3,131,-123,8,138,-145,17,79,-123,8,92,-174,-6,91,-122,-11,85,-102,-12,43,-130,5,61,-185,-12,60,-115,-13,48,-99,-10,10,-133,0,29,-188,-20,31,-116,-9,18,-93,4,-28,-134,-6,-5,-171,-18,-2,-123,-7,-12,-106,3
375,267,0,57,-3,-4,103,-69,3,121,-130,9,137,-145,20,75,-126,4,88,-174,-9,85,-122,-11,79,-106,-11,39,-133,1,58,-187,-15,56,-118,-15,43,-104,-10,6,-134,-3,24,-191,-22,27,-119,-10,14,-99,3,-30,-136,-7,-9,-173,-19,-5,-126,-9,-15,-112,1
374,268,0,57,-2,-5,104,-68,1,123,-128,6,140,-143,16,77,-123,6,89,-172,-8,86,-121,-12,80,-106,-13,41,-131,4,59,-185,-13,58,-117,-14,46,-103,-9,9,-132,-1,26,-187,-20,30,-118,-8,17,-98,5,-27,-134,-5,-6,-169,-17,-2,-123,-8,-13,-109,2
378,272,0,55,0,-6,104,-68,-2,123,-128,3,136,-146,11,74,-127,1,88,-176,-13,86,-125,-17,80,-106,-17,40,-133,-1,57,-188,-19,55,-119,-19,43,-102,-13,7,-134,-5,25,-190,-25,28,-119,-13,15,-98,1,-30,-135,-9,-9,-173,-22,-4,-125,-12,-15,-110,-1
496,340,0,38,-31,-7,57,-101,-3,64,-155,0,77,-185,9,34,-142,0,40,-182,-18,43,-130,-22,37,-125,-24,5,-134,-3,15,-173,-22,24,-114,-22,14,-113,-18,-18,-119,-9,-9,-156,-29,3,-104,-16,-8,-101,-5,-42,-107,-15,-30,-127,-27,-19,-92,-17,-29,-88,-9
491,362,0,37,-27,-8,57,-100,-5,62,-156,-1,76,-185,10,35,-143,-2,37,-182,-19,41,-130,-23,36,-125,-26,5,-133,-3,13,-174,-21,22,-115,-20,13,-114,-17,-19,-117,-7,-12,-158,-26,2,-105,-13,-8,-100,-2,-42,-107,-11,-31,-127,-23,-20,-92,-13,-29,-87,-5
500,378,0,36,-30,-8,53,-102,-6,58,-157,-4,72,-187,5,30,-144,-3,34,-183,-20,39,-132,-24,32,-127,-27,0,-134,-5,9,-173,-24,19,-116,-24,10,-116,-20,-23,-116,-10,-16,-154,-31,-1,-102,-18,-11,-100,-7,-46,-102,-15,-34,-123,-28,-23,-90,-18,-32,-85,-10
656,339,0,39,-24,-8,54,-100,-5,58,-157,-2,70,-188,7,32,-147,2,40,-182,-14,42,-132,-18,33,-126,-20,2,-141,0,16,-177,-21,23,-119,-21,11,-116,-17,-22,-126,-6,-9,-162,-29,4,-109,-19,-9,-103,-8,-48,-114,-12,-28,-135,-27,-17,-98,-20,-28,-92,-12
657,339,0,39,-27,-7,54,-102,-3,56,-157,0,68,-188,9,29,-149,4,40,-183,-12,42,-132,-15,33,-127,-17,0,-141,1,16,-178,-19,23,-120,-20,11,-116,-17,-24,-127,-5,-9,-162,-28,5,-110,-18,-9,-102,-7,-49,-113,-12,-27,-135,-26,-17,-99,-18,-28,-92,-10
662,339,0,40,-26,-8,53,-102,-4,57,-157,-1,66,-189,8,28,-145,5,39,-181,-12,41,-132,-16,31,-125,-18,1,-138,3,16,-176,-19,22,-119,-20,11,-113,-15,-22,-125,-4,-8,-162,-29,4,-109,-19,-10,-101,-7,-47,-112,-11,-26,-135,-27,-16,-98,-19,-30,-89,-11
662,338,0,38,-26,-6,53,-102,-1,57,-158,3,68,-188,12,29,-149,4,39,-183,-11,42,-132,-13,33,-126,-14,0,-141,1,16,-178,-18,23,-119,-18,12,-115,-13,-24,-127,-5,-10,-162,-28,4,-108,-18,-9,-102,-6,-49,-113,-12,-27,-135,-26,-17,-99,-19,-27,-91,-10
665,341,0,40,-25,-9,54,-100,-6,57,-156,-3,67,-189,5,28,-144,4,37,-182,-14,41,-134,-18,33,-125,-19,2,-136,1,14,-175,-21,23,-118,-21,12,-112,-16,-21,-123,-5,-8,-160,-31,4,-107,-20,-9,-100,-8,-45,-109,-12,-26,-134,-28,-16,-97,-20,-29,-89,-11
668,342,0,39,-26,-6,52,-104,-2,55,-159,2,65,-189,11,29,-150,3,36,-185,-12,41,-136,-15,34,-127,-16,0,-142,1,13,-178,-18,22,-121,-18,11,-116,-14,-24,-127,-5,-11,-162,-27,4,-110,-17,-9,-102,-6,-49,-112,-11,-29,-135,-25,-18,-100,-18,-29,-91,-9
677,355,0,37,-27,-8,50,-102,-5,54,-159,-2,65,-190,7,26,-147,4,35,-184,-13,39,-133,-17,30,-127,-18,0,-139,1,13,-176,-19,22,-119,-18,10,-116,-14,-24,-126,-5,-10,-162,-29,3,-109,-18,-9,-102,-6,-48,-112,-12,-28,-134,-27,-18,-99,-19,-29,-91,-10
686,357,0,37,-32,-7,48,-107,-3,52,-160,0,61,-191,9,24,-150,7,34,-185,-11,38,-136,-16,28,-129,-18,-3,-143,3,11,-179,-19,19,-121,-19,8,-117,-15,-27,-129,-5,-12,-165,-30,0,-111,-20,-12,-105,-8,-51,-115,-13,-29,-137,-29,-20,-101,-20,-32,-93,-11
687,356,0,38,-33,-7,49,-107,-2,52,-160,2,60,-191,11,23,-148,10,36,-183,-8,37,-135,-13,28,-128,-15,-2,-141,5,14,-179,-16,20,-122,-16,8,-118,-12,-25,-128,-3,-10,-164,-28,2,-110,-19,-12,-105,-8,-48,-114,-11,-28,-137,-28,-18,-100,-20,-32,-92,-12
778,320,0,41,-42,-4,50,-112,-2,50,-158,-3,55,-193,1,19,-158,13,39,-192,-8,43,-144,-14,30,-129,-16,-4,-152,5,21,-189,-20,28,-130,-23,13,-119,-19,-27,-142,-6,0,-175,-37,10,-117,-29,-8,-107,-17,-51,-124,-18,-18,-148,-38,-9,-108,-31,-27,-96,-22
796,325,0,43,-37,-4,54,-109,-1,54,-158,-1,61,-191,4,22,-158,12,41,-191,-8,45,-143,-14,33,-130,-16,-1,-153,5,22,-189,-21,30,-130,-24,15,-119,-20,-25,-142,-6,1,-175,-36,12,-118,-28,-6,-108,-16,-48,-124,-17,-15,-148,-37,-7,-110,-30,-23,-99,-21
802,327,0,41,-38,-4,50,-109,-2,50,-158,-2,55,-193,2,19,-160,14,39,-192,-5,43,-145,-12,31,-129,-14,-4,-156,7,20,-192,-19,28,-133,-23,13,-119,-19,-26,-144,-5,0,-178,-34,10,-121,-27,-7,-109,-15,-50,-127,-16,-18,-151,-35,-8,-113,-28,-25,-100,-18
801,330,0,41,-37,-3,51,-109,0,52,-158,-1,59,-191,4,19,-160,14,40,-191,-6,44,-142,-12,31,-130,-14,-4,-156,6,22,-189,-20,28,-130,-24,13,-121,-19,-27,-145,-6,1,-175,-36,11,-118,-28,-7,-108,-15,-49,-128,-18,-16,-149,-37,-7,-109,-30,-23,-99,-21
798,331,0,44,-41,-2,53,-110,0,54,-156,-1,60,-191,2,21,-159,16,42,-189,-5,45,-143,-12,33,-129,-14,-2,-155,7,23,-188,-20,30,-130,-24,16,-118,-21,-24,-144,-6,5,-175,-36,14,-119,-28,-4,-107,-16,-46,-126,-18,-12,-149,-37,-4,-109,-31,-21,-98,-21
790,339,0,43,-40,-2,51,-112,1,52,-158,1,57,-192,5,21,-159,17,42,-189,-3,44,-141,-10,32,-129,-12,-2,-155,7,24,-189,-19,28,-129,-22,14,-119,-18,-24,-144,-6,4,-174,-35,11,-117,-27,-6,-107,-14,-47,-127,-19,-14,-148,-37,-6,-109,-30,-22,-98,-20
784,510,0,34,-47,-6,37,-119,-5,33,-166,-8,34,-197,-5,-4,-166,12,27,-188,-10,31,-141,-19,16,-129,-23,-25,-158,5,12,-178,-20,20,-124,-21,5,-118,-17,-41,-141,-8,-5,-159,-36,6,-108,-27,-10,-100,-15,-55,-119,-21,-22,-135,-39,-11,-101,-32,-25,-92,-23
781,509,0,35,-43,-7,40,-118,-7,35,-166,-8,32,-198,-4,-1,-168,9,29,-189,-12,33,-141,-20,17,-130,-24,-23,-160,2,13,-180,-23,22,-124,-24,6,-120,-20,-40,-143,-10,-4,-161,-39,7,-109,-30,-10,-102,-18,-54,-121,-23,-20,-137,-42,-10,-103,-35,-24,-94,-26
783,505,0,35,-44,-8,38,-118,-8,33,-166,-10,28,-198,-7,-4,-169,9,27,-190,-14,31,-142,-23,15,-130,-27,-25,-160,2,10,-180,-23,20,-124,-23,3,-119,-19,-43,-143,-10,-7,-162,-40,6,-110,-30,-12,-101,-18,-57,-121,-23,-22,-138,-42,-11,-103,-34,-27,-92,-25
780,505,0,36,-37,-9,42,-114,-10,36,-164,-11,37,-197,-8,-1,-167,6,28,-189,-17,32,-140,-24,18,-127,-28,-24,-158,1,13,-179,-26,20,-123,-27,6,-117,-22,-42,-141,-10,-4,-159,-40,6,-107,-30,-11,-100,-19,-55,-120,-21,-21,-135,-40,-11,-100,-34,-24,-91,-25
781,504,0,35,-31,-9,41,-113,-8,34,-165,-8,37,-197,-2,-1,-164,6,27,-186,-15,31,-138,-22,18,-125,-25,-25,-154,1,11,-177,-24,20,-120,-25,6,-114,-20,-42,-137,-8,-6,-157,-37,6,-106,-29,-11,-98,-17,-57,-118,-18,-21,-135,-37,-11,-99,-32,-25,-90,-25
779,510,0,35,-42,-8,39,-113,-9,34,-162,-12,34,-197,-10,1,-162,11,27,-186,-13,32,-141,-20,19,-126,-23,-21,-154,4,12,-175,-21,21,-119,-20,6,-115,-14,-39,-139,-8,-5,-157,-38,6,-105,-28,-10,-97,-15,-54,-118,-20,-22,-134,-40,-12,-99,-33,-26,-90,-23
778,509,0,35,-39,-6,39,-114,-6,36,-163,-8,40,-196,-4,0,-165,10,26,-189,-13,33,-145,-20,20,-130,-21,-22,-156,3,12,-178,-21,21,-121,-21,6,-116,-14,-40,-139,-8,-6,-159,-38,6,-106,-29,-10,-98,-16,-56,-118,-20,-23,-136,-39,-12,-100,-32,-25,-90,-22
777,509,0,36,-42,-7,39,-114,-8,36,-163,-10,35,-197,-8,-3,-165,8,26,-189,-15,32,-140,-23,19,-125,-26,-24,-156,1,11,-176,-24,21,-121,-25,6,-112,-20,-41,-139,-10,-6,-160,-40,7,-106,-31,-9,-95,-19,-56,-118,-22,-21,-135,-42,-10,-100,-35,-24,-88,-26
774,510,0,37,-38,-7,41,-112,-7,36,-163,-9,37,-197,-6,0,-164,11,27,-189,-13,33,-143,-22,20,-127,-24,-22,-155,4,12,-177,-22,22,-121,-22,6,-114,-16,-39,-138,-8,-4,-157,-39,7,-104,-30,-10,-96,-17,-55,-117,-20,-20,-134,-40,-10,-98,-33,-23,-88,-24
599,473,0,34,-34,-10,52,-105,-10,61,-157,-10,79,-184,-3,35,-142,2,37,-186,-18,38,-134,-24,34,-130,-27,8,-135,-1,14,-178,-23,19,-119,-22,12,-119,-16,-17,-120,-8,-10,-159,-31,0,-108,-16,-8,-106,-1,-41,-108,-16,-30,-130,-28,-21,-96,-16,-29,-91,-4
599,472,0,34,-33,-9,52,-104,-7,63,-156,-5,80,-184,4,35,-141,2,37,-185,-19,38,-132,-25,32,-130,-29,7,-134,-1,15,-177,-23,20,-119,-21,11,-120,-17,-17,-118,-8,-11,-159,-30,1,-108,-15,-8,-107,-1,-40,-107,-16,-29,-128,-28,-20,-95,-17,-29,-91,-7
600,476,0,34,-35,-9,50,-105,-8,61,-156,-8,78,-184,0,34,-143,3,37,-186,-18,39,-133,-26,32,-130,-31,6,-136,-1,14,-178,-22,20,-120,-22,11,-121,-18,-18,-121,-8,-10,-160,-30,1,-110,-15,-8,-108,-2,-40,-109,-16,-29,-131,-28,-20,-98,-15,-29,-93,-5
602,473,0,34,-32,-11,51,-103,-10,62,-155,-10,79,-184,-3,33,-142,0,37,-187,-22,40,-135,-28,34,-130,-32,6,-134,-3,13,-177,-25,21,-118,-24,11,-119,-19,-18,-120,-10,-11,-159,-34,1,-107,-19,-9,-106,-4,-41,-106,-18,-30,-130,-32,-20,-96,-20,-30,-90,-8
604,467,0,36,-30,-10,54,-103,-7,64,-156,-4,82,-182,6,36,-144,0,39,-185,-20,41,-132,-27,36,-129,-30,8,-136,-3,17,-177,-25,23,-118,-25,13,-120,-20,-17,-121,-10,-8,-159,-34,4,-108,-20,-7,-106,-6,-40,-109,-18,-27,-130,-33,-17,-96,-22,-27,-91,-11
604,469,0,36,-34,-9,52,-105,-6,62,-155,-5,80,-183,3,34,-143,3,37,-186,-18,40,-135,-25,34,-131,-29,7,-136,-1,16,-178,-22,22,-120,-22,13,-121,-18,-17,-121,-9,-9,-162,-32,3,-111,-17,-7,-108,-4,-40,-109,-18,-27,-132,-31,-18,-99,-20,-28,-94,-9
458,472,0,38,-30,-9,58,-101,-5,68,-154,0,85,-181,12,42,-140,0,44,-184,-20,44,-132,-25,38,-128,-27,14,-133,-2,20,-176,-23,25,-117,-21,18,-119,-15,-11,-120,-9,-6,-160,-32,5,-106,-18,-3,-105,-4,-36,-109,-16,-26,-130,-30,-17,-97,-19,-26,-92,-9
461,474,0,36,-32,-8,56,-104,-4,67,-155,1,86,-181,13,41,-142,1,43,-182,-18,43,-131,-25,37,-128,-29,11,-135,-1,18,-176,-21,24,-118,-21,16,-120,-18,-14,-120,-7,-8,-159,-29,5,-107,-15,-5,-106,-3,-37,-109,-14,-27,-129,-26,-17,-96,-15,-26,-92,-6
461,473,0,37,-31,-8,58,-102,-4,68,-155,1,87,-181,14,40,-140,1,44,-181,-18,44,-130,-24,38,-127,-27,12,-133,-2,19,-175,-22,24,-117,-21,16,-117,-16,-13,-119,-8,-6,-157,-30,5,-106,-17,-4,-104,-4,-36,-108,-16,-26,-128,-28,-16,-95,-17,-25,-91,-8
462,467,0,38,-30,-8,58,-102,-4,69,-155,1,87,-180,12,41,-140,1,44,-182,-18,45,-131,-23,40,-126,-25,13,-133,-2,19,-175,-23,26,-116,-22,18,-117,-16,-11,-118,-9,-6,-157,-33,7,-105,-19,-2,-104,-5,-35,-107,-17,-25,-128,-31,-15,-95,-20,-24,-90,-10
461,464,0,38,-30,-9,58,-102,-6,69,-154,-2,88,-180,9,41,-140,1,45,-184,-19,45,-131,-25,39,-126,-28,13,-134,-2,21,-176,-23,26,-116,-22,18,-117,-17,-12,-120,-9,-4,-159,-32,7,-106,-18,-3,-106,-4,-36,-109,-17,-25,-130,-30,-16,-96,-19,-26,-92,-9
251,484,0,36,-34,-10,59,-102,-7,71,-152,-4,88,-180,7,46,-139,5,46,-183,-15,46,-132,-22,41,-128,-25,17,-133,3,21,-175,-17,26,-118,-16,19,-119,-11,-8,-120,-2,-4,-159,-23,5,-107,-9,-2,-107,4,-33,-110,-9,-25,-131,-19,-17,-97,-7,-24,-94,4
254,484,0,36,-36,-12,59,-102,-9,71,-153,-5,89,-179,7,45,-140,4,47,-181,-15,45,-130,-21,40,-129,-25,15,-134,4,22,-174,-15,26,-118,-15,20,-122,-12,-10,-120,0,-4,-157,-21,6,-107,-8,-1,-109,4,-33,-111,-6,-24,-128,-16,-15,-97,-5,-23,-95,5
257,480,0,38,-35,-10,61,-102,-8,72,-153,-6,90,-179,4,45,-139,5,46,-182,-14,47,-132,-20,42,-127,-22,16,-133,3,21,-173,-16,26,-116,-15,20,-118,-10,-9,-121,-3,-4,-156,-25,7,-105,-11,0,-105,2,-33,-108,-10,-25,-129,-22,-15,-97,-10,-22,-93,0
355,486,0,40,-33,-7,60,-103,-2,68,-155,2,85,-181,13,42,-140,7,46,-182,-11,46,-131,-17,40,-128,-20,13,-134,4,21,-176,-17,26,-118,-17,17,-119,-12,-12,-120,-4,-4,-161,-25,6,-109,-13,-3,-107,0,-36,-109,-11,-25,-131,-23,-16,-97,-13,-26,-93,-3
359,482,0,41,-32,-7,60,-101,-2,69,-154,1,84,-182,11,42,-139,6,44,-181,-12,48,-132,-16,43,-126,-17,13,-133,2,21,-175,-18,28,-117,-18,19,-116,-12,-11,-120,-5,-3,-160,-29,8,-107,-16,-2,-104,-2,-36,-108,-13,-24,-131,-27,-13,-97,-17,-24,-92,-6
360,480,0,40,-33,-6,61,-101,-2,70,-154,3,86,-181,14,43,-140,7,47,-182,-11,48,-131,-17,43,-127,-20,14,-134,4,23,-176,-16,28,-118,-16,20,-118,-12,-10,-120,-4,-3,-161,-26,8,-109,-13,-3,-106,0,-36,-110,-12,-24,-132,-24,-15,-97,-14,-24,-94,-4
361,479,0,39,-33,-6,61,-101,-1,71,-154,3,88,-180,15,45,-139,7,48,-180,-11,48,-130,-18,42,-127,-22,15,-134,3,24,-175,-17,27,-118,-17,19,-120,-13,-10,-121,-4,-4,-162,-25,7,-109,-12,-3,-109,0,-35,-111,-12,-24,-130,-24,-16,-97,-14,-25,-94,-5
361,478,0,41,-32,-6,63,-101,0,72,-154,5,88,-180,16,45,-140,8,49,-180,-9,49,-129,-15,44,-126,-18,15,-135,4,24,-177,-15,29,-118,-15,21,-119,-11,-10,-120,-3,-2,-162,-25,9,-108,-12,-2,-107,1,-35,-110,-10,-22,-130,-23,-14,-97,-13,-25,-94,-4
364,481,0,40,-28,-9,61,-98,-4,70,-153,0,87,-180,10,44,-140,5,49,-182,-13,49,-131,-19,44,-128,-21,15,-134,2,24,-175,-18,29,-117,-18,20,-118,-13,-10,-121,-4,-1,-161,-27,9,-107,-14,-2,-106,-2,-34,-110,-11,-22,-131,-25,-13,-97,-15,-23,-94,-5
363,482,0,40,-29,-7,63,-99,-2,72,-153,3,90,-179,15,45,-140,5,51,-181,-14,49,-130,-20,43,-127,-24,15,-134,2,26,-176,-19,29,-117,-19,21,-119,-15,-10,-121,-5,-1,-162,-27,9,-109,-15,-2,-108,-3,-34,-112,-12,-22,-132,-25,-14,-97,-16,-24,-94,-7
364,485,0,39,-30,-7,62,-101,-2,72,-153,3,89,-179,16,44,-141,5,50,-181,-13,48,-129,-19,42,-128,-24,14,-136,2,25,-177,-18,28,-119,-19,19,-121,-16,-12,-122,-5,-2,-162,-26,8,-110,-14,-3,-110,-2,-36,-113,-12,-23,-131,-24,-14,-98,-14,-24,-96,-6
368,488,0,40,-30,-7,63,-100,-1,72,-154,5,89,-179,18,45,-140,5,50,-181,-13,48,-131,-20,43,-128,-23,15,-135,2,25,-176,-17,29,-118,-17,21,-119,-13,-10,-122,-5,-2,-162,-26,9,-109,-14,-2,-109,-2,-35,-112,-12,-23,-132,-25,-14,-98,-16,-24,-95,-7
354,658,0,36,-33,-12,54,-103,-10,63,-155,-8,79,-184,2,37,-142,4,41,-181,-15,42,-130,-21,35,-126,-24,9,-136,3,18,-171,-18,24,-116,-17,16,-119,-13,-14,-121,-3,-5,-153,-24,6,-105,-11,-4,-105,1,-36,-109,-9,-24,-124,-21,-15,-94,-11,-24,-91,-1
358,660,0,36,-35,-11,54,-105,-9,63,-156,-8,77,-185,1,34,-142,4,39,-181,-14,41,-131,-20,35,-126,-22,7,-135,2,16,-171,-17,23,-116,-17,14,-118,-13,-16,-120,-4,-8,-153,-25,5,-106,-12,-5,-105,1,-38,-107,-11,-25,-124,-22,-15,-95,-12,-24,-92,-2
358,661,0,36,-35,-12,53,-105,-10,62,-156,-8,77,-185,1,34,-142,3,39,-180,-16,41,-130,-21,34,-126,-24,6,-135,2,16,-170,-18,23,-115,-18,14,-118,-15,-17,-120,-3,-7,-151,-25,6,-104,-13,-5,-104,-1,-38,-108,-10,-24,-123,-22,-14,-93,-12,-24,-90,-3
359,664,0,36,-36,-12,53,-106,-10,62,-156,-8,75,-186,2,34,-143,5,38,-181,-15,41,-131,-21,34,-128,-24,6,-135,4,17,-170,-17,23,-116,-18,14,-119,-15,-16,-121,-1,-6,-152,-23,5,-106,-12,-5,-106,0,-37,-109,-8,-24,-124,-20,-14,-94,-10,-25,-92,-1
359,662,0,38,-32,-12,54,-103,-10,62,-156,-9,76,-185,-1,33,-142,2,39,-182,-18,42,-133,-23,35,-127,-25,8,-135,0,16,-171,-22,24,-115,-21,15,-117,-15,-15,-121,-6,-5,-152,-31,6,-103,-18,-4,-103,-5,-38,-108,-13,-24,-124,-28,-15,-93,-19,-24,-89,-9
358,663,0,37,-34,-11,54,-105,-9,63,-156,-6,77,-185,5,35,-143,3,40,-181,-17,41,-129,-23,34,-127,-26,7,-135,1,18,-171,-20,24,-115,-20,14,-119,-17,-16,-121,-4,-5,-152,-26,6,-104,-14,-5,-105,-2,-38,-109,-10,-24,-123,-23,-14,-93,-13,-24,-91,-4
358,662,0,37,-34,-11,54,-106,-7,62,-156,-4,77,-185,7,35,-143,4,39,-182,-16,41,-130,-22,34,-127,-25,7,-136,2,18,-171,-19,23,-116,-19,14,-119,-16,-16,-120,-4,-6,-151,-26,5,-104,-14,-5,-105,-2,-38,-109,-11,-24,-123,-23,-15,-92,-14,-25,-90,-5
357,661,0,36,-34,-11,53,-103,-9,62,-155,-7,77,-185,2,35,-142,4,40,-181,-15,42,-131,-21,34,-126,-24,8,-135,3,18,-170,-18,24,-116,-18,15,-118,-14,-15,-119,-3,-6,-152,-24,6,-105,-12,-5,-104,0,-37,-107,-9,-24,-122,-21,-15,-93,-12,-24,-90,-2
354,662,0,36,-35,-11,54,-105,-9,63,-155,-6,77,-185,4,38,-143,5,41,-181,-15,42,-129,-22,35,-126,-26,9,-136,3,18,-171,-17,23,-116,-18,16,-119,-14,-15,-122,-3,-6,-153,-25,5,-105,-12,-4,-105,0,-36,-110,-10,-24,-124,-22,-15,-93,-12,-24,-91,-3
353,660,0,37,-35,-10,54,-105,-8,63,-155,-6,76,-185,3,36,-143,5,41,-181,-15,42,-130,-21,36,-126,-23,9,-136,2,18,-172,-19,24,-116,-19,16,-118,-14,-14,-121,-4,-5,-153,-28,6,-105,-15,-4,-104,-3,-37,-109,-12,-24,-123,-25,-15,-93,-15,-25,-90,-6
348,660,0,36,-34,-11,55,-104,-9,64,-155,-6,79,-184,3,39,-141,4,43,-180,-16,43,-129,-22,36,-125,-25,11,-135,2,20,-171,-19,25,-115,-19,17,-118,-14,-13,-121,-4,-5,-154,-26,6,-105,-13,-3,-105,-1,-36,-110,-11,-24,-125,-23,-15,-94,-13,-25,-91,-3
260,696,0,35,-36,-12,53,-106,-10,61,-156,-7,77,-185,4,38,-140,5,39,-180,-15,40,-130,-22,34,-127,-25,11,-133,4,15,-169,-16,21,-115,-16,15,-118,-11,-14,-118,-1,-10,-149,-22,3,-103,-9,-4,-104,3,-36,-105,-8,-28,-119,-18,-17,-91,-8,-24,-89,1
262,696,0,34,-38,-12,52,-106,-10,62,-156,-8,77,-185,2,37,-140,7,38,-179,-12,39,-130,-19,33,-126,-22,9,-133,6,15,-168,-14,21,-115,-14,14,-119,-10,-15,-117,0,-9,-149,-21,3,-104,-8,-5,-104,3,-36,-104,-7,-27,-119,-18,-17,-91,-7,-25,-89,2
261,695,0,35,-36,-12,54,-106,-10,63,-156,-9,79,-184,1,38,-139,4,40,-179,-16,39,-129,-22,33,-126,-25,11,-132,2,16,-169,-18,21,-115,-17,15,-118,-12,-13,-118,-4,-8,-150,-24,3,-103,-11,-4,-105,2,-36,-104,-11,-27,-120,-21,-18,-91,-10,-24,-89,0
261,692,0,35,-36,-11,54,-105,-10,63,-155,-8,79,-184,2,39,-140,4,40,-180,-16,40,-129,-22,35,-126,-25,11,-133,2,16,-169,-18,21,-113,-18,15,-118,-13,-13,-118,-4,-8,-149,-25,3,-101,-12,-4,-104,1,-36,-104,-11,-27,-118,-22,-17,-90,-12,-24,-88,-2
264,691,0,34,-39,-11,52,-108,-9,61,-156,-7,76,-185,2,36,-139,7,38,-178,-12,39,-130,-18,34,-126,-22,9,-133,6,15,-169,-13,21,-115,-13,14,-119,-9,-14,-117,0,-10,-149,-19,2,-103,-7,-5,-105,5,-37,-105,-7,-28,-119,-16,-19,-92,-5,-26,-89,4
264,688,0,34,-38,-12,53,-106,-10,62,-156,-9,78,-184,0,37,-139,5,40,-178,-13,40,-130,-19,34,-126,-22,9,-132,4,16,-168,-16,21,-115,-15,15,-118,-11,-14,-116,-2,-9,-149,-23,3,-103,-10,-4,-104,3,-36,-104,-9,-27,-119,-19,-17,-91,-9,-25,-89,1
265,685,0,35,-36,-11,54,-105,-9,63,-156,-6,79,-184,4,38,-138,4,39,-177,-14,39,-127,-20,34,-125,-23,9,-131,3,16,-168,-17,21,-113,-16,14,-117,-11,-14,-115,-3,-9,-148,-23,3,-101,-9,-5,-104,3,-36,-104,-9,-27,-118,-19,-17,-90,-9,-24,-88,1
264,682,0,35,-34,-11,54,-103,-10,63,-155,-9,79,-184,-1,39,-139,4,40,-179,-16,41,-129,-21,35,-124,-23,12,-132,2,16,-168,-19,22,-113,-17,15,-115,-12,-13,-117,-5,-8,-149,-27,3,-100,-14,-5,-102,-1,-36,-104,-13,-28,-118,-25,-18,-88,-14,-25,-86,-5
260,688,0,34,-37,-11,52,-107,-7,59,-158,-2,75,-186,11,34,-141,7,36,-178,-11,38,-130,-17,32,-128,-21,6,-133,7,12,-167,-12,19,-115,-12,12,-119,-9,-17,-117,2,-11,-148,-17,2,-103,-5,-7,-104,6,-37,-104,-4,-28,-117,-14,-18,-89,-5,-25,-88,4
500,731,0,39,-23,-6,56,-101,0,59,-157,5,76,-185,17,34,-146,4,42,-176,-13,43,-125,-19,36,-125,-23,3,-136,1,21,-168,-21,25,-112,-23,14,-114,-20,-20,-120,-5,-4,-150,-27,7,-102,-16,-5,-99,-6,-40,-109,-11,-21,-124,-25,-11,-90,-18,-23,-87,-11
497,732,0,39,-24,-7,57,-103,-1,60,-158,5,75,-186,18,33,-146,2,42,-176,-15,42,-124,-21,35,-124,-25,2,-135,-1,20,-170,-21,26,-113,-24,14,-113,-22,-20,-118,-6,-6,-150,-28,7,-101,-18,-6,-97,-8,-41,-106,-12,-22,-122,-26,-11,-89,-20,-23,-86,-13
491,741,0,38,-27,-7,54,-103,-2,58,-158,2,72,-187,13,34,-144,3,39,-178,-14,41,-127,-19,35,-124,-23,5,-133,0,18,-171,-21,24,-113,-21,13,-112,-18,-18,-117,-6,-6,-153,-29,6,-103,-18,-5,-97,-7,-40,-106,-13,-23,-125,-27,-13,-92,-19,-24,-86,-11
490,738,0,40,-25,-6,56,-103,1,60,-157,6,74,-186,18,35,-143,3,42,-177,-14,42,-125,-20,35,-124,-24,4,-132,-1,20,-169,-22,25,-112,-23,14,-111,-21,-18,-116,-7,-5,-151,-30,7,-100,-19,-5,-96,-9,-40,-105,-14,-22,-124,-28,-12,-90,-20,-24,-85,-12
490,740,0,39,-25,-7,57,-103,-2,58,-158,4,71,-187,15,35,-145,3,42,-175,-15,42,-125,-21,35,-124,-25,3,-134,0,19,-169,-21,24,-113,-23,14,-113,-21,-19,-118,-6,-7,-150,-29,6,-101,-20,-6,-97,-10,-41,-106,-13,-22,-122,-27,-13,-90,-21,-24,-86,-14
491,741,0,39,-27,-8,55,-103,-3,58,-157,1,71,-187,11,32,-143,2,38,-176,-15,41,-126,-19,34,-124,-22,3,-133,0,18,-169,-21,24,-113,-22,13,-111,-19,-19,-117,-6,-7,-150,-29,6,-101,-18,-6,-97,-8,-41,-105,-12,-24,-123,-26,-14,-91,-19,-25,-85,-11
491,741,0,39,-27,-8,55,-103,-3,59,-157,2,73,-187,12,33,-144,2,39,-177,-15,41,-126,-19,34,-124,-23,3,-133,-1,18,-170,-21,25,-112,-21,14,-112,-18,-19,-117,-6,-6,-150,-28,7,-101,-18,-5,-97,-7,-41,-105,-12,-23,-123,-26,-13,-90,-18,-24,-86,-11
493,745,0,38,-24,-6,56,-103,0,57,-160,6,72,-187,18,31,-146,3,40,-174,-13,40,-124,-18,33,-124,-22,-1,-134,0,19,-168,-22,24,-113,-25,13,-112,-23,-23,-117,-6,-7,-149,-29,6,-100,-20,-7,-96,-11,-43,-106,-13,-22,-122,-28,-12,-89,-22,-24,-86,-16
495,741,0,39,-22,-6,56,-102,1,56,-159,7,71,-187,18,32,-145,4,39,-174,-13,40,-124,-19,34,-124,-23,-1,-133,1,18,-168,-22,23,-111,-25,12,-110,-23,-23,-117,-5,-8,-148,-27,5,-99,-18,-8,-94,-8,-45,-106,-11,-23,-121,-25,-14,-87,-20,-26,-84,-14
492,737,0,38,-21,-6,57,-98,0,58,-156,5,72,-187,16,33,-144,5,43,-172,-10,43,-123,-14,35,-124,-18,0,-135,2,21,-167,-19,25,-112,-22,14,-112,-19,-22,-119,-4,-6,-150,-26,7,-101,-16,-7,-97,-6,-44,-109,-10,-22,-123,-24,-12,-89,-19,-24,-86,-12
490,732,0,39,-17,-8,59,-97,-2,59,-157,3,74,-186,14,35,-143,1,42,-173,-15,43,-124,-19,37,-123,-22,1,-133,-1,20,-168,-22,25,-111,-24,15,-110,-21,-22,-118,-5,-6,-149,-28,7,-100,-18,-6,-94,-7,-44,-107,-10,-23,-121,-25,-12,-86,-20,-25,-82,-13
490,737,0,39,-20,-8,56,-100,-2,56,-159,4,72,-187,16,31,-146,2,39,-176,-13,41,-125,-17,35,-124,-21,0,-135,1,18,-170,-20,24,-113,-22,12,-112,-20,-23,-119,-4,-8,-150,-25,5,-101,-16,-8,-96,-6,-44,-108,-8,-25,-122,-23,-14,-89,-17,-25,-85,-11
666,799,0,40,-24,-11,51,-105,-7,44,-162,-4,47,-195,5,19,-153,4,36,-179,-14,39,-131,-16,28,-123,-18,-9,-145,1,16,-172,-22,24,-115,-21,11,-111,-15,-30,-130,-6,-6,-156,-35,7,-103,-24,-7,-94,-11,-50,-115,-14,-21,-130,-34,-10,-93,-28,-24,-84,-19
674,805,0,41,-27,-10,51,-106,-7,43,-162,-4,48,-195,5,21,-157,6,38,-183,-13,41,-134,-16,28,-128,-19,-8,-150,2,18,-178,-22,25,-120,-21,12,-117,-15,-29,-134,-7,-5,-161,-36,8,-108,-25,-7,-101,-12,-48,-117,-17,-20,-134,-36,-9,-98,-30,-24,-90,-21
686,793,0,42,-21,-10,56,-103,-5,45,-163,-1,45,-195,9,22,-158,6,42,-183,-14,42,-132,-18,28,-129,-21,-10,-149,2,20,-180,-24,25,-119,-25,12,-115,-20,-32,-133,-7,-6,-161,-36,8,-106,-25,-8,-98,-13,-52,-118,-15,-21,-133,-36,-9,-95,-30,-24,-87,-23
701,785,0,39,-23,-10,54,-103,-6,52,-158,-3,62,-190,7,21,-154,5,41,-176,-14,41,-127,-18,28,-123,-20,-8,-145,1,22,-171,-25,26,-114,-26,13,-111,-20,-29,-131,-7,-2,-155,-37,10,-102,-26,-5,-95,-14,-48,-116,-16,-17,-130,-36,-7,-94,-29,-21,-87,-21
794,773,0,39,-33,-5,48,-110,-2,47,-160,-1,55,-193,6,10,-161,13,36,-181,-7,39,-133,-13,24,-123,-17,-14,-154,5,20,-175,-20,26,-120,-21,10,-113,-17,-33,-139,-7,0,-160,-37,11,-108,-27,-6,-98,-15,-49,-120,-19,-15,-136,-39,-5,-101,-33,-19,-91,-24
795,769,0,38,-30,-9,48,-107,-7,47,-160,-7,45,-195,-1,8,-163,8,33,-187,-12,38,-139,-17,26,-126,-19,-14,-156,3,16,-180,-22,26,-123,-22,10,-114,-17,-34,-141,-7,-2,-165,-38,10,-110,-29,-6,-98,-16,-52,-121,-17,-18,-140,-38,-7,-103,-31,-22,-90,-22
784,770,0,41,-24,-10,56,-103,-6,51,-159,-2,59,-191,8,21,-155,5,41,-179,-13,42,-130,-16,29,-123,-17,-8,-148,1,22,-175,-22,29,-117,-21,14,-112,-16,-28,-135,-7,0,-161,-35,12,-107,-25,-5,-97,-12,-47,-120,-15,-15,-135,-35,-3,-98,-29,-19,-89,-21
783,783,0,42,-28,-7,56,-104,-3,56,-157,-1,67,-189,6,24,-156,10,43,-181,-11,46,-133,-14,33,-122,-15,-3,-152,3,26,-176,-22,32,-119,-22,17,-114,-16,-24,-138,-7,4,-162,-39,15,-107,-28,-3,-100,-15,-44,-122,-18,-12,-137,-40,-2,-100,-34,-18,-92,-25
781,781,0,41,-23,-5,59,-103,1,58,-157,6,70,-188,17,27,-158,10,48,-181,-9,46,-130,-14,34,-124,-17,-3,-153,4,29,-178,-20,32,-119,-21,17,-116,-16,-25,-139,-6,5,-164,-34,15,-109,-23,-3,-101,-11,-45,-126,-17,-12,-140,-35,-2,-102,-28,-18,-94,-20
780,775,0,42,-20,-11,59,-98,-9,58,-155,-7,69,-188,1,27,-153,4,47,-179,-16,48,-129,-20,36,-120,-21,-1,-148,0,27,-175,-26,33,-117,-25,18,-111,-19,-22,-135,-8,5,-160,-39,15,-105,-28,-2,-96,-15,-43,-121,-17,-11,-136,-39,-2,-97,-33,-17,-89,-24
777,771,0,41,-18,-8,63,-98,-2,65,-154,3,77,-185,14,33,-154,5,53,-176,-13,51,-125,-17,38,-120,-20,1,-148,1,34,-174,-23,35,-115,-24,21,-112,-19,-20,-134,-6,8,-161,-33,18,-107,-21,0,-98,-9,-41,-124,-15,-8,-136,-33,0,-99,-27,-15,-93,-20
778,769,0,42,-16,-10,63,-96,-6,65,-154,-3,76,-185,7,30,-154,4,52,-177,-16,50,-127,-21,39,-119,-23,0,-149,0,31,-175,-25,34,-116,-26,21,-111,-21,-22,-137,-8,7,-162,-36,16,-106,-25,0,-98,-12,-43,-124,-16,-11,-137,-35,-2,-99,-28,-16,-91,-20
776,770,0,40,-16,-12,60,-97,-8,64,-154,-6,77,-185,3,29,-154,3,51,-174,-16,49,-125,-20,37,-120,-23,0,-149,1,30,-171,-24,33,-114,-23,20,-110,-18,-22,-136,-7,7,-158,-34,16,-105,-24,0,-97,-12,-43,-123,-14,-11,-135,-33,-1,-99,-27,-16,-92,-20
