126,877,0,45,-30,-16,72,-94,-15,75,-155,-15,61,-191,-10,46,-134,15,52,-177,-11,51,-129,-22,46,-108,-24,20,-135,14,27,-175,-17,29,-118,-24,22,-101,-18,-5,-129,6,1,-168,-29,8,-110,-18,2,-90,2,-35,-120,-1,-23,-154,-21,-16,-113,-6,-20,-93,12
126,880,0,45,-32,-15,71,-95,-13,74,-155,-13,60,-191,-8,45,-135,19,51,-177,-9,50,-130,-21,45,-108,-23,20,-136,17,26,-176,-15,29,-119,-22,21,-101,-17,-6,-130,9,1,-169,-27,7,-111,-16,2,-91,4,-35,-121,1,-23,-155,-19,-16,-114,-4,-20,-94,15
125,878,0,45,-31,-14,72,-94,-12,75,-155,-12,61,-191,-7,46,-135,17,52,-177,-10,50,-129,-22,44,-107,-23,21,-135,15,27,-175,-17,29,-118,-24,22,-100,-18,-5,-130,6,2,-168,-30,8,-111,-18,2,-89,2,-34,-121,-2,-22,-155,-22,-15,-113,-7,-20,-93,12
125,877,0,44,-29,-15,72,-94,-13,76,-155,-13,61,-191,-8,46,-135,13,53,-177,-13,51,-129,-24,45,-107,-26,21,-136,11,26,-175,-20,29,-118,-26,22,-100,-20,-5,-130,4,1,-169,-32,7,-111,-19,3,-90,1,-34,-122,-4,-23,-154,-24,-16,-112,-9,-20,-92,9
124,875,0,45,-28,-15,74,-92,-14,77,-155,-14,62,-191,-8,47,-135,13,53,-176,-14,52,-128,-25,47,-107,-27,21,-135,11,27,-175,-21,29,-117,-26,23,-100,-20,-4,-130,4,2,-169,-33,8,-110,-20,3,-90,0,-33,-122,-4,-22,-154,-24,-16,-112,-9,-19,-91,9
123,874,0,45,-29,-17,76,-92,-16,81,-156,-16,62,-190,-12,50,-134,11,54,-175,-15,52,-127,-26,47,-107,-29,23,-135,10,27,-175,-21,29,-117,-27,24,-98,-21,-3,-130,4,1,-170,-31,7,-112,-18,4,-89,2,-32,-121,-2,-23,-155,-22,-16,-113,-7,-19,-92,12
125,874,0,45,-28,-16,76,-92,-15,81,-155,-13,65,-190,-7,50,-132,11,54,-175,-14,51,-127,-25,47,-107,-27,23,-133,10,27,-174,-20,28,-117,-25,23,-98,-19,-3,-129,4,1,-169,-29,6,-112,-16,3,-89,3,-32,-120,-3,-23,-154,-21,-17,-114,-6,-19,-93,11
127,872,0,45,-27,-17,76,-91,-17,81,-154,-17,66,-189,-12,51,-131,8,55,-174,-17,52,-127,-27,49,-105,-29,24,-133,7,28,-174,-22,29,-117,-27,24,-97,-20,-3,-129,2,2,-167,-32,7,-110,-18,4,-88,1,-32,-120,-5,-22,-153,-24,-17,-112,-9,-19,-91,9
245,672,0,50,-8,-20,98,-61,-22,118,-124,-24,108,-168,-21,81,-112,-2,97,-156,-29,81,-108,-38,70,-87,-39,54,-126,-2,69,-168,-34,56,-107,-37,46,-88,-29,27,-134,-7,41,-174,-41,33,-111,-27,24,-89,-7,-4,-138,-12,14,-171,-32,10,-126,-18,2,-105,-1
246,672,0,50,-7,-19,99,-61,-22,119,-125,-23,108,-169,-19,82,-112,-3,97,-156,-29,82,-108,-37,71,-88,-38,55,-126,-3,69,-169,-34,56,-108,-36,46,-88,-28,27,-134,-7,41,-174,-42,32,-111,-27,24,-90,-7,-4,-139,-13,14,-170,-32,9,-125,-18,2,-105,-1
248,672,0,49,-6,-19,98,-60,-21,118,-126,-22,107,-169,-19,81,-111,-4,97,-155,-29,81,-107,-36,71,-88,-36,53,-126,-4,68,-168,-34,56,-106,-36,46,-89,-28,26,-133,-8,41,-174,-42,32,-111,-27,24,-90,-6,-5,-138,-13,12,-171,-33,9,-126,-18,2,-106,-1
252,671,0,51,-8,-18,99,-62,-19,118,-125,-20,109,-168,-15,82,-114,0,98,-159,-25,82,-111,-34,71,-89,-34,55,-127,0,70,-170,-29,57,-109,-32,47,-89,-24,27,-135,-5,42,-175,-37,33,-113,-24,25,-89,-5,-3,-139,-11,14,-171,-30,11,-128,-17,5,-106,0
254,669,0,51,-9,-20,99,-61,-22,118,-125,-24,107,-169,-22,81,-113,-1,97,-156,-27,83,-108,-37,71,-86,-37,54,-127,-1,69,-169,-32,57,-108,-35,46,-88,-28,27,-134,-6,42,-174,-40,34,-111,-26,24,-89,-6,-5,-138,-12,14,-170,-32,10,-125,-17,3,-105,0
256,668,0,50,-8,-20,99,-61,-22,118,-125,-23,108,-169,-20,81,-112,-2,97,-157,-27,82,-109,-36,70,-87,-37,54,-126,-2,69,-169,-32,56,-108,-35,46,-88,-28,27,-134,-6,41,-174,-39,32,-111,-26,24,-89,-6,-5,-137,-12,13,-169,-31,10,-125,-17,2,-105,0
258,668,0,50,-8,-20,98,-61,-23,118,-126,-24,106,-170,-21,80,-112,-3,96,-156,-28,81,-108,-37,70,-86,-38,53,-126,-2,68,-169,-33,55,-108,-36,45,-88,-29,25,-133,-6,40,-174,-40,32,-112,-26,23,-89,-7,-6,-137,-12,13,-171,-32,10,-126,-18,2,-105,-1
259,668,0,51,-9,-19,98,-62,-21,118,-125,-22,108,-169,-19,80,-112,1,95,-156,-25,81,-109,-34,70,-87,-35,53,-127,1,68,-169,-29,56,-109,-32,46,-88,-25,27,-134,-4,41,-174,-37,32,-112,-24,24,-89,-5,-4,-138,-10,13,-170,-29,10,-126,-16,3,-105,1
261,666,0,51,-8,-19,99,-61,-21,117,-125,-22,107,-169,-19,80,-112,0,96,-156,-26,81,-109,-35,70,-87,-36,53,-126,0,68,-169,-30,56,-108,-34,46,-87,-27,26,-133,-5,40,-173,-39,32,-111,-26,23,-88,-6,-6,-137,-11,13,-170,-30,10,-125,-17,2,-103,0
262,669,0,51,-7,-20,98,-61,-22,116,-126,-23,107,-169,-19,80,-113,-2,95,-156,-27,81,-109,-36,70,-87,-37,53,-126,-1,68,-169,-30,56,-108,-33,46,-88,-26,26,-134,-5,40,-174,-38,33,-113,-25,24,-90,-5,-5,-138,-11,12,-171,-30,10,-126,-16,3,-105,0
263,671,0,51,-8,-19,98,-62,-20,116,-126,-22,107,-169,-18,80,-113,1,95,-157,-24,81,-110,-34,70,-87,-34,53,-127,1,69,-170,-28,56,-109,-31,46,-88,-24,26,-134,-4,40,-174,-37,33,-113,-24,24,-89,-4,-5,-139,-10,13,-172,-29,10,-127,-16,3,-105,1
265,672,0,50,-8,-19,97,-62,-20,116,-127,-21,106,-170,-17,79,-114,1,95,-157,-24,81,-110,-33,70,-88,-34,53,-128,1,68,-170,-29,56,-109,-32,46,-90,-24,26,-135,-4,40,-175,-37,33,-113,-24,24,-91,-4,-5,-139,-10,13,-171,-30,10,-127,-16,2,-106,1
267,672,0,49,-7,-19,97,-61,-20,116,-126,-21,107,-169,-17,80,-114,0,95,-158,-24,81,-110,-33,70,-89,-33,53,-127,0,68,-171,-29,56,-110,-31,46,-90,-23,26,-135,-5,40,-176,-37,32,-114,-24,24,-90,-4,-4,-140,-11,13,-171,-30,10,-127,-16,3,-106,0
268,671,0,50,-7,-19,98,-61,-20,117,-126,-21,107,-169,-17,81,-112,0,95,-156,-24,82,-109,-32,71,-88,-33,54,-126,0,69,-169,-29,57,-108,-31,47,-88,-23,27,-134,-4,41,-175,-37,33,-112,-23,24,-89,-4,-4,-139,-10,14,-171,-30,10,-127,-16,3,-106,0
269,673,0,51,-8,-19,98,-62,-20,116,-126,-21,107,-169,-17,80,-113,1,95,-156,-24,82,-110,-33,70,-88,-33,54,-127,1,69,-169,-27,57,-109,-31,46,-88,-23,27,-134,-3,41,-174,-35,34,-113,-23,25,-88,-4,-4,-138,-9,15,-171,-28,12,-127,-15,5,-105,1
271,674,0,52,-10,-19,98,-63,-20,115,-126,-22,107,-169,-18,79,-114,2,96,-157,-23,82,-111,-33,70,-88,-33,53,-127,2,69,-170,-28,57,-110,-31,46,-88,-23,26,-135,-3,42,-175,-36,34,-113,-23,24,-89,-4,-4,-139,-9,15,-172,-29,12,-128,-16,4,-106,1
272,675,0,51,-10,-19,97,-64,-20,116,-126,-21,107,-169,-18,79,-115,4,96,-158,-22,82,-111,-32,70,-89,-32,53,-129,3,70,-171,-26,57,-111,-30,47,-90,-22,27,-136,-2,42,-176,-35,34,-114,-23,25,-90,-3,-4,-140,-9,15,-173,-28,13,-128,-15,5,-107,2
273,674,0,52,-10,-18,99,-62,-20,117,-126,-21,107,-169,-17,80,-115,3,97,-159,-23,83,-111,-32,71,-89,-32,53,-128,2,71,-172,-28,59,-111,-31,47,-90,-24,27,-135,-3,43,-176,-37,34,-113,-24,25,-89,-5,-4,-140,-10,16,-173,-30,13,-128,-17,5,-107,0
274,671,0,51,-7,-18,98,-61,-19,117,-125,-19,109,-168,-16,81,-113,2,97,-157,-23,83,-110,-32,71,-88,-32,54,-127,1,71,-170,-28,58,-109,-31,47,-88,-24,27,-134,-4,43,-175,-38,35,-112,-25,25,-88,-5,-3,-139,-10,16,-172,-31,13,-127,-18,5,-105,-1
276,671,0,50,-7,-18,98,-62,-19,117,-125,-20,108,-169,-16,80,-114,1,97,-157,-23,83,-109,-32,71,-89,-32,53,-128,1,70,-170,-29,58,-109,-32,47,-89,-24,27,-135,-4,43,-175,-38,34,-112,-25,24,-89,-5,-4,-140,-10,15,-172,-30,11,-127,-17,3,-106,0
276,670,0,51,-7,-19,99,-61,-20,117,-125,-21,108,-169,-17,80,-113,1,97,-156,-24,83,-109,-33,71,-87,-33,54,-127,1,70,-170,-29,58,-108,-33,47,-87,-25,27,-134,-4,43,-175,-38,34,-111,-25,24,-87,-6,-3,-139,-10,16,-172,-31,12,-125,-17,4,-104,0
278,670,0,50,-8,-19,98,-61,-20,116,-125,-21,107,-169,-18,79,-113,0,95,-156,-25,82,-108,-34,69,-87,-34,52,-127,0,69,-169,-30,57,-108,-33,45,-88,-26,26,-135,-5,42,-174,-39,33,-111,-26,23,-87,-6,-5,-139,-10,15,-172,-31,11,-126,-18,2,-105,-1
279,671,0,50,-8,-19,98,-62,-21,115,-126,-22,106,-170,-19,79,-115,-1,95,-158,-26,82,-110,-34,70,-88,-34,53,-128,-1,70,-171,-30,57,-110,-33,46,-89,-25,26,-136,-5,42,-176,-39,33,-113,-26,23,-88,-6,-6,-141,-11,14,-174,-31,11,-128,-18,2,-106,-1
279,670,0,50,-8,-19,98,-62,-20,115,-126,-21,106,-170,-17,79,-115,1,96,-157,-25,82,-110,-33,70,-87,-34,53,-128,1,70,-171,-29,57,-110,-33,46,-88,-25,26,-135,-4,42,-175,-38,33,-112,-26,24,-88,-6,-5,-141,-10,15,-173,-31,11,-127,-18,3,-105,-1
279,670,0,50,-7,-19,98,-62,-21,116,-126,-21,106,-170,-18,80,-115,0,97,-158,-26,83,-110,-34,71,-88,-34,53,-128,0,70,-171,-30,58,-109,-33,47,-89,-25,27,-136,-5,43,-176,-38,34,-112,-25,24,-88,-6,-4,-140,-10,16,-173,-31,12,-126,-18,4,-105,-1
280,668,0,51,-9,-19,98,-61,-21,116,-125,-22,107,-169,-19,80,-114,0,96,-158,-26,83,-109,-34,71,-87,-33,54,-128,0,71,-171,-31,58,-108,-33,46,-89,-25,27,-136,-5,43,-175,-39,34,-111,-26,24,-88,-6,-4,-140,-10,16,-172,-31,13,-127,-18,4,-105,-1
280,665,0,51,-7,-19,98,-60,-20,116,-124,-20,109,-168,-16,81,-112,0,97,-156,-25,84,-109,-32,72,-87,-32,54,-126,0,72,-169,-30,58,-107,-32,47,-87,-24,27,-134,-5,44,-174,-39,35,-111,-26,24,-87,-6,-3,-139,-10,17,-171,-31,13,-126,-18,5,-105,-1
281,661,0,52,-7,-18,100,-60,-19,119,-123,-19,111,-167,-15,82,-113,0,99,-156,-24,85,-108,-31,73,-87,-31,56,-127,0,73,-170,-29,59,-108,-32,47,-88,-24,28,-135,-5,45,-175,-39,36,-111,-26,25,-88,-6,-3,-140,-10,17,-172,-31,14,-127,-19,5,-105,-2
170,466,0,29,-32,-34,32,-106,-38,11,-167,-37,-8,-200,-28,-3,-139,-10,-20,-169,-39,-8,-127,-48,1,-110,-47,-26,-123,-1,-44,-155,-38,-24,-105,-38,-14,-90,-26,-45,-106,1,-62,-134,-41,-39,-88,-26,-28,-70,-3,-65,-86,0,-77,-109,-27,-60,-77,-18,-49,-63,-3
170,462,0,31,-28,-37,33,-106,-40,11,-167,-38,-9,-200,-28,-3,-139,-13,-21,-168,-42,-9,-125,-51,1,-110,-50,-26,-122,-2,-44,-154,-40,-23,-104,-40,-13,-88,-27,-46,-104,1,-62,-132,-41,-39,-85,-26,-28,-69,-3,-66,-86,2,-78,-106,-26,-59,-74,-17,-49,-61,-2
171,461,0,31,-30,-35,32,-106,-38,10,-167,-36,-10,-200,-26,-5,-138,-12,-22,-167,-41,-9,-125,-49,0,-109,-48,-28,-121,-3,-45,-153,-39,-24,-103,-39,-14,-88,-27,-47,-104,0,-63,-131,-41,-39,-85,-26,-28,-68,-3,-66,-84,1,-79,-104,-27,-60,-74,-18,-49,-60,-3
174,462,0,29,-32,-36,30,-108,-40,8,-169,-39,-13,-200,-30,-6,-139,-11,-24,-167,-40,-10,-125,-48,-1,-111,-48,-29,-123,-1,-48,-153,-39,-25,-104,-39,-15,-89,-26,-48,-104,1,-65,-131,-41,-40,-85,-26,-29,-69,-3,-68,-84,2,-80,-104,-26,-61,-73,-17,-50,-61,-1
173,459,0,30,-29,-37,32,-107,-40,8,-168,-37,-12,-200,-27,-6,-138,-14,-23,-167,-42,-10,-124,-49,0,-109,-48,-29,-121,-3,-47,-153,-41,-24,-103,-40,-14,-88,-27,-48,-103,0,-64,-130,-42,-39,-84,-27,-28,-67,-3,-67,-83,1,-79,-103,-27,-60,-72,-17,-50,-58,-2
174,461,0,30,-30,-37,31,-107,-40,7,-168,-37,-13,-200,-27,-6,-139,-13,-24,-166,-41,-11,-124,-48,-1,-111,-47,-28,-121,-3,-47,-152,-39,-25,-103,-38,-15,-89,-25,-48,-104,1,-65,-130,-40,-40,-85,-25,-29,-69,-2,-67,-84,2,-80,-104,-26,-61,-72,-17,-51,-60,-2
175,461,0,30,-30,-36,31,-107,-39,7,-169,-37,-14,-200,-27,-7,-139,-12,-25,-167,-40,-11,-125,-48,-2,-110,-47,-29,-122,-2,-47,-153,-38,-26,-104,-38,-15,-89,-25,-49,-103,1,-65,-131,-40,-41,-86,-25,-29,-69,-1,-67,-84,2,-80,-104,-25,-61,-73,-16,-51,-61,-1
175,462,0,30,-29,-36,31,-107,-39,6,-168,-36,-14,-200,-25,-6,-139,-13,-24,-167,-41,-11,-125,-48,-2,-111,-47,-29,-121,-2,-48,-152,-39,-25,-104,-38,-15,-90,-25,-48,-104,1,-65,-130,-40,-40,-86,-25,-29,-70,-1,-67,-84,1,-79,-104,-26,-61,-73,-17,-50,-61,-2
176,463,0,29,-31,-36,30,-107,-40,6,-168,-38,-14,-200,-28,-7,-139,-12,-26,-168,-40,-12,-126,-48,-2,-111,-47,-30,-122,-2,-48,-153,-38,-26,-105,-37,-16,-90,-24,-49,-105,1,-66,-131,-40,-41,-86,-25,-30,-70,-1,-68,-85,1,-81,-105,-26,-62,-75,-17,-52,-62,-1
173,462,0,29,-30,-37,31,-107,-41,6,-167,-39,-13,-200,-30,-5,-139,-13,-24,-167,-43,-11,-125,-50,-1,-111,-50,-28,-122,-3,-47,-151,-40,-24,-103,-40,-15,-90,-27,-47,-104,1,-64,-130,-42,-39,-85,-26,-28,-69,-3,-67,-85,1,-79,-105,-27,-60,-73,-17,-50,-61,-1
173,463,0,29,-30,-37,30,-106,-41,7,-167,-39,-12,-200,-30,-6,-140,-12,-24,-168,-41,-11,-127,-49,-2,-111,-48,-29,-123,-2,-48,-154,-39,-25,-105,-39,-15,-90,-26,-48,-105,1,-65,-131,-41,-40,-86,-26,-29,-70,-2,-68,-86,1,-80,-106,-26,-61,-76,-17,-51,-62,-1
170,460,0,30,-29,-38,31,-106,-42,9,-167,-41,-11,-200,-31,-5,-139,-15,-24,-168,-45,-10,-125,-53,0,-110,-52,-28,-122,-4,-47,-152,-42,-24,-103,-41,-14,-89,-29,-47,-105,0,-65,-130,-43,-39,-85,-27,-28,-69,-3,-67,-86,1,-80,-106,-27,-60,-74,-18,-50,-60,-2
170,461,0,29,-30,-38,31,-106,-42,8,-167,-41,-12,-200,-33,-6,-140,-13,-24,-169,-43,-11,-127,-52,-1,-111,-51,-28,-124,-2,-47,-153,-41,-25,-104,-41,-15,-90,-28,-48,-106,1,-66,-132,-42,-40,-87,-27,-29,-71,-3,-67,-87,1,-80,-107,-27,-61,-75,-18,-50,-62,-2
171,461,0,27,-31,-38,30,-106,-43,7,-167,-43,-13,-200,-34,-6,-140,-12,-25,-168,-42,-12,-126,-50,-2,-112,-50,-30,-123,-2,-48,-153,-39,-26,-104,-39,-16,-91,-27,-48,-106,1,-66,-132,-41,-41,-87,-26,-30,-71,-2,-68,-87,2,-81,-107,-26,-62,-76,-17,-51,-62,-1
170,459,0,28,-30,-38,30,-107,-43,9,-168,-43,-13,-200,-34,-6,-141,-13,-24,-169,-43,-11,-127,-51,-2,-112,-51,-29,-124,-2,-48,-154,-40,-26,-104,-40,-15,-91,-28,-48,-107,2,-66,-132,-41,-41,-87,-26,-30,-70,-3,-68,-88,2,-81,-108,-25,-62,-76,-16,-52,-62,0
170,461,0,29,-30,-37,33,-108,-40,10,-169,-39,-12,-200,-29,-4,-141,-12,-22,-169,-41,-9,-127,-49,0,-113,-48,-28,-125,-2,-46,-155,-39,-23,-105,-39,-14,-92,-26,-47,-108,1,-64,-135,-40,-40,-88,-24,-29,-72,-1,-67,-89,2,-79,-111,-25,-61,-78,-15,-51,-64,2
214,504,0,46,-24,-13,71,-84,-12,78,-145,-13,71,-187,-8,49,-132,12,61,-173,-12,62,-123,-15,53,-104,-11,26,-137,9,40,-176,-19,41,-117,-20,29,-105,-11,3,-138,0,18,-176,-36,21,-115,-24,10,-97,-4,-25,-137,-8,-4,-171,-31,1,-129,-18,-9,-109,0
215,505,0,46,-25,-13,71,-86,-11,77,-146,-12,70,-188,-7,48,-133,12,60,-174,-12,61,-125,-16,53,-104,-12,26,-138,9,39,-177,-19,40,-118,-20,28,-104,-12,1,-139,0,17,-177,-35,20,-116,-23,9,-97,-4,-27,-136,-8,-4,-172,-30,0,-129,-17,-10,-108,0
215,505,0,46,-26,-12,70,-87,-10,75,-147,-11,69,-188,-6,46,-134,14,59,-174,-9,61,-125,-13,51,-104,-8,24,-138,10,38,-176,-17,40,-117,-19,27,-104,-10,1,-139,1,17,-176,-34,20,-115,-23,8,-97,-3,-27,-135,-8,-5,-171,-30,0,-128,-17,-11,-108,1
217,506,0,44,-26,-13,68,-87,-12,74,-148,-13,67,-189,-8,44,-135,10,57,-177,-14,59,-126,-17,50,-106,-12,22,-139,6,36,-177,-21,38,-117,-21,26,-105,-13,-2,-139,-3,15,-177,-39,18,-115,-26,6,-98,-6,-29,-136,-11,-7,-171,-34,-2,-128,-20,-12,-108,-2
214,506,0,45,-26,-12,68,-86,-11,74,-147,-11,67,-189,-6,45,-131,12,58,-173,-12,59,-124,-15,50,-104,-9,23,-135,8,36,-175,-20,38,-116,-21,26,-104,-12,0,-136,-1,15,-174,-38,19,-113,-25,7,-97,-5,-28,-133,-10,-6,-168,-33,0,-126,-19,-12,-106,-2
214,508,0,44,-26,-13,68,-87,-12,73,-148,-13,66,-189,-8,43,-134,12,56,-174,-12,59,-125,-14,50,-105,-10,21,-138,8,36,-176,-20,38,-117,-20,25,-105,-12,-2,-138,-1,15,-176,-37,19,-114,-24,6,-97,-4,-29,-134,-9,-7,-169,-32,-1,-125,-18,-12,-105,-1
213,507,0,44,-25,-13,68,-87,-11,73,-148,-11,66,-189,-6,44,-133,10,57,-174,-13,58,-124,-15,50,-105,-9,22,-137,7,36,-175,-21,38,-116,-20,25,-104,-11,-2,-137,-2,14,-175,-39,18,-113,-25,6,-96,-5,-29,-133,-11,-7,-168,-33,-2,-125,-20,-13,-105,-3
211,509,0,45,-24,-14,69,-86,-12,74,-148,-12,67,-189,-6,45,-132,10,58,-174,-14,60,-124,-15,50,-105,-10,23,-136,7,37,-176,-21,39,-116,-21,26,-104,-12,-1,-137,-1,16,-175,-39,19,-113,-26,7,-96,-5,-28,-133,-10,-6,-168,-33,-1,-125,-20,-13,-105,-3
211,511,0,45,-24,-13,68,-87,-12,73,-148,-12,66,-189,-6,44,-134,11,56,-175,-13,59,-125,-16,50,-105,-11,21,-137,8,36,-176,-21,38,-116,-21,26,-104,-12,-2,-138,-1,14,-174,-38,18,-113,-25,7,-96,-5,-29,-134,-10,-7,-169,-33,-1,-126,-19,-12,-106,-1
211,513,0,44,-27,-13,68,-88,-12,73,-148,-12,66,-189,-7,43,-133,12,56,-174,-12,58,-125,-14,49,-107,-9,21,-137,9,35,-176,-20,37,-117,-20,25,-106,-11,-2,-137,0,14,-174,-38,17,-113,-25,5,-97,-5,-29,-133,-9,-7,-169,-32,-2,-126,-19,-13,-107,-1
210,514,0,45,-26,-14,69,-88,-12,74,-149,-12,66,-189,-6,44,-134,10,57,-175,-13,59,-125,-15,50,-107,-10,22,-138,7,36,-176,-20,37,-117,-20,25,-105,-11,-2,-138,-1,15,-175,-38,18,-114,-25,6,-98,-5,-29,-134,-10,-7,-170,-32,-1,-127,-18,-12,-107,-1
210,515,0,45,-27,-12,68,-89,-10,73,-148,-10,65,-189,-5,44,-133,13,56,-174,-10,58,-125,-13,49,-106,-8,22,-136,9,35,-176,-19,38,-116,-19,25,-104,-11,-1,-136,0,15,-173,-37,18,-113,-25,6,-96,-5,-29,-133,-10,-7,-168,-32,-1,-126,-18,-12,-106,-1
210,516,0,44,-26,-13,68,-88,-11,74,-148,-11,66,-189,-5,44,-133,12,57,-174,-12,59,-124,-14,50,-106,-9,22,-136,8,35,-175,-19,37,-117,-20,25,-104,-11,-2,-136,0,14,-174,-36,17,-113,-23,5,-96,-3,-29,-133,-9,-8,-168,-31,-2,-126,-17,-13,-106,0
210,519,0,44,-27,-13,68,-89,-11,73,-149,-11,66,-189,-6,43,-134,12,55,-175,-11,57,-126,-14,48,-107,-9,21,-137,8,34,-175,-19,36,-117,-19,24,-105,-11,-2,-137,0,13,-174,-36,17,-114,-23,5,-97,-3,-28,-133,-9,-7,-168,-31,-2,-126,-17,-13,-107,1
209,520,0,44,-28,-12,67,-89,-11,72,-148,-11,65,-189,-5,44,-133,11,56,-175,-12,58,-126,-14,50,-106,-8,22,-136,7,34,-175,-20,37,-117,-20,25,-105,-11,-1,-136,-2,14,-173,-37,17,-114,-24,6,-97,-4,-28,-132,-11,-7,-168,-33,-2,-126,-19,-13,-106,-1
209,522,0,44,-29,-12,67,-91,-10,72,-149,-11,65,-190,-5,43,-134,12,55,-176,-12,58,-126,-14,49,-107,-10,21,-137,8,34,-175,-20,36,-117,-20,24,-105,-12,-2,-137,-2,13,-173,-37,17,-114,-24,5,-97,-5,-29,-133,-11,-8,-167,-33,-2,-126,-19,-13,-106,-1
209,524,0,43,-28,-12,65,-91,-11,71,-149,-11,64,-190,-5,42,-135,10,54,-176,-13,57,-127,-15,49,-108,-10,20,-137,6,34,-175,-21,35,-117,-21,23,-106,-12,-3,-137,-3,13,-173,-39,17,-113,-26,5,-98,-6,-30,-133,-13,-9,-168,-34,-2,-127,-20,-13,-108,-3
206,524,0,45,-28,-12,67,-90,-9,73,-149,-9,66,-189,-3,45,-131,13,57,-173,-10,59,-124,-12,50,-107,-7,22,-134,9,35,-173,-19,37,-115,-19,25,-105,-10,0,-134,-1,15,-171,-37,18,-112,-24,6,-97,-4,-28,-131,-10,-7,-166,-32,-1,-125,-18,-12,-107,0
209,528,0,43,-27,-15,66,-90,-14,71,-148,-15,64,-190,-9,43,-133,9,55,-174,-15,57,-125,-17,48,-108,-13,20,-137,6,33,-174,-22,36,-116,-22,25,-107,-14,-3,-135,-3,12,-171,-39,16,-113,-26,5,-99,-7,-29,-132,-12,-8,-165,-34,-3,-125,-20,-14,-107,-3
210,531,0,43,-26,-14,66,-89,-13,72,-149,-13,65,-190,-7,44,-133,9,56,-173,-14,57,-124,-16,48,-108,-12,21,-136,6,33,-174,-21,36,-116,-20,25,-108,-12,-2,-134,-3,11,-171,-37,16,-113,-23,5,-100,-4,-29,-131,-12,-9,-165,-32,-4,-124,-18,-14,-108,-1
259,533,0,28,-18,-54,55,-78,-69,62,-146,-76,53,-193,-74,55,-133,-9,38,-173,-45,27,-134,-59,33,-117,-60,32,-139,11,16,-176,-29,10,-124,-30,21,-115,-18,11,-140,21,-5,-172,-21,-8,-124,-7,4,-111,16,-10,-141,26,-23,-164,3,-25,-130,12,-15,-116,29
259,535,0,27,-20,-53,52,-80,-68,60,-147,-76,52,-193,-74,55,-134,-6,39,-174,-40,28,-136,-52,33,-120,-53,32,-140,15,17,-177,-23,11,-125,-23,22,-118,-10,11,-141,25,-5,-173,-14,-7,-126,-1,6,-115,22,-10,-141,30,-23,-164,9,-25,-133,18,-16,-120,34
257,532,0,27,-20,-53,51,-79,-68,60,-146,-76,52,-193,-73,55,-132,-3,40,-174,-38,28,-136,-52,32,-117,-53,32,-138,18,18,-176,-21,11,-125,-23,21,-116,-12,12,-139,28,-4,-171,-12,-7,-126,0,5,-113,23,-8,-139,34,-23,-162,12,-24,-130,21,-15,-117,36
251,530,0,26,-25,-55,48,-82,-70,56,-146,-77,49,-194,-74,53,-130,1,37,-173,-35,25,-136,-54,28,-116,-57,33,-136,25,16,-175,-17,9,-127,-26,18,-114,-19,12,-137,38,-5,-170,-3,-8,-128,4,4,-113,23,-8,-140,46,-23,-162,25,-25,-131,31,-14,-116,45
252,533,0,25,-26,-54,47,-83,-69,54,-147,-75,47,-195,-72,51,-131,0,35,-173,-34,23,-136,-52,26,-116,-55,30,-136,24,15,-175,-16,7,-128,-24,16,-116,-16,9,-137,37,-6,-170,-2,-10,-128,6,2,-114,25,-10,-139,45,-25,-161,26,-26,-132,33,-16,-118,46
249,534,0,26,-26,-53,47,-82,-66,54,-147,-72,47,-195,-68,53,-129,5,38,-171,-28,25,-137,-45,28,-116,-48,32,-135,28,17,-174,-10,9,-128,-18,19,-116,-11,12,-137,41,-3,-170,3,-8,-129,11,4,-113,29,-8,-140,49,-23,-161,30,-25,-131,36,-14,-116,50
249,529,0,26,-25,-52,48,-81,-65,56,-146,-71,49,-194,-67,53,-128,4,40,-171,-29,27,-136,-46,30,-117,-50,32,-134,26,18,-174,-12,10,-127,-20,20,-115,-13,12,-136,38,-4,-169,0,-7,-127,9,4,-113,27,-8,-138,45,-24,-160,27,-26,-130,33,-15,-116,47
249,527,0,27,-24,-52,49,-82,-66,57,-148,-73,49,-194,-71,52,-132,0,39,-174,-34,27,-137,-49,31,-117,-52,31,-138,21,16,-176,-17,9,-127,-23,19,-117,-13,10,-139,31,-5,-171,-7,-9,-127,3,3,-114,23,-10,-140,38,-25,-161,18,-27,-131,26,-16,-117,40
248,533,0,26,-24,-54,48,-81,-68,57,-147,-74,47,-195,-71,52,-129,-1,38,-172,-34,26,-138,-50,29,-120,-52,30,-136,21,16,-175,-17,9,-128,-24,18,-119,-15,10,-137,33,-5,-170,-5,-8,-128,3,4,-115,22,-10,-139,40,-24,-160,20,-26,-131,27,-14,-118,41
249,532,0,27,-26,-54,48,-83,-69,55,-148,-76,46,-195,-73,50,-133,0,33,-174,-33,22,-136,-48,28,-121,-50,30,-138,23,13,-176,-15,7,-127,-20,19,-120,-10,9,-139,36,-7,-170,-2,-10,-127,9,4,-115,29,-10,-140,44,-26,-161,26,-27,-130,34,-15,-116,49
247,532,0,28,-26,-52,50,-83,-66,57,-148,-73,47,-195,-70,51,-133,3,35,-175,-30,24,-139,-45,30,-122,-47,30,-138,25,15,-177,-13,8,-128,-19,19,-119,-10,10,-139,36,-6,-170,-2,-9,-127,7,4,-114,26,-9,-140,43,-25,-161,24,-26,-130,30,-14,-115,45
248,530,0,27,-25,-51,50,-83,-63,57,-149,-69,48,-195,-66,51,-132,3,36,-173,-30,25,-138,-44,30,-122,-47,30,-137,23,16,-176,-14,10,-127,-20,21,-119,-10,10,-138,34,-5,-170,-4,-7,-126,6,5,-114,25,-10,-139,40,-25,-159,21,-26,-129,28,-14,-115,43
248,529,0,28,-24,-51,51,-81,-64,58,-147,-71,49,-194,-69,52,-134,-1,37,-176,-32,27,-139,-45,33,-124,-47,30,-139,20,16,-178,-17,11,-128,-20,22,-121,-9,10,-139,30,-5,-172,-7,-7,-127,5,6,-115,26,-10,-140,37,-25,-162,18,-26,-130,27,-15,-116,42
251,527,0,29,-25,-48,51,-82,-61,58,-148,-68,48,-194,-66,51,-134,3,38,-177,-29,27,-140,-44,31,-122,-46,30,-139,22,17,-179,-14,10,-129,-19,20,-120,-9,9,-139,32,-5,-172,-5,-8,-128,6,4,-114,26,-10,-139,37,-26,-161,19,-27,-130,27,-15,-115,42
251,535,0,28,-25,-51,51,-83,-63,57,-149,-70,48,-194,-66,51,-135,-2,38,-176,-33,28,-140,-46,32,-124,-48,29,-140,18,16,-178,-17,10,-129,-22,21,-122,-13,9,-140,29,-5,-172,-8,-7,-127,3,5,-115,23,-10,-140,36,-25,-162,17,-26,-130,25,-15,-115,39
377,833,0,40,-21,-19,73,-85,-18,85,-144,-16,77,-185,-7,53,-132,0,66,-163,-20,57,-114,-26,49,-109,-28,27,-135,2,38,-167,-21,34,-110,-22,27,-109,-17,1,-132,-1,12,-164,-27,12,-109,-12,6,-102,4,-26,-129,-4,-13,-150,-17,-10,-112,-1,-15,-103,14
378,832,0,40,-21,-19,74,-84,-20,86,-145,-18,77,-185,-10,54,-130,-1,66,-165,-22,57,-114,-28,50,-108,-29,28,-134,1,37,-167,-22,34,-109,-22,27,-108,-17,2,-131,-2,11,-164,-28,12,-108,-13,6,-101,4,-26,-128,-5,-14,-151,-17,-11,-111,-1,-15,-101,14
378,834,0,40,-22,-18,74,-84,-18,85,-144,-16,77,-185,-7,53,-131,-2,65,-165,-22,56,-114,-28,48,-110,-30,27,-134,-1,37,-168,-24,33,-110,-25,26,-109,-20,1,-130,-3,11,-165,-29,12,-109,-13,5,-102,3,-26,-127,-7,-15,-150,-18,-12,-112,-2,-16,-103,13
377,832,0,40,-20,-21,75,-82,-21,85,-143,-20,78,-184,-11,54,-130,-3,66,-165,-24,57,-114,-29,50,-109,-31,28,-134,-1,38,-167,-25,34,-108,-24,27,-108,-18,1,-130,-3,11,-164,-31,12,-107,-15,6,-101,2,-26,-127,-7,-14,-149,-20,-12,-110,-4,-15,-101,12
377,834,0,40,-21,-19,74,-84,-20,85,-144,-18,77,-185,-9,53,-130,-3,65,-164,-23,56,-114,-28,48,-111,-30,27,-134,-1,37,-168,-25,33,-110,-24,27,-109,-19,1,-130,-4,11,-164,-30,12,-109,-14,6,-103,2,-27,-127,-7,-15,-150,-20,-12,-111,-3,-15,-102,12
378,833,0,39,-21,-19,73,-84,-20,83,-145,-18,76,-185,-9,52,-132,-3,64,-166,-23,55,-115,-29,48,-111,-31,26,-135,-2,36,-168,-25,32,-110,-24,26,-109,-18,0,-132,-5,9,-165,-32,10,-109,-16,5,-103,0,-28,-128,-9,-17,-150,-22,-13,-111,-6,-17,-101,9
376,831,0,40,-20,-20,74,-83,-21,85,-144,-19,76,-185,-11,53,-131,-3,65,-165,-24,56,-114,-29,50,-109,-31,27,-134,-2,37,-168,-26,33,-109,-25,27,-107,-18,1,-131,-5,9,-164,-33,11,-107,-17,5,-101,0,-27,-127,-9,-16,-150,-23,-12,-110,-7,-16,-100,9
375,832,0,39,-21,-19,74,-84,-19,85,-145,-16,77,-185,-7,53,-130,-3,64,-165,-22,56,-115,-27,49,-110,-29,27,-134,-1,37,-169,-24,33,-111,-23,27,-109,-17,1,-130,-3,10,-165,-29,11,-109,-14,5,-103,3,-27,-128,-7,-16,-150,-19,-12,-111,-3,-15,-102,12
373,830,0,40,-20,-20,75,-83,-21,85,-144,-19,78,-185,-10,54,-131,-3,66,-166,-24,57,-115,-30,50,-109,-32,27,-134,-1,37,-168,-25,34,-110,-25,28,-107,-19,1,-131,-3,11,-164,-30,12,-108,-15,7,-101,1,-27,-127,-6,-15,-150,-19,-11,-110,-4,-15,-101,12
373,830,0,39,-21,-19,74,-84,-20,85,-145,-19,75,-186,-10,52,-133,-5,65,-166,-25,56,-115,-31,48,-111,-33,26,-135,-3,37,-169,-26,33,-110,-26,26,-109,-21,0,-131,-4,10,-165,-31,11,-109,-15,5,-102,1,-28,-127,-7,-15,-150,-19,-12,-111,-3,-15,-102,13
370,829,0,40,-21,-19,75,-84,-19,86,-145,-16,76,-185,-6,53,-131,-2,66,-166,-22,57,-115,-28,50,-110,-30,27,-134,0,38,-168,-23,34,-110,-24,27,-109,-19,1,-130,-2,11,-164,-28,12,-108,-13,6,-102,3,-27,-127,-5,-15,-150,-17,-11,-111,-1,-15,-101,14
369,830,0,40,-21,-19,74,-85,-19,85,-147,-16,75,-186,-6,53,-132,-3,65,-166,-23,56,-115,-28,48,-111,-30,26,-135,-1,37,-169,-24,33,-110,-24,26,-110,-18,0,-130,-3,10,-165,-29,11,-109,-14,5,-102,3,-28,-128,-6,-16,-150,-18,-12,-112,-2,-16,-102,13
367,829,0,40,-21,-20,74,-84,-20,85,-145,-17,76,-185,-8,54,-132,-3,65,-166,-23,57,-115,-29,50,-110,-30,27,-134,-1,37,-168,-24,33,-110,-24,27,-109,-18,1,-130,-3,10,-164,-30,11,-108,-14,6,-102,2,-27,-127,-6,-16,-150,-19,-12,-111,-3,-15,-101,12
367,829,0,40,-21,-19,74,-85,-18,83,-147,-15,74,-186,-4,53,-132,-3,64,-167,-24,56,-116,-29,49,-111,-31,26,-134,-1,36,-168,-24,32,-110,-23,27,-110,-18,0,-130,-3,9,-165,-29,10,-108,-13,5,-102,3,-28,-127,-6,-17,-150,-18,-13,-112,-1,-16,-102,14
367,830,0,39,-22,-19,73,-85,-19,83,-146,-15,75,-186,-5,52,-133,-2,64,-166,-22,55,-116,-28,48,-112,-30,25,-135,0,36,-169,-22,32,-111,-23,26,-111,-18,0,-130,-2,9,-165,-27,10,-109,-12,5,-103,4,-28,-127,-5,-17,-150,-16,-13,-111,0,-16,-103,15
367,831,0,39,-23,-19,72,-86,-19,83,-146,-15,74,-186,-5,51,-134,-2,63,-166,-22,55,-116,-28,48,-113,-31,25,-136,1,35,-168,-22,32,-111,-22,26,-111,-18,0,-130,-1,8,-164,-27,10,-109,-11,5,-104,5,-28,-128,-4,-17,-149,-15,-13,-111,1,-17,-102,16
367,831,0,39,-22,-20,72,-86,-20,82,-146,-18,74,-186,-8,51,-134,-2,63,-166,-22,55,-116,-29,47,-113,-31,25,-136,1,35,-168,-22,32,-111,-22,26,-111,-18,-1,-131,0,8,-164,-26,10,-109,-11,5,-104,5,-28,-128,-2,-17,-149,-14,-13,-111,2,-17,-103,17
366,830,0,39,-21,-20,73,-85,-20,83,-145,-18,75,-186,-7,52,-133,-2,64,-166,-22,55,-115,-29,48,-112,-31,26,-135,1,36,-168,-23,32,-110,-23,26,-110,-18,0,-131,0,9,-163,-27,10,-108,-12,5,-103,4,-27,-129,-3,-16,-149,-14,-13,-110,1,-17,-102,16
366,831,0,39,-22,-20,72,-86,-20,83,-146,-17,74,-186,-7,52,-134,-1,63,-166,-22,55,-116,-28,47,-112,-31,26,-136,2,36,-169,-21,32,-111,-22,26,-111,-18,0,-132,1,9,-164,-25,10,-109,-10,5,-104,5,-27,-128,-2,-16,-149,-13,-13,-111,3,-16,-103,17
366,831,0,39,-22,-20,72,-85,-20,83,-146,-17,75,-186,-8,51,-134,0,64,-165,-19,56,-115,-25,48,-111,-28,26,-137,3,36,-168,-20,33,-110,-21,26,-110,-16,0,-132,1,10,-163,-24,12,-108,-10,5,-103,6,-27,-128,-1,-15,-149,-13,-11,-111,3,-16,-103,18
367,833,0,39,-23,-19,71,-87,-19,83,-146,-16,75,-186,-7,51,-134,3,64,-164,-16,55,-115,-23,48,-110,-25,26,-136,5,36,-167,-17,32,-111,-19,26,-110,-14,0,-132,3,10,-163,-23,12,-109,-9,5,-103,7,-27,-128,0,-14,-149,-12,-11,-111,4,-16,-103,18
368,832,0,40,-22,-21,73,-86,-21,83,-146,-19,75,-186,-11,53,-133,2,64,-165,-18,57,-116,-25,50,-109,-27,27,-136,4,36,-167,-18,34,-111,-19,28,-109,-14,1,-132,2,10,-163,-24,12,-109,-11,7,-102,5,-25,-128,-1,-13,-150,-14,-10,-111,2,-15,-101,18
370,833,0,40,-23,-19,73,-87,-19,83,-145,-17,75,-186,-7,52,-134,1,64,-164,-18,56,-115,-24,49,-110,-26,27,-136,4,37,-167,-18,34,-111,-18,28,-110,-13,1,-133,2,10,-163,-23,12,-109,-9,7,-103,6,-25,-129,-1,-13,-149,-13,-10,-112,3,-15,-103,18
373,830,0,40,-22,-21,73,-85,-22,84,-145,-20,76,-185,-12,53,-133,0,64,-165,-20,57,-115,-27,50,-108,-29,26,-136,2,37,-167,-20,34,-110,-21,27,-108,-16,1,-132,0,10,-162,-26,12,-108,-12,7,-102,3,-26,-128,-3,-13,-149,-15,-9,-111,0,-15,-101,15
633,740,0,49,-6,-15,98,-50,-17,132,-95,-21,141,-142,-19,93,-103,11,118,-133,-14,99,-85,-24,86,-80,-27,71,-120,7,93,-148,-18,75,-91,-21,63,-91,-17,45,-132,-1,70,-162,-30,54,-105,-15,41,-101,3,16,-145,-11,42,-162,-25,35,-122,-8,21,-114,9
634,741,0,49,-8,-15,97,-51,-18,132,-95,-22,141,-142,-21,92,-104,11,118,-133,-15,99,-86,-25,85,-81,-28,70,-122,7,93,-148,-20,74,-91,-23,62,-92,-18,45,-133,-2,69,-162,-32,54,-105,-17,40,-101,1,16,-145,-12,42,-162,-28,34,-122,-11,20,-115,7
633,739,0,50,-5,-15,98,-48,-18,133,-94,-22,142,-141,-21,93,-100,10,120,-131,-16,100,-84,-27,86,-77,-29,71,-118,7,95,-146,-22,75,-89,-25,63,-89,-20,46,-131,-3,71,-160,-35,55,-103,-20,40,-99,-2,17,-144,-14,44,-161,-31,35,-120,-15,20,-113,3
631,742,0,50,-7,-14,98,-51,-16,132,-94,-21,143,-140,-19,93,-102,11,120,-131,-14,99,-85,-25,85,-79,-28,71,-120,7,94,-146,-21,75,-90,-25,62,-91,-20,46,-132,-3,71,-160,-34,55,-102,-20,41,-98,-1,17,-144,-14,44,-162,-30,36,-121,-13,22,-112,5
630,743,0,51,-8,-15,98,-50,-18,133,-94,-23,142,-141,-22,94,-101,12,121,-131,-15,101,-85,-26,86,-78,-29,72,-119,8,96,-145,-21,76,-89,-25,63,-89,-20,46,-132,-3,72,-159,-35,56,-102,-21,41,-99,-2,17,-145,-14,46,-162,-31,37,-121,-14,21,-113,4
630,744,0,50,-8,-14,98,-51,-17,132,-94,-22,142,-141,-21,93,-103,11,120,-132,-16,100,-85,-26,86,-79,-29,71,-120,7,95,-147,-22,74,-89,-26,62,-90,-21,46,-133,-4,71,-160,-35,54,-103,-21,39,-100,-2,17,-145,-15,44,-162,-31,35,-121,-15,21,-114,3
628,744,0,51,-7,-15,98,-51,-17,132,-95,-21,143,-140,-20,94,-102,12,120,-131,-14,101,-85,-25,87,-79,-27,72,-119,8,96,-145,-21,75,-89,-25,62,-89,-21,46,-132,-3,72,-159,-35,55,-102,-21,40,-99,-3,18,-144,-14,45,-161,-31,36,-120,-15,21,-113,3
627,744,0,50,-8,-15,98,-51,-18,132,-94,-22,144,-139,-21,94,-103,11,121,-132,-16,100,-86,-26,86,-80,-29,72,-121,7,96,-145,-22,75,-89,-26,62,-91,-22,47,-133,-3,72,-159,-36,55,-103,-22,40,-100,-4,18,-145,-14,45,-162,-32,36,-122,-15,21,-113,2
627,743,0,49,-8,-15,98,-51,-18,132,-94,-22,144,-139,-20,95,-105,10,120,-131,-16,99,-85,-27,86,-81,-30,73,-122,6,95,-146,-22,75,-90,-26,62,-91,-22,47,-134,-4,72,-160,-35,54,-104,-21,40,-101,-4,17,-145,-15,44,-162,-31,35,-121,-15,20,-114,2
627,741,0,50,-8,-17,98,-52,-21,132,-94,-25,143,-140,-24,93,-107,6,118,-133,-20,98,-85,-30,84,-81,-33,71,-124,3,93,-147,-25,74,-90,-28,61,-91,-24,45,-135,-6,70,-161,-37,53,-103,-23,38,-100,-5,16,-146,-15,42,-161,-32,33,-121,-16,19,-114,1
628,740,0,49,-7,-16,97,-52,-18,131,-95,-22,142,-141,-21,93,-105,8,120,-133,-18,98,-86,-28,84,-80,-30,71,-123,5,94,-147,-23,73,-89,-26,61,-91,-21,45,-135,-5,70,-161,-36,52,-104,-22,38,-101,-4,15,-146,-16,42,-162,-32,32,-121,-16,17,-114,1
625,740,0,50,-8,-15,98,-51,-17,132,-94,-22,143,-140,-20,94,-105,11,121,-132,-15,100,-86,-26,85,-81,-29,72,-123,7,95,-147,-20,75,-89,-24,61,-91,-20,46,-135,-3,71,-161,-34,54,-103,-20,38,-100,-2,16,-146,-14,43,-162,-30,34,-121,-14,19,-114,3
625,740,0,50,-8,-14,98,-52,-16,132,-95,-20,143,-140,-18,94,-105,11,121,-132,-15,99,-86,-25,86,-81,-27,72,-123,6,95,-147,-20,75,-91,-24,62,-92,-19,46,-135,-4,72,-161,-34,54,-104,-20,39,-101,-2,17,-147,-15,43,-163,-31,34,-122,-14,19,-114,3
626,739,0,50,-8,-14,97,-51,-16,131,-95,-20,142,-141,-18,93,-104,12,119,-131,-14,99,-85,-24,85,-80,-27,70,-122,7,94,-146,-20,73,-89,-23,61,-91,-19,45,-134,-3,71,-161,-34,53,-103,-19,38,-100,-1,16,-146,-14,43,-161,-30,33,-121,-13,19,-113,4
626,738,0,51,-5,-14,99,-48,-15,134,-93,-19,143,-140,-17,95,-100,12,122,-130,-14,101,-83,-24,87,-75,-25,72,-118,7,95,-145,-20,74,-88,-22,62,-88,-17,46,-132,-2,72,-160,-33,54,-102,-18,39,-97,0,17,-144,-13,44,-162,-29,34,-120,-12,19,-112,5
626,739,0,49,-2,-14,99,-46,-16,136,-91,-20,144,-138,-18,95,-101,7,123,-129,-17,101,-81,-26,87,-76,-28,72,-119,4,98,-145,-24,76,-88,-27,62,-88,-22,46,-132,-5,73,-159,-36,55,-101,-22,40,-98,-4,16,-145,-14,45,-161,-30,36,-120,-14,20,-112,3
621,758,0,52,0,-14,104,-37,-17,143,-76,-21,158,-123,-20,106,-91,10,136,-116,-15,112,-71,-24,98,-67,-25,84,-112,6,113,-136,-22,88,-82,-27,73,-83,-23,58,-129,-3,87,-148,-35,65,-94,-22,50,-94,-6,27,-146,-12,59,-155,-29,47,-116,-14,30,-114,2
617,761,0,52,-1,-13,105,-39,-14,142,-77,-18,158,-123,-17,105,-95,8,134,-119,-15,110,-74,-24,97,-71,-26,84,-115,3,110,-136,-22,87,-82,-25,72,-85,-22,58,-131,-6,87,-152,-36,66,-96,-22,50,-95,-5,28,-147,-17,58,-159,-32,48,-119,-17,32,-113,0
425,461,0,41,-12,-21,79,-71,-24,96,-133,-25,92,-178,-22,62,-119,-6,71,-162,-32,60,-115,-40,52,-93,-40,36,-127,-4,44,-169,-34,37,-110,-37,32,-88,-29,10,-128,-6,18,-168,-39,16,-108,-26,11,-85,-6,-17,-128,-9,-8,-163,-29,-5,-121,-16,-8,-98,0
424,461,0,42,-13,-20,79,-71,-23,96,-133,-24,92,-178,-21,63,-119,-4,71,-162,-30,61,-116,-39,53,-93,-39,37,-127,-2,44,-169,-33,38,-110,-35,32,-88,-27,11,-129,-5,18,-167,-38,16,-108,-25,12,-84,-6,-16,-128,-9,-7,-163,-29,-5,-121,-16,-7,-98,0
423,460,0,42,-12,-21,80,-70,-23,96,-133,-24,93,-178,-21,63,-119,-6,72,-161,-32,61,-115,-40,53,-92,-40,37,-126,-4,45,-168,-34,39,-110,-36,33,-87,-28,11,-128,-6,19,-166,-39,17,-108,-26,13,-84,-7,-16,-127,-10,-7,-162,-29,-5,-120,-17,-7,-98,-1
423,461,0,41,-13,-21,79,-71,-24,96,-133,-25,92,-178,-22,63,-119,-5,71,-162,-31,61,-115,-40,53,-93,-39,37,-127,-3,45,-169,-33,38,-111,-35,32,-89,-27,11,-129,-5,18,-167,-39,16,-108,-26,12,-84,-6,-16,-128,-9,-7,-163,-29,-5,-121,-16,-7,-98,0
422,462,0,41,-13,-21,79,-72,-24,96,-134,-25,91,-178,-22,63,-119,-5,71,-162,-31,61,-116,-40,53,-93,-40,37,-127,-3,45,-169,-33,39,-111,-35,33,-89,-27,11,-129,-6,18,-167,-39,16,-108,-26,13,-85,-6,-16,-129,-9,-7,-163,-29,-5,-122,-17,-7,-99,0
422,462,0,41,-13,-21,79,-71,-23,95,-134,-25,91,-178,-22,64,-120,-5,71,-162,-31,60,-116,-39,53,-94,-39,37,-127,-3,44,-169,-33,38,-111,-35,33,-88,-26,11,-129,-5,18,-167,-39,16,-109,-25,13,-85,-6,-16,-128,-9,-7,-163,-29,-5,-120,-17,-7,-98,0
421,464,0,41,-14,-20,78,-72,-22,95,-133,-24,91,-178,-20,62,-120,-4,70,-162,-29,61,-116,-38,52,-94,-37,36,-128,-2,44,-169,-32,38,-111,-34,32,-89,-26,11,-129,-4,18,-167,-37,16,-109,-24,12,-86,-5,-16,-128,-8,-7,-162,-28,-5,-121,-15,-7,-98,0
420,464,0,42,-15,-19,79,-73,-22,95,-134,-23,91,-179,-20,62,-120,-2,70,-164,-28,60,-118,-37,52,-94,-37,36,-128,0,44,-171,-31,37,-112,-34,32,-90,-27,11,-129,-4,18,-169,-37,16,-110,-24,12,-86,-5,-17,-129,-8,-8,-163,-27,-6,-122,-15,-8,-99,1
419,464,0,41,-14,-20,79,-73,-23,95,-134,-25,90,-179,-22,62,-121,-4,70,-163,-30,60,-117,-39,52,-95,-39,36,-128,-2,43,-169,-33,37,-111,-35,31,-89,-28,10,-129,-5,16,-167,-38,15,-108,-25,11,-85,-6,-18,-128,-9,-9,-162,-28,-7,-120,-15,-9,-98,1
418,466,0,42,-14,-20,78,-74,-23,93,-136,-24,88,-180,-21,61,-120,-4,69,-163,-30,59,-117,-40,51,-94,-40,34,-126,-2,42,-170,-32,36,-112,-35,31,-87,-27,9,-128,-5,15,-167,-38,14,-109,-25,11,-84,-5,-19,-126,-9,-10,-161,-29,-7,-119,-16,-9,-96,0
417,469,0,42,-16,-19,78,-74,-21,91,-136,-22,87,-180,-19,60,-120,-2,69,-163,-28,58,-117,-37,51,-94,-37,35,-127,-1,42,-170,-31,36,-112,-34,31,-88,-26,9,-128,-4,16,-167,-37,15,-110,-25,11,-85,-5,-18,-126,-9,-9,-162,-29,-7,-121,-16,-8,-97,0
416,469,0,42,-16,-19,79,-74,-22,92,-136,-23,88,-180,-20,61,-119,-2,68,-162,-28,58,-116,-38,52,-93,-38,35,-127,-1,42,-169,-31,36,-111,-34,31,-88,-26,10,-128,-4,16,-168,-38,15,-109,-25,12,-84,-5,-17,-126,-9,-9,-161,-29,-7,-120,-16,-8,-96,0
416,472,0,42,-15,-20,78,-74,-22,92,-137,-23,87,-180,-20,60,-121,-2,68,-163,-28,59,-117,-37,51,-94,-37,35,-128,-1,42,-170,-31,37,-112,-33,31,-88,-25,9,-129,-4,16,-168,-37,15,-110,-24,11,-85,-5,-18,-127,-8,-9,-162,-29,-6,-121,-16,-7,-97,0
416,473,0,42,-15,-19,78,-74,-21,92,-135,-22,88,-180,-18,61,-121,-1,68,-163,-27,59,-117,-37,52,-94,-37,35,-128,0,42,-169,-30,37,-112,-32,31,-88,-24,9,-130,-3,17,-167,-36,15,-109,-23,11,-84,-4,-18,-127,-8,-9,-162,-27,-6,-120,-15,-8,-97,2
416,475,0,42,-16,-19,78,-75,-21,91,-136,-22,88,-180,-19,60,-122,-1,69,-163,-27,58,-118,-37,51,-95,-37,34,-129,0,43,-170,-30,36,-112,-32,31,-90,-24,9,-130,-3,17,-168,-37,15,-110,-24,11,-86,-4,-18,-128,-8,-8,-163,-28,-6,-121,-15,-7,-98,1
416,476,0,42,-18,-19,76,-76,-21,90,-136,-22,88,-180,-19,59,-122,1,67,-162,-26,58,-117,-36,50,-95,-36,34,-129,2,42,-170,-28,36,-112,-31,31,-90,-22,9,-130,-2,16,-168,-35,15,-110,-23,11,-86,-3,-18,-128,-8,-8,-162,-27,-6,-121,-15,-7,-98,2
415,472,0,41,-17,-20,76,-75,-22,92,-135,-24,88,-180,-22,60,-122,-3,68,-163,-29,59,-117,-39,51,-95,-39,34,-128,-2,43,-171,-32,36,-113,-34,30,-91,-26,8,-130,-6,17,-169,-39,15,-111,-26,11,-87,-6,-20,-128,-11,-9,-163,-30,-6,-122,-17,-8,-98,0
406,449,0,41,-17,-20,76,-77,-22,89,-139,-23,82,-183,-20,55,-124,-4,63,-166,-29,55,-119,-37,48,-96,-37,29,-129,-2,38,-172,-32,34,-113,-34,27,-90,-25,4,-130,-5,12,-168,-38,12,-110,-25,8,-86,-5,-22,-127,-10,-13,-162,-29,-9,-121,-16,-11,-98,0
406,450,0,41,-19,-20,75,-78,-22,87,-140,-24,81,-183,-21,55,-123,-1,62,-166,-28,55,-119,-37,48,-96,-37,30,-129,0,37,-171,-30,33,-113,-33,27,-90,-25,4,-129,-4,12,-168,-37,12,-109,-25,8,-85,-5,-22,-126,-8,-13,-162,-29,-9,-120,-16,-11,-96,1
405,450,0,40,-21,-21,73,-79,-24,87,-139,-27,80,-183,-25,55,-123,-2,62,-164,-28,54,-119,-38,48,-97,-39,30,-129,0,37,-171,-31,33,-114,-34,28,-91,-26,4,-130,-4,12,-168,-38,12,-111,-26,9,-86,-6,-23,-127,-9,-13,-162,-29,-9,-121,-17,-11,-97,1
404,446,0,40,-22,-21,72,-81,-24,85,-140,-27,79,-184,-25,53,-124,-1,60,-165,-28,52,-119,-38,45,-96,-39,28,-130,1,35,-170,-30,31,-112,-32,26,-91,-24,3,-130,-3,10,-168,-37,11,-110,-24,7,-86,-4,-24,-126,-8,-15,-161,-28,-10,-121,-16,-11,-98,2
367,383,0,37,-28,-20,64,-88,-22,73,-148,-25,64,-190,-23,44,-129,5,45,-170,-21,41,-126,-33,38,-101,-34,19,-131,6,21,-171,-24,22,-117,-28,20,-93,-21,-5,-127,2,-3,-166,-32,2,-111,-21,2,-85,-1,-31,-119,-4,-26,-156,-24,-18,-119,-13,-17,-95,4
367,384,0,38,-29,-19,65,-88,-21,73,-148,-24,64,-190,-22,45,-129,6,46,-169,-20,42,-126,-33,39,-102,-35,20,-131,7,22,-171,-23,22,-117,-28,21,-92,-21,-4,-127,3,-2,-165,-31,3,-111,-20,3,-85,-1,-29,-119,-4,-24,-155,-24,-17,-118,-13,-16,-94,4
370,384,0,38,-29,-19,64,-88,-21,73,-147,-24,64,-190,-23,44,-129,4,46,-170,-23,43,-126,-35,39,-102,-37,20,-131,5,22,-172,-26,23,-117,-31,21,-92,-24,-4,-127,-1,-2,-166,-35,3,-111,-24,3,-85,-4,-29,-119,-8,-24,-156,-28,-17,-118,-17,-16,-94,0
373,386,0,38,-30,-20,64,-87,-23,73,-146,-27,64,-190,-26,45,-130,6,47,-171,-23,42,-128,-37,39,-102,-39,20,-133,7,22,-174,-26,23,-119,-32,22,-93,-25,-4,-129,1,-2,-167,-33,3,-113,-23,4,-85,-4,-29,-121,-5,-24,-158,-27,-17,-120,-16,-16,-95,1
645,424,0,50,-21,-11,85,-71,-11,104,-122,-15,109,-168,-14,72,-125,10,91,-170,-16,84,-118,-23,70,-92,-21,53,-135,4,72,-178,-24,64,-117,-29,47,-94,-22,29,-142,-6,49,-188,-37,44,-125,-25,30,-97,-6,0,-146,-16,22,-189,-37,26,-147,-23,17,-119,-5
644,424,0,51,-20,-11,86,-70,-11,104,-122,-15,109,-168,-14,74,-125,11,91,-169,-14,85,-118,-22,70,-92,-20,53,-135,6,73,-177,-23,64,-116,-28,47,-94,-21,29,-142,-5,50,-187,-37,45,-125,-25,31,-97,-5,0,-147,-16,23,-189,-36,27,-146,-23,18,-118,-4
645,424,0,50,-21,-11,86,-70,-11,104,-121,-15,109,-168,-15,73,-125,12,91,-168,-13,84,-118,-22,70,-91,-21,53,-134,7,73,-176,-22,63,-117,-27,46,-94,-21,29,-142,-4,50,-187,-36,45,-125,-25,30,-97,-5,0,-146,-15,23,-189,-35,27,-147,-22,19,-119,-4
645,419,0,51,-21,-10,86,-69,-10,104,-121,-14,110,-167,-13,73,-122,12,92,-167,-13,86,-117,-21,71,-89,-19,53,-132,6,73,-175,-23,64,-115,-28,47,-91,-21,30,-140,-4,51,-185,-37,45,-123,-25,30,-94,-6,0,-145,-16,23,-188,-36,27,-145,-22,19,-117,-4
646,417,0,49,-20,-13,86,-69,-14,103,-122,-19,109,-168,-19,73,-124,7,90,-167,-18,83,-117,-25,68,-91,-23,52,-134,3,71,-176,-26,62,-116,-29,46,-92,-22,28,-141,-6,48,-185,-38,43,-122,-26,28,-93,-6,-1,-145,-16,21,-187,-36,25,-144,-22,17,-116,-4
644,413,0,49,-19,-15,86,-67,-17,105,-120,-23,109,-168,-23,73,-123,5,91,-167,-21,84,-116,-28,69,-89,-25,52,-133,2,72,-177,-27,63,-115,-31,46,-91,-24,29,-140,-7,49,-185,-39,43,-122,-27,29,-93,-7,-1,-145,-16,22,-187,-37,26,-145,-23,18,-117,-5
644,410,0,49,-18,-14,86,-67,-16,104,-121,-20,109,-168,-19,73,-124,4,90,-168,-20,83,-117,-27,69,-90,-25,52,-134,1,71,-177,-27,63,-117,-30,46,-91,-24,28,-141,-7,47,-186,-38,42,-123,-26,29,-93,-7,-2,-145,-16,21,-187,-36,25,-144,-24,16,-116,-6
644,409,0,49,-16,-14,85,-66,-16,103,-122,-19,107,-169,-18,72,-125,3,90,-170,-22,83,-118,-27,68,-91,-24,51,-134,0,71,-178,-29,63,-116,-32,46,-92,-25,27,-141,-8,47,-187,-41,43,-123,-28,28,-94,-8,-3,-145,-17,20,-188,-38,24,-144,-25,15,-116,-7
641,409,0,48,-15,-13,86,-66,-14,104,-121,-18,109,-168,-16,71,-125,5,88,-173,-19,84,-120,-25,70,-93,-22,51,-134,1,71,-179,-28,64,-116,-32,46,-92,-25,28,-141,-7,48,-187,-40,44,-122,-29,29,-93,-9,-2,-145,-17,21,-188,-38,26,-144,-26,17,-115,-8
640,410,0,49,-17,-13,84,-67,-13,103,-122,-17,109,-168,-15,69,-127,7,87,-172,-17,83,-120,-22,70,-94,-19,50,-134,2,71,-178,-27,63,-115,-30,45,-92,-23,28,-141,-7,49,-185,-41,44,-120,-29,28,-93,-9,-1,-146,-17,21,-188,-39,26,-144,-26,17,-115,-9
638,411,0,48,-17,-12,84,-68,-12,102,-121,-16,109,-168,-14,69,-126,9,86,-173,-15,84,-121,-21,70,-96,-17,50,-134,4,71,-178,-25,64,-115,-30,46,-93,-23,28,-140,-6,49,-185,-40,45,-121,-29,29,-94,-9,0,-144,-16,22,-188,-39,28,-144,-26,19,-117,-9
637,411,0,48,-17,-12,83,-68,-12,101,-123,-15,108,-168,-13,70,-125,7,88,-172,-17,84,-120,-22,70,-95,-18,51,-134,2,72,-178,-27,64,-115,-30,46,-93,-22,29,-140,-7,49,-184,-41,45,-120,-29,29,-93,-10,0,-144,-17,22,-187,-39,27,-144,-27,19,-116,-9
636,412,0,48,-18,-11,83,-69,-11,101,-123,-14,108,-168,-11,71,-124,9,88,-170,-14,84,-120,-19,70,-95,-16,52,-133,4,72,-177,-25,64,-115,-28,46,-92,-21,29,-139,-6,49,-183,-39,45,-120,-28,29,-93,-9,1,-144,-16,23,-187,-38,28,-144,-26,19,-116,-8
636,412,0,47,-17,-11,84,-69,-11,101,-123,-14,109,-168,-12,71,-126,7,89,-173,-16,84,-121,-21,70,-96,-17,52,-135,2,72,-179,-26,64,-117,-29,46,-94,-21,29,-141,-7,50,-185,-40,45,-121,-29,29,-94,-9,0,-145,-17,22,-188,-39,27,-145,-26,19,-117,-9
635,413,0,49,-18,-11,83,-68,-10,100,-123,-13,108,-168,-11,70,-125,9,88,-171,-13,84,-120,-18,69,-95,-15,51,-133,4,72,-178,-24,64,-116,-28,46,-92,-21,29,-139,-6,50,-183,-39,45,-120,-29,29,-92,-9,1,-144,-16,23,-188,-38,28,-145,-26,19,-117,-9
633,417,0,51,-15,-11,85,-66,-10,101,-122,-12,109,-168,-10,73,-126,13,92,-173,-10,88,-121,-16,73,-95,-14,53,-135,8,75,-181,-21,68,-119,-26,49,-93,-20,30,-141,-2,52,-186,-36,47,-122,-27,31,-94,-9,2,-146,-13,26,-190,-36,30,-147,-24,21,-117,-8
607,460,0,52,-16,-10,88,-68,-10,104,-122,-13,110,-167,-13,79,-137,9,99,-189,-10,96,-139,-18,79,-109,-18,59,-149,4,81,-205,-19,75,-143,-25,56,-111,-21,35,-156,-5,57,-210,-30,55,-149,-22,39,-116,-8,6,-160,-16,28,-212,-34,34,-170,-24,27,-137,-9
604,457,0,52,-15,-11,89,-66,-11,104,-121,-15,111,-167,-15,80,-137,7,100,-190,-13,97,-140,-21,81,-110,-21,59,-148,2,81,-205,-21,75,-142,-27,57,-110,-23,35,-155,-7,57,-210,-32,55,-148,-24,40,-115,-9,6,-159,-16,28,-211,-35,35,-169,-25,26,-135,-10
602,457,0,52,-16,-11,87,-67,-11,103,-121,-16,111,-167,-16,78,-136,8,99,-189,-12,96,-139,-21,79,-109,-21,58,-148,3,80,-204,-21,74,-142,-28,56,-110,-24,34,-154,-6,56,-210,-32,54,-148,-25,38,-115,-10,6,-158,-17,27,-210,-36,34,-168,-26,26,-135,-11
600,456,0,52,-16,-10,87,-66,-11,103,-120,-15,111,-167,-15,79,-135,10,99,-187,-10,95,-138,-19,78,-108,-20,59,-147,5,81,-204,-19,74,-141,-26,55,-110,-23,35,-154,-5,56,-208,-31,53,-147,-24,37,-115,-9,6,-158,-15,27,-209,-34,34,-168,-23,25,-136,-9
593,457,0,52,-15,-13,89,-64,-14,106,-119,-18,113,-165,-19,80,-135,8,99,-187,-13,96,-138,-22,80,-108,-21,60,-147,4,81,-202,-21,74,-139,-28,55,-109,-23,35,-154,-5,57,-206,-33,54,-144,-25,38,-113,-9,6,-158,-15,27,-209,-34,33,-166,-23,25,-135,-8
591,461,0,52,-17,-12,89,-67,-14,105,-120,-18,111,-166,-18,79,-138,8,98,-188,-14,94,-138,-22,77,-108,-21,58,-148,4,79,-200,-21,72,-139,-28,54,-108,-23,34,-155,-5,55,-208,-32,52,-146,-23,36,-114,-8,5,-159,-15,26,-208,-34,32,-166,-24,23,-135,-9
586,458,0,51,-16,-13,89,-66,-15,106,-120,-18,111,-166,-18,77,-135,6,97,-186,-16,93,-136,-23,77,-108,-22,57,-145,2,77,-197,-23,70,-135,-29,52,-106,-25,33,-151,-6,54,-203,-34,50,-142,-25,35,-111,-9,3,-155,-15,24,-204,-35,30,-162,-24,22,-132,-9
429,500,0,46,-17,-17,81,-74,-17,96,-130,-18,102,-172,-13,62,-120,6,75,-159,-19,64,-111,-27,54,-92,-26,39,-129,7,51,-165,-21,42,-109,-22,33,-91,-13,14,-134,2,27,-172,-31,22,-112,-17,15,-89,3,-13,-136,-5,1,-171,-24,2,-129,-10,-1,-105,7
428,502,0,44,-19,-18,79,-74,-19,94,-131,-20,100,-173,-16,63,-121,5,75,-160,-21,64,-113,-30,55,-94,-29,39,-130,6,50,-167,-23,42,-110,-24,34,-93,-15,14,-135,0,26,-175,-33,21,-115,-19,15,-91,2,-13,-137,-6,0,-173,-26,1,-130,-12,-3,-106,5
425,502,0,45,-20,-17,79,-75,-17,95,-131,-19,101,-173,-15,64,-120,6,74,-159,-20,64,-114,-29,54,-93,-28,40,-130,6,50,-168,-22,41,-111,-23,33,-91,-14,15,-135,0,26,-174,-32,21,-114,-19,14,-90,1,-13,-137,-6,0,-172,-25,1,-130,-12,-3,-106,5
424,501,0,44,-20,-16,78,-77,-17,94,-132,-17,99,-174,-13,63,-121,3,73,-159,-21,62,-113,-29,52,-93,-28,38,-130,4,48,-167,-23,40,-111,-24,32,-93,-15,13,-135,-1,24,-174,-32,19,-115,-18,13,-91,2,-15,-137,-7,-3,-171,-25,-1,-129,-12,-4,-105,5
424,502,0,44,-21,-16,77,-78,-16,92,-134,-17,97,-175,-13,61,-122,4,71,-161,-21,61,-114,-28,51,-95,-27,36,-132,4,47,-169,-22,38,-113,-23,30,-94,-14,11,-136,-1,22,-175,-32,18,-116,-19,12,-91,1,-17,-137,-7,-5,-173,-26,-3,-131,-13,-5,-107,4
424,501,0,44,-21,-18,78,-77,-19,92,-133,-21,96,-175,-17,60,-123,4,70,-160,-20,60,-114,-29,51,-95,-29,35,-132,6,45,-168,-21,37,-112,-23,30,-93,-15,10,-136,2,21,-174,-30,17,-116,-17,12,-91,2,-17,-136,-4,-5,-172,-22,-3,-130,-9,-5,-106,7
424,502,0,44,-22,-18,77,-78,-20,92,-133,-22,96,-175,-19,60,-125,3,70,-161,-21,59,-114,-30,50,-95,-30,35,-133,5,45,-169,-22,37,-112,-24,29,-93,-16,10,-137,0,21,-175,-31,16,-115,-19,11,-91,1,-17,-137,-5,-5,-173,-23,-3,-131,-11,-5,-106,6
423,502,0,44,-21,-19,79,-77,-20,93,-133,-21,96,-176,-17,59,-123,3,70,-160,-22,60,-113,-30,50,-94,-30,35,-132,5,45,-168,-22,38,-112,-24,29,-92,-17,11,-135,2,21,-174,-30,17,-115,-18,11,-90,1,-15,-136,-3,-5,-171,-21,-3,-129,-9,-5,-105,7
423,504,0,44,-21,-18,78,-76,-20,92,-132,-21,97,-175,-18,60,-121,3,71,-160,-22,60,-114,-31,51,-93,-31,36,-130,4,45,-168,-23,38,-112,-25,30,-91,-18,11,-134,0,21,-173,-31,17,-115,-19,12,-89,0,-16,-136,-5,-5,-171,-24,-3,-129,-12,-4,-105,5
423,509,0,44,-20,-18,78,-77,-19,91,-133,-20,95,-176,-16,61,-122,2,70,-160,-22,60,-114,-31,51,-94,-30,36,-130,4,45,-169,-23,38,-113,-25,30,-92,-17,12,-135,0,21,-174,-31,17,-115,-19,12,-90,0,-15,-136,-5,-5,-171,-24,-3,-129,-12,-5,-105,4
424,512,0,45,-19,-19,78,-75,-20,92,-132,-21,96,-176,-17,60,-122,2,70,-162,-24,60,-114,-32,51,-94,-31,36,-131,3,46,-168,-25,38,-111,-27,30,-92,-19,11,-135,0,21,-174,-33,18,-114,-21,12,-90,-2,-16,-136,-5,-5,-171,-25,-2,-129,-13,-5,-105,3
425,516,0,43,-18,-21,77,-74,-23,91,-132,-25,94,-177,-21,59,-123,1,70,-160,-25,61,-113,-33,51,-94,-32,35,-130,3,45,-168,-25,38,-112,-27,31,-94,-20,11,-134,0,21,-173,-33,19,-114,-20,12,-91,-1,-16,-135,-4,-4,-169,-24,-2,-127,-12,-5,-104,4
498,645,0,46,-18,-16,81,-72,-19,96,-127,-22,99,-174,-22,64,-125,-2,80,-167,-25,75,-121,-34,62,-88,-34,41,-134,-3,58,-177,-27,52,-121,-31,38,-88,-26,16,-139,-7,31,-188,-33,31,-131,-25,21,-94,-11,-14,-139,-14,2,-182,-34,11,-144,-26,7,-112,-13
499,654,0,46,-21,-15,80,-76,-18,94,-130,-22,96,-176,-23,64,-128,0,81,-167,-25,76,-121,-35,63,-88,-36,42,-136,-2,59,-178,-27,53,-123,-31,39,-88,-27,17,-141,-8,33,-187,-34,32,-131,-27,22,-94,-12,-12,-140,-15,5,-181,-35,13,-144,-27,10,-111,-15
501,655,0,45,-23,-15,78,-78,-17,92,-130,-21,94,-177,-22,64,-127,2,80,-166,-23,75,-122,-35,63,-89,-36,42,-136,0,58,-177,-26,52,-122,-31,38,-87,-27,17,-140,-6,32,-185,-34,31,-130,-27,22,-92,-13,-13,-139,-14,5,-178,-35,13,-142,-27,10,-109,-15
501,656,0,45,-23,-15,78,-78,-18,91,-131,-22,94,-177,-23,64,-128,2,78,-165,-23,75,-120,-35,62,-87,-36,42,-136,1,58,-176,-25,51,-122,-32,38,-86,-27,16,-141,-5,32,-185,-34,31,-130,-27,22,-92,-13,-13,-139,-13,5,-178,-34,13,-143,-28,10,-109,-15
500,657,0,46,-23,-15,78,-77,-17,91,-130,-21,94,-177,-22,64,-128,3,79,-166,-22,75,-121,-34,63,-87,-35,42,-136,1,58,-175,-25,52,-121,-31,39,-85,-27,17,-140,-5,32,-183,-34,31,-129,-27,22,-90,-13,-12,-139,-13,7,-178,-34,13,-141,-27,10,-107,-14
499,658,0,46,-22,-15,79,-77,-17,91,-131,-21,94,-177,-21,64,-128,2,79,-167,-23,76,-120,-34,64,-86,-34,42,-136,0,59,-175,-26,53,-121,-31,39,-85,-27,18,-139,-6,33,-184,-34,32,-128,-27,23,-90,-13,-12,-138,-14,7,-178,-35,14,-141,-28,10,-107,-15
499,659,0,46,-24,-14,79,-78,-17,91,-132,-21,94,-177,-21,64,-128,2,79,-166,-23,76,-121,-34,64,-86,-34,42,-136,0,59,-175,-26,53,-121,-31,39,-85,-27,17,-139,-7,33,-184,-35,32,-129,-27,23,-90,-13,-13,-138,-15,7,-178,-36,14,-141,-28,10,-108,-15
500,658,0,46,-23,-14,79,-77,-16,91,-131,-20,93,-177,-20,64,-128,2,79,-166,-22,75,-120,-32,63,-85,-33,42,-136,1,57,-174,-25,51,-121,-30,38,-85,-26,17,-139,-6,32,-183,-34,30,-128,-26,22,-90,-11,-13,-138,-13,6,-177,-34,12,-139,-27,8,-107,-13
501,657,0,46,-23,-14,79,-78,-15,90,-132,-18,92,-178,-18,63,-128,1,76,-167,-22,74,-119,-31,63,-85,-31,40,-136,-1,56,-176,-26,51,-120,-30,38,-86,-25,15,-140,-7,30,-185,-35,30,-128,-26,20,-91,-10,-14,-139,-15,5,-179,-35,11,-139,-26,5,-108,-12
501,656,0,46,-23,-13,78,-77,-14,89,-133,-17,92,-178,-17,63,-129,3,76,-169,-20,73,-121,-30,62,-86,-29,40,-137,1,55,-179,-25,51,-122,-29,37,-87,-24,15,-140,-6,30,-187,-34,30,-130,-25,20,-93,-9,-14,-140,-14,4,-181,-34,10,-143,-25,5,-110,-11
500,654,0,47,-22,-13,80,-77,-14,91,-133,-17,92,-178,-15,64,-130,2,77,-170,-21,74,-122,-29,62,-87,-28,41,-137,0,56,-178,-25,51,-122,-29,38,-87,-23,16,-141,-6,31,-187,-34,30,-128,-25,20,-91,-9,-14,-139,-14,5,-181,-34,10,-141,-24,5,-108,-10
499,654,0,47,-20,-14,79,-76,-15,90,-133,-18,92,-178,-16,63,-128,2,77,-170,-22,74,-122,-30,63,-88,-29,41,-136,0,56,-178,-25,52,-122,-29,39,-88,-23,15,-139,-6,31,-184,-34,30,-126,-24,21,-89,-8,-14,-137,-13,6,-176,-33,10,-136,-24,2,-105,-9
497,656,0,47,-22,-14,80,-76,-16,90,-133,-19,91,-178,-19,63,-129,1,79,-169,-24,74,-122,-34,61,-88,-33,40,-136,0,57,-175,-27,50,-120,-30,37,-86,-24,15,-138,-7,31,-181,-36,27,-124,-25,18,-87,-8,-14,-137,-14,6,-175,-34,7,-134,-24,0,-104,-9
497,653,0,45,-18,-18,80,-76,-21,86,-135,-25,86,-181,-25,63,-122,-4,83,-154,-31,76,-108,-42,62,-75,-43,38,-129,-4,59,-163,-34,50,-107,-38,35,-70,-31,13,-132,-9,33,-166,-43,26,-106,-35,14,-66,-18,-17,-131,-15,8,-158,-40,7,-114,-33,-3,-82,-19
498,652,0,45,-18,-18,80,-76,-21,86,-136,-25,84,-182,-25,63,-121,-3,83,-152,-31,75,-107,-44,60,-73,-45,37,-128,-3,58,-161,-34,48,-106,-39,33,-66,-33,11,-131,-8,32,-162,-43,24,-102,-36,13,-61,-19,-19,-130,-14,7,-156,-40,6,-112,-33,-4,-80,-20
498,651,0,45,-17,-20,80,-76,-24,86,-136,-27,84,-182,-28,62,-121,-6,83,-152,-34,75,-107,-46,61,-73,-46,37,-127,-6,58,-160,-36,48,-104,-41,33,-65,-34,10,-130,-10,32,-160,-45,24,-100,-37,12,-60,-20,-20,-129,-15,7,-154,-41,5,-110,-34,-5,-78,-21
494,651,0,46,-13,-20,81,-73,-23,87,-134,-25,87,-180,-25,64,-122,-7,86,-155,-33,79,-108,-43,64,-73,-42,38,-128,-6,61,-161,-36,51,-104,-39,35,-66,-32,12,-131,-10,35,-162,-44,27,-101,-35,13,-62,-19,-19,-130,-14,9,-156,-39,7,-111,-32,-4,-82,-19
494,653,0,45,-12,-20,80,-73,-23,86,-135,-26,86,-181,-24,63,-122,-8,85,-154,-34,78,-107,-43,63,-71,-42,38,-129,-7,60,-162,-36,50,-104,-40,34,-67,-33,10,-132,-10,34,-161,-45,26,-99,-36,12,-61,-19,-20,-131,-15,9,-156,-40,6,-112,-33,-7,-83,-20
493,652,0,45,-11,-21,80,-72,-24,87,-134,-27,87,-180,-26,63,-122,-8,85,-154,-35,79,-107,-45,63,-71,-44,38,-128,-6,60,-161,-38,51,-103,-41,35,-65,-34,11,-131,-10,35,-161,-46,27,-99,-37,12,-61,-20,-20,-130,-15,10,-154,-41,6,-110,-33,-7,-82,-20
493,651,0,46,-10,-21,82,-71,-24,88,-134,-27,86,-181,-26,65,-122,-8,86,-153,-36,79,-106,-46,64,-70,-45,38,-129,-7,61,-162,-38,51,-103,-42,35,-64,-35,12,-131,-10,36,-160,-46,27,-98,-37,12,-59,-20,-19,-130,-15,11,-153,-41,7,-109,-34,-7,-81,-21
494,651,0,46,-10,-21,82,-72,-24,88,-135,-26,86,-181,-25,65,-122,-9,87,-154,-36,79,-106,-46,64,-70,-45,39,-129,-7,62,-162,-39,52,-103,-43,36,-65,-36,12,-132,-11,36,-162,-47,27,-99,-38,13,-60,-20,-19,-131,-15,11,-155,-41,7,-110,-34,-7,-83,-21
493,651,0,46,-10,-21,82,-71,-24,89,-133,-27,89,-180,-26,66,-123,-8,89,-153,-36,81,-105,-45,65,-70,-44,39,-130,-7,63,-163,-38,53,-103,-42,36,-66,-35,13,-133,-10,38,-162,-46,29,-99,-37,13,-61,-20,-18,-132,-15,13,-156,-41,9,-111,-33,-6,-83,-20
494,649,0,47,-9,-20,83,-71,-22,91,-135,-25,89,-180,-23,68,-123,-8,89,-155,-35,82,-107,-44,66,-71,-43,41,-129,-7,65,-163,-38,54,-104,-42,37,-65,-35,13,-132,-11,39,-162,-46,29,-99,-37,14,-60,-20,-18,-132,-15,13,-156,-41,9,-111,-34,-5,-83,-21
495,648,0,47,-9,-19,84,-70,-22,92,-134,-24,90,-179,-23,68,-123,-7,90,-153,-34,82,-105,-44,65,-70,-42,41,-131,-7,65,-162,-37,53,-101,-41,36,-65,-33,13,-133,-11,39,-162,-46,29,-98,-36,13,-61,-19,-18,-133,-16,13,-157,-41,9,-111,-33,-6,-84,-19
495,650,0,46,-10,-20,83,-71,-23,90,-134,-25,90,-179,-24,67,-124,-8,90,-154,-35,81,-105,-44,65,-71,-43,40,-131,-7,65,-162,-38,53,-102,-40,36,-66,-33,13,-134,-11,39,-162,-46,28,-99,-36,13,-62,-18,-18,-133,-16,13,-157,-41,8,-111,-32,-6,-84,-18
495,648,0,47,-9,-21,84,-70,-24,92,-133,-26,91,-178,-25,68,-122,-9,91,-152,-37,82,-103,-46,65,-70,-45,41,-129,-8,65,-160,-39,54,-100,-42,37,-64,-34,13,-132,-11,39,-160,-47,29,-97,-37,13,-60,-19,-17,-132,-16,14,-154,-41,9,-109,-33,-6,-83,-20
494,647,0,48,-7,-20,86,-69,-22,94,-133,-24,93,-177,-23,71,-121,-10,94,-152,-37,85,-104,-45,67,-70,-44,43,-128,-9,68,-162,-39,56,-101,-41,39,-65,-34,16,-131,-12,41,-161,-47,30,-97,-37,15,-61,-19,-16,-132,-17,15,-155,-41,10,-111,-33,-4,-83,-19
495,645,0,47,-7,-21,86,-68,-24,94,-132,-26,94,-177,-25,70,-121,-10,94,-150,-36,83,-103,-45,65,-70,-45,43,-128,-8,67,-160,-39,55,-101,-41,37,-64,-34,16,-132,-11,41,-159,-46,30,-96,-37,14,-60,-19,-16,-132,-15,15,-154,-40,10,-109,-32,-4,-82,-19
497,645,0,48,-10,-20,87,-70,-23,96,-132,-26,93,-177,-25,69,-122,-9,93,-152,-36,83,-104,-45,65,-70,-45,42,-131,-8,67,-161,-38,55,-101,-41,37,-66,-34,14,-134,-11,41,-160,-46,29,-98,-37,13,-61,-19,-18,-134,-16,14,-156,-40,9,-111,-32,-5,-84,-18
495,646,0,47,-10,-21,87,-69,-25,96,-130,-28,94,-177,-28,70,-120,-8,94,-148,-36,84,-102,-46,66,-69,-45,43,-129,-7,68,-159,-38,55,-101,-41,38,-66,-34,16,-134,-11,42,-160,-46,31,-97,-37,15,-62,-19,-16,-134,-15,16,-155,-40,11,-110,-31,-4,-85,-17
495,644,0,47,-7,-20,86,-68,-23,96,-130,-25,96,-176,-24,71,-120,-8,96,-148,-36,85,-100,-45,67,-68,-44,45,-129,-7,70,-158,-38,57,-100,-40,39,-65,-33,18,-133,-10,44,-160,-47,32,-96,-36,16,-61,-18,-13,-134,-15,18,-155,-40,11,-110,-31,-4,-84,-17
496,644,0,48,-10,-19,86,-69,-22,96,-129,-25,96,-176,-24,72,-120,-6,95,-150,-33,85,-103,-42,67,-70,-41,46,-129,-6,70,-159,-36,57,-101,-39,39,-67,-31,19,-134,-10,44,-161,-45,33,-99,-35,16,-63,-17,-13,-136,-15,19,-158,-40,13,-113,-31,-3,-87,-17
499,642,0,48,-11,-18,88,-68,-21,98,-129,-24,96,-176,-23,72,-123,-5,95,-150,-32,85,-103,-41,67,-69,-41,46,-131,-5,71,-160,-36,58,-101,-39,40,-66,-32,20,-136,-10,45,-162,-46,34,-100,-36,17,-62,-19,-12,-138,-16,20,-159,-41,13,-114,-33,-2,-86,-19
498,638,0,49,-7,-20,91,-63,-22,102,-126,-24,100,-174,-23,73,-120,-6,96,-149,-32,86,-102,-40,70,-67,-39,48,-129,-5,73,-158,-35,59,-100,-39,41,-63,-32,21,-134,-8,48,-162,-44,35,-99,-35,19,-61,-18,-10,-136,-13,22,-158,-39,15,-113,-32,0,-84,-18
499,640,0,50,-9,-18,92,-65,-21,103,-126,-23,100,-173,-23,73,-121,-5,96,-151,-31,86,-104,-40,70,-69,-38,47,-131,-5,73,-162,-35,60,-103,-38,41,-67,-32,21,-136,-10,48,-165,-44,35,-101,-35,17,-65,-18,-11,-139,-15,22,-162,-40,16,-117,-32,0,-89,-18
498,641,0,51,-11,-19,91,-65,-22,103,-125,-25,100,-174,-25,72,-122,-5,95,-150,-31,86,-103,-40,69,-69,-39,48,-132,-4,73,-161,-35,59,-102,-38,41,-66,-32,21,-137,-9,48,-164,-44,35,-101,-35,18,-65,-18,-10,-139,-15,23,-161,-40,17,-116,-31,0,-89,-17
498,638,0,51,-10,-20,93,-64,-24,106,-124,-27,104,-171,-28,75,-121,-5,98,-149,-32,88,-102,-42,70,-67,-41,49,-131,-4,74,-159,-35,61,-102,-39,43,-65,-33,23,-136,-8,49,-165,-43,37,-103,-35,21,-64,-18,-8,-138,-13,23,-160,-39,17,-115,-32,2,-86,-18
500,638,0,50,-9,-21,92,-62,-25,105,-122,-29,104,-171,-29,73,-119,-10,96,-148,-35,86,-101,-42,69,-68,-40,48,-129,-9,73,-159,-38,59,-100,-41,41,-66,-34,21,-135,-12,48,-162,-46,35,-100,-37,18,-64,-20,-11,-137,-16,22,-159,-41,16,-115,-33,0,-88,-19
500,638,0,51,-11,-20,94,-62,-24,106,-122,-27,104,-171,-28,74,-121,-5,96,-150,-31,87,-102,-40,71,-68,-39,49,-131,-4,73,-160,-34,60,-101,-38,42,-66,-32,22,-136,-8,49,-165,-42,36,-103,-34,20,-65,-17,-9,-139,-13,23,-162,-38,17,-117,-30,2,-88,-17
504,639,0,50,-11,-21,92,-63,-24,103,-123,-28,103,-171,-29,71,-123,-4,94,-152,-31,85,-103,-41,69,-68,-40,47,-132,-3,72,-161,-34,60,-103,-38,42,-67,-32,21,-138,-7,48,-168,-43,37,-104,-35,20,-66,-17,-11,-140,-12,22,-163,-39,16,-117,-32,1,-87,-18
507,639,0,50,-13,-21,92,-64,-25,107,-121,-30,105,-170,-32,71,-121,-3,94,-149,-31,84,-102,-42,68,-68,-43,47,-131,-2,72,-159,-33,59,-102,-39,42,-67,-33,21,-137,-6,49,-164,-42,36,-103,-34,20,-66,-17,-10,-139,-12,23,-159,-38,17,-115,-31,1,-86,-17
511,638,0,50,-11,-21,91,-64,-25,105,-122,-29,106,-170,-30,70,-120,-4,92,-147,-31,84,-101,-42,67,-66,-42,46,-130,-2,71,-156,-34,58,-99,-39,40,-64,-33,20,-135,-7,47,-162,-43,36,-100,-35,19,-63,-18,-11,-137,-12,22,-157,-39,16,-112,-33,0,-84,-20
515,639,0,49,-14,-22,90,-64,-26,104,-121,-31,106,-170,-32,71,-118,-4,94,-145,-33,83,-99,-44,66,-66,-44,47,-128,-3,72,-154,-35,58,-99,-40,40,-66,-34,22,-134,-7,48,-161,-44,35,-101,-36,19,-64,-18,-9,-137,-13,22,-158,-39,16,-113,-32,1,-85,-18
773,757,0,57,5,-18,111,-28,-23,148,-70,-31,158,-122,-36,104,-91,4,137,-111,-28,119,-68,-44,93,-41,-46,83,-110,2,119,-128,-32,93,-75,-41,66,-50,-37,58,-127,-6,95,-141,-44,70,-85,-37,43,-59,-19,27,-143,-15,69,-151,-39,55,-109,-29,33,-90,-13
774,755,0,58,6,-18,111,-26,-24,148,-69,-32,158,-122,-38,104,-91,3,138,-111,-29,119,-68,-46,93,-41,-49,83,-110,1,119,-129,-34,93,-75,-44,66,-49,-39,57,-127,-7,95,-140,-45,69,-85,-38,43,-58,-20,26,-143,-16,68,-150,-40,54,-109,-30,32,-90,-14
775,755,0,56,4,-19,110,-28,-25,146,-70,-33,157,-123,-39,104,-94,-1,136,-114,-33,118,-70,-48,92,-42,-49,82,-113,-3,119,-132,-37,93,-79,-44,65,-51,-39,56,-130,-10,94,-143,-48,68,-86,-40,41,-59,-22,24,-146,-18,67,-154,-43,52,-113,-32,29,-93,-16
771,752,0,56,5,-18,110,-28,-24,148,-70,-32,158,-123,-37,104,-93,-1,138,-113,-32,119,-69,-46,93,-43,-47,83,-112,-3,120,-132,-36,93,-79,-43,67,-54,-37,57,-129,-10,95,-143,-47,67,-87,-39,40,-61,-20,25,-146,-19,67,-155,-42,52,-113,-31,30,-94,-14
771,751,0,57,4,-19,111,-28,-24,148,-70,-32,158,-122,-36,103,-91,1,137,-111,-31,117,-68,-46,91,-43,-48,82,-110,-1,119,-130,-36,93,-77,-44,66,-51,-39,57,-128,-9,93,-141,-46,67,-84,-39,41,-58,-20,25,-144,-17,67,-151,-41,53,-111,-30,30,-93,-14
771,747,0,56,6,-19,111,-26,-25,148,-70,-32,159,-122,-37,103,-92,-2,137,-114,-33,118,-70,-46,93,-42,-47,81,-111,-3,118,-132,-37,92,-77,-45,65,-50,-39,55,-127,-9,93,-142,-47,66,-84,-39,40,-57,-21,24,-143,-17,65,-152,-41,51,-110,-31,27,-91,-14
769,747,0,57,6,-20,111,-27,-25,148,-71,-33,157,-124,-38,104,-92,-2,138,-112,-33,117,-69,-48,91,-43,-50,82,-112,-3,119,-132,-38,92,-78,-45,64,-51,-39,56,-128,-10,93,-142,-48,66,-85,-40,39,-59,-21,24,-144,-18,66,-152,-42,50,-111,-31,28,-92,-15
768,747,0,56,5,-20,111,-29,-25,147,-72,-33,156,-125,-37,103,-92,-3,138,-112,-34,116,-69,-49,91,-44,-50,81,-112,-4,118,-131,-39,91,-78,-45,64,-52,-39,55,-129,-11,92,-142,-48,64,-86,-40,39,-61,-21,23,-145,-18,65,-153,-42,50,-112,-31,27,-93,-15
766,745,0,56,6,-20,111,-28,-26,147,-71,-34,157,-124,-39,104,-92,-3,137,-112,-35,116,-68,-49,90,-42,-51,82,-111,-4,119,-131,-39,91,-78,-45,64,-51,-40,55,-128,-10,92,-142,-48,64,-86,-40,38,-59,-22,23,-144,-18,65,-152,-42,50,-111,-32,27,-92,-16
764,745,0,56,6,-20,110,-28,-26,147,-72,-34,156,-125,-38,103,-91,-4,137,-114,-36,116,-69,-49,90,-43,-50,81,-111,-5,117,-131,-39,90,-78,-46,63,-51,-39,55,-128,-11,92,-141,-49,64,-85,-40,38,-59,-21,23,-143,-19,65,-151,-42,50,-111,-32,26,-92,-15
763,746,0,55,6,-19,110,-29,-25,147,-74,-33,155,-127,-38,103,-93,-3,136,-115,-35,116,-70,-49,90,-44,-50,80,-112,-5,116,-133,-39,90,-78,-45,63,-52,-39,53,-128,-11,91,-143,-49,64,-86,-40,38,-60,-21,22,-144,-19,63,-153,-43,49,-111,-32,26,-92,-16
760,745,0,56,6,-20,111,-29,-26,148,-74,-33,155,-127,-38,103,-90,-4,137,-113,-36,116,-69,-51,90,-43,-52,81,-110,-5,117,-131,-40,90,-77,-46,62,-51,-40,54,-126,-12,90,-142,-50,64,-85,-41,38,-59,-22,22,-142,-19,63,-151,-44,48,-110,-33,25,-91,-16
759,747,0,55,5,-19,109,-30,-25,145,-75,-32,154,-128,-37,102,-94,-3,135,-117,-35,115,-72,-49,90,-45,-50,80,-113,-5,115,-134,-39,90,-79,-45,62,-53,-39,53,-129,-12,90,-144,-50,64,-87,-41,38,-61,-23,21,-145,-20,62,-153,-45,48,-111,-34,25,-93,-18
756,745,0,56,5,-19,110,-32,-24,146,-76,-31,153,-129,-35,102,-94,-2,135,-118,-34,116,-73,-47,91,-45,-49,80,-112,-4,114,-133,-38,88,-79,-45,63,-52,-39,53,-127,-11,89,-143,-48,63,-86,-40,37,-60,-21,22,-143,-19,62,-151,-43,47,-110,-32,25,-92,-16
293,732,0,33,-42,-24,46,-110,-29,44,-167,-33,22,-199,-33,18,-137,-3,16,-171,-40,18,-127,-58,18,-96,-62,-7,-129,-2,-9,-167,-43,-2,-116,-50,2,-84,-43,-30,-114,-7,-32,-148,-49,-20,-99,-36,-13,-71,-13,-53,-95,-14,-51,-127,-39,-38,-92,-24,-33,-70,-4
287,733,0,34,-41,-24,50,-109,-28,48,-167,-32,27,-199,-31,22,-137,-3,21,-172,-38,21,-126,-56,20,-96,-60,-3,-130,-1,-5,-168,-42,1,-115,-49,4,-83,-41,-26,-116,-6,-29,-149,-48,-17,-99,-34,-11,-71,-11,-50,-97,-13,-47,-129,-37,-36,-93,-23,-31,-71,-3
280,735,0,37,-39,-24,53,-107,-27,52,-165,-29,32,-198,-28,25,-135,-1,25,-172,-38,25,-126,-55,24,-95,-58,1,-129,0,0,-169,-43,5,-114,-52,7,-83,-44,-23,-116,-5,-24,-150,-48,-13,-99,-35,-9,-71,-11,-46,-99,-12,-44,-130,-37,-33,-94,-23,-28,-72,-3
194,794,0,38,-35,-28,58,-104,-33,53,-165,-35,31,-198,-33,27,-136,-6,22,-174,-47,23,-127,-64,25,-96,-66,0,-128,-3,-5,-169,-54,2,-110,-62,8,-77,-52,-25,-116,-6,-29,-148,-60,-17,-91,-48,-9,-63,-22,-49,-98,-10,-49,-127,-44,-37,-87,-33,-31,-64,-13
194,794,0,38,-33,-29,58,-102,-33,53,-165,-35,32,-198,-31,28,-134,-6,24,-173,-45,24,-125,-62,26,-95,-64,1,-127,-2,-4,-167,-50,4,-109,-59,9,-79,-49,-22,-115,-4,-28,-148,-56,-15,-92,-44,-7,-64,-19,-46,-99,-8,-47,-127,-41,-36,-86,-30,-29,-65,-11
378,881,0,40,-26,-18,68,-84,-21,80,-138,-24,77,-185,-24,50,-128,0,62,-165,-28,57,-120,-40,47,-88,-40,28,-132,-1,41,-168,-30,36,-115,-33,26,-85,-27,4,-130,-6,17,-169,-38,16,-115,-27,10,-83,-8,-22,-124,-13,-6,-158,-35,-3,-118,-23,-8,-91,-6
376,881,0,40,-28,-18,67,-85,-20,79,-139,-25,76,-185,-25,49,-131,2,60,-168,-26,56,-122,-39,47,-91,-39,27,-134,1,39,-170,-27,37,-117,-31,28,-88,-25,4,-132,-5,16,-171,-37,17,-116,-25,11,-85,-6,-22,-126,-12,-6,-160,-34,-2,-121,-21,-8,-94,-4
333,850,0,39,-28,-20,68,-84,-24,80,-138,-30,77,-185,-32,49,-132,0,63,-171,-30,57,-124,-44,46,-92,-45,27,-136,0,43,-175,-31,39,-120,-35,28,-89,-28,3,-134,-7,18,-175,-41,18,-118,-29,11,-87,-9,-24,-127,-15,-6,-163,-37,-2,-124,-23,-8,-96,-5
330,852,0,39,-27,-19,67,-84,-23,80,-138,-29,78,-184,-30,49,-133,0,62,-171,-30,58,-123,-43,48,-93,-43,27,-136,-1,43,-173,-32,39,-118,-35,29,-90,-28,3,-135,-7,18,-173,-42,18,-117,-30,11,-86,-9,-25,-128,-15,-6,-163,-38,-2,-124,-24,-7,-97,-6
328,854,0,40,-30,-17,68,-86,-21,80,-138,-27,77,-185,-28,48,-134,2,61,-172,-28,57,-125,-41,47,-94,-42,26,-137,0,41,-174,-31,38,-119,-35,27,-90,-29,2,-135,-8,17,-175,-41,17,-119,-29,10,-88,-10,-25,-128,-16,-7,-164,-38,-2,-124,-24,-8,-98,-6
326,856,0,40,-29,-17,67,-85,-20,80,-139,-25,76,-185,-26,48,-135,3,61,-173,-26,59,-126,-38,48,-95,-38,26,-138,1,42,-176,-29,39,-121,-34,28,-92,-27,3,-137,-6,17,-176,-41,18,-119,-29,10,-88,-9,-25,-130,-15,-6,-167,-37,-2,-126,-23,-8,-99,-5
325,858,0,39,-30,-17,66,-85,-20,79,-139,-26,75,-186,-28,48,-135,5,63,-172,-25,59,-126,-38,47,-95,-38,27,-139,2,43,-177,-29,39,-121,-33,29,-93,-26,3,-137,-6,18,-175,-40,18,-119,-29,10,-89,-9,-24,-130,-15,-6,-166,-36,-2,-127,-22,-8,-100,-3
325,858,0,39,-31,-16,66,-86,-20,79,-139,-25,74,-186,-27,48,-134,5,62,-171,-25,58,-126,-38,47,-95,-39,27,-138,2,43,-177,-28,39,-123,-34,28,-93,-27,3,-136,-6,18,-175,-39,18,-120,-28,10,-90,-9,-25,-130,-15,-6,-166,-35,-2,-127,-21,-8,-101,-3
323,857,0,39,-30,-16,67,-85,-20,81,-139,-26,76,-185,-28,49,-133,6,63,-170,-25,59,-126,-39,47,-96,-40,27,-138,3,44,-176,-28,39,-122,-34,29,-93,-28,3,-137,-5,19,-175,-39,19,-120,-29,11,-90,-10,-24,-131,-14,-5,-167,-35,-1,-127,-22,-8,-101,-3
324,854,0,38,-31,-17,66,-85,-21,79,-139,-27,75,-186,-29,47,-132,5,60,-169,-26,56,-124,-39,45,-93,-40,25,-136,2,42,-175,-29,38,-120,-35,27,-91,-28,1,-135,-6,17,-174,-40,17,-118,-30,9,-88,-11,-26,-128,-14,-7,-164,-36,-2,-126,-23,-8,-99,-6
322,851,0,38,-30,-17,65,-86,-22,79,-138,-28,75,-186,-30,47,-130,6,60,-167,-25,55,-123,-39,43,-92,-41,25,-135,4,42,-173,-27,37,-120,-34,26,-91,-28,1,-134,-4,17,-172,-38,17,-119,-28,10,-89,-10,-25,-128,-12,-6,-162,-34,-2,-124,-22,-8,-99,-4
320,849,0,37,-31,-18,65,-86,-22,78,-140,-27,75,-186,-29,47,-130,5,59,-167,-25,53,-123,-39,41,-93,-40,26,-134,3,41,-173,-26,36,-120,-32,26,-91,-25,1,-134,-3,16,-172,-36,16,-119,-27,9,-89,-9,-25,-127,-11,-8,-162,-32,-3,-125,-20,-9,-99,-4
320,847,0,38,-29,-16,66,-85,-20,78,-139,-25,74,-186,-26,50,-131,3,62,-167,-26,56,-122,-38,45,-93,-39,27,-135,1,42,-175,-29,37,-121,-33,27,-92,-26,2,-135,-6,17,-175,-39,16,-119,-29,10,-90,-10,-25,-129,-14,-8,-163,-35,-4,-125,-22,-10,-99,-5
196,1010,0,43,-20,-20,84,-76,-25,93,-138,-27,85,-182,-23,55,-125,-15,65,-158,-34,56,-103,-39,50,-98,-41,23,-126,-12,36,-159,-40,33,-96,-44,26,-87,-42,-5,-115,-11,5,-146,-40,9,-86,-27,3,-73,-11,-33,-106,-10,-25,-124,-27,-17,-81,-15,-19,-70,-2
196,1008,0,43,-17,-19,83,-77,-23,91,-141,-24,82,-183,-19,54,-126,-15,64,-158,-34,55,-103,-38,49,-98,-40,20,-126,-12,35,-159,-39,32,-95,-43,25,-87,-41,-7,-115,-11,4,-147,-39,8,-86,-26,1,-73,-11,-36,-108,-11,-26,-124,-27,-18,-81,-15,-21,-71,-3
193,1009,0,43,-21,-22,82,-78,-27,92,-141,-29,82,-183,-25,53,-128,-15,64,-160,-34,56,-106,-39,49,-100,-41,23,-128,-11,35,-161,-38,33,-98,-43,25,-89,-41,-5,-118,-9,4,-151,-38,9,-89,-26,3,-76,-11,-34,-108,-8,-25,-128,-25,-16,-86,-14,-19,-73,-1
274,854,0,54,-27,-29,96,-77,-42,115,-123,-53,113,-165,-60,55,-186,-18,83,-161,-52,76,-107,-72,64,-93,-82,20,-191,-18,52,-148,-52,45,-90,-64,32,-83,-67,-13,-175,-22,16,-135,-57,16,-81,-53,6,-74,-44,-42,-148,-29,-18,-123,-52,-10,-84,-45,-12,-77,-34
275,855,0,53,-30,-27,95,-80,-40,113,-126,-51,111,-166,-57,54,-185,-16,81,-162,-50,74,-108,-70,63,-95,-81,19,-190,-17,51,-149,-51,44,-92,-63,32,-83,-66,-13,-174,-22,15,-136,-57,15,-83,-53,6,-76,-43,-42,-148,-29,-19,-124,-52,-10,-84,-46,-13,-77,-35
277,854,0,53,-31,-28,93,-82,-41,111,-128,-52,108,-169,-58,51,-185,-17,79,-163,-50,72,-109,-70,60,-97,-80,17,-189,-17,48,-151,-51,42,-93,-64,30,-86,-66,-15,-173,-21,14,-137,-57,14,-84,-53,4,-77,-43,-43,-148,-28,-19,-125,-51,-11,-86,-45,-14,-79,-33
278,853,0,52,-30,-28,91,-82,-41,107,-129,-51,105,-170,-57,50,-184,-17,77,-164,-50,71,-111,-68,61,-99,-77,15,-187,-17,47,-152,-51,41,-95,-63,29,-88,-65,-16,-171,-21,13,-137,-57,13,-85,-53,3,-79,-42,-43,-146,-28,-19,-126,-50,-12,-87,-43,-15,-81,-32
280,851,0,51,-30,-28,90,-83,-41,104,-130,-51,103,-172,-56,49,-184,-17,75,-165,-48,69,-113,-65,59,-100,-74,14,-187,-16,45,-153,-50,40,-96,-61,28,-88,-62,-17,-171,-20,11,-137,-55,11,-85,-51,2,-79,-40,-45,-145,-26,-21,-126,-48,-13,-87,-41,-16,-80,-29
280,848,0,50,-30,-29,89,-83,-42,102,-130,-52,102,-172,-56,49,-183,-18,73,-165,-50,70,-113,-67,60,-99,-74,14,-186,-17,43,-153,-51,39,-96,-61,28,-88,-61,-17,-170,-20,10,-136,-56,11,-84,-51,2,-78,-40,-44,-144,-26,-21,-124,-49,-13,-86,-42,-17,-80,-30
282,846,0,49,-30,-29,87,-83,-42,101,-131,-52,101,-173,-57,47,-185,-18,72,-166,-50,69,-114,-66,59,-99,-74,12,-187,-17,42,-154,-50,39,-95,-61,27,-87,-61,-19,-171,-20,9,-137,-56,9,-83,-52,0,-77,-41,-48,-144,-26,-24,-126,-49,-15,-86,-41,-19,-79,-29
280,846,0,48,-28,-30,87,-82,-42,101,-131,-52,101,-173,-56,47,-185,-18,72,-166,-49,67,-115,-65,58,-103,-72,12,-187,-16,43,-154,-50,39,-95,-60,27,-90,-60,-19,-170,-20,9,-136,-56,10,-83,-51,2,-79,-40,-46,-144,-26,-22,-123,-48,-15,-85,-41,-19,-80,-29
281,846,0,49,-29,-30,87,-84,-43,100,-132,-53,98,-175,-57,43,-187,-17,70,-168,-49,66,-116,-66,56,-103,-74,9,-188,-16,40,-155,-49,37,-98,-60,25,-91,-60,-22,-170,-19,7,-137,-55,9,-85,-51,0,-80,-40,-49,-143,-25,-24,-124,-48,-16,-85,-41,-20,-80,-29
279,846,0,49,-30,-28,86,-86,-39,98,-133,-48,97,-175,-51,43,-184,-16,68,-168,-46,66,-117,-61,56,-104,-69,9,-186,-15,40,-155,-48,37,-98,-58,24,-92,-59,-21,-168,-18,7,-138,-54,8,-86,-49,-1,-81,-39,-48,-140,-24,-24,-125,-47,-15,-87,-39,-21,-81,-27
264,681,0,39,-30,-21,64,-90,-25,71,-146,-30,63,-190,-29,39,-138,1,47,-173,-28,47,-125,-39,41,-98,-39,16,-139,1,25,-174,-28,27,-117,-32,20,-94,-24,-8,-134,-4,1,-170,-38,7,-114,-26,3,-89,-7,-35,-123,-11,-22,-157,-32,-13,-119,-19,-15,-95,-2
261,682,0,40,-30,-21,65,-90,-25,72,-146,-30,64,-190,-30,40,-137,1,48,-172,-29,48,-124,-41,41,-96,-41,17,-138,1,26,-174,-30,28,-117,-33,21,-94,-26,-8,-133,-5,1,-169,-40,8,-114,-27,4,-88,-7,-34,-122,-12,-21,-157,-33,-13,-119,-20,-14,-94,-2
262,681,0,39,-30,-21,64,-89,-25,71,-146,-29,63,-190,-28,39,-137,0,49,-173,-29,48,-124,-39,41,-97,-39,16,-138,1,27,-173,-29,28,-117,-32,20,-93,-24,-8,-133,-5,1,-169,-39,8,-113,-26,3,-88,-7,-35,-123,-12,-22,-157,-33,-13,-118,-19,-15,-94,-1
262,681,0,39,-29,-21,65,-89,-25,72,-145,-29,64,-190,-28,39,-137,0,50,-173,-29,50,-125,-39,41,-98,-39,16,-138,0,28,-172,-29,28,-116,-32,20,-94,-25,-8,-133,-5,3,-169,-39,9,-113,-26,3,-89,-6,-35,-122,-12,-20,-156,-32,-12,-117,-18,-15,-94,-1
261,683,0,40,-30,-20,65,-90,-24,72,-146,-28,65,-189,-26,40,-137,1,51,-173,-28,50,-125,-39,42,-98,-38,17,-137,1,28,-173,-30,30,-116,-33,21,-93,-25,-8,-132,-5,3,-169,-39,9,-113,-26,4,-88,-6,-34,-123,-12,-20,-157,-33,-12,-118,-18,-15,-94,0
261,685,0,40,-30,-20,65,-91,-23,72,-147,-27,65,-189,-25,40,-137,1,50,-172,-28,49,-123,-38,41,-98,-37,16,-138,1,27,-172,-29,28,-115,-32,20,-94,-24,-8,-133,-5,3,-168,-39,8,-112,-26,3,-89,-6,-34,-123,-12,-20,-156,-32,-13,-116,-18,-15,-93,0
261,686,0,40,-30,-20,65,-90,-23,72,-147,-27,65,-189,-25,40,-138,1,51,-173,-28,50,-124,-38,42,-97,-37,17,-138,1,28,-172,-29,29,-115,-31,21,-92,-24,-8,-133,-5,3,-168,-39,8,-112,-26,3,-89,-6,-34,-122,-12,-20,-156,-32,-12,-117,-18,-15,-93,0
260,687,0,40,-30,-19,66,-90,-23,73,-146,-26,66,-189,-24,39,-137,1,50,-172,-27,50,-123,-36,43,-97,-35,16,-138,1,28,-171,-29,29,-114,-31,20,-93,-23,-7,-133,-5,4,-167,-39,9,-112,-25,4,-89,-5,-34,-122,-12,-19,-155,-32,-11,-115,-18,-14,-93,0
259,688,0,39,-30,-19,65,-90,-23,73,-145,-27,67,-189,-26,41,-137,1,52,-170,-27,51,-123,-37,43,-97,-36,17,-137,1,29,-170,-29,30,-114,-31,22,-92,-24,-7,-132,-5,5,-167,-39,10,-111,-26,5,-87,-6,-33,-122,-13,-19,-155,-33,-11,-115,-19,-14,-92,-1
258,688,0,40,-29,-20,66,-89,-24,74,-145,-28,67,-189,-27,41,-137,0,52,-171,-28,51,-122,-38,44,-96,-38,17,-138,0,30,-171,-30,30,-114,-32,22,-92,-25,-6,-133,-6,5,-168,-40,10,-112,-26,5,-87,-6,-33,-122,-13,-18,-156,-33,-11,-115,-19,-14,-92,-1
256,690,0,40,-29,-20,67,-89,-24,75,-144,-29,68,-188,-28,42,-137,-1,54,-170,-30,53,-123,-39,45,-96,-39,19,-138,-1,32,-171,-32,31,-114,-35,22,-91,-28,-6,-133,-8,7,-167,-42,11,-111,-29,5,-87,-9,-32,-122,-15,-16,-156,-36,-9,-115,-21,-13,-92,-3
256,689,0,40,-29,-19,69,-89,-24,77,-144,-28,70,-188,-28,43,-137,-2,56,-170,-31,53,-122,-41,45,-95,-40,19,-138,-3,33,-170,-33,31,-113,-36,23,-89,-28,-6,-133,-8,8,-166,-43,10,-110,-29,5,-84,-9,-33,-123,-15,-16,-155,-36,-10,-114,-21,-13,-90,-3
256,689,0,40,-28,-20,68,-88,-25,77,-144,-30,70,-188,-30,43,-136,-3,56,-170,-32,53,-122,-42,45,-94,-42,19,-137,-3,33,-170,-34,31,-113,-36,22,-89,-29,-6,-132,-9,7,-166,-43,11,-109,-29,5,-84,-10,-33,-122,-15,-17,-155,-36,-10,-114,-21,-13,-90,-4
256,691,0,39,-29,-20,67,-89,-24,76,-144,-29,69,-188,-29,42,-136,-1,56,-168,-30,53,-121,-41,44,-94,-41,19,-138,-1,33,-169,-32,30,-112,-34,22,-88,-27,-6,-133,-7,7,-165,-41,10,-109,-28,5,-84,-8,-33,-122,-14,-17,-154,-34,-10,-114,-20,-14,-91,-2
256,690,0,39,-29,-21,67,-88,-26,77,-143,-31,70,-188,-32,42,-137,-2,56,-168,-32,53,-121,-43,44,-94,-43,18,-139,-2,34,-169,-34,31,-112,-37,22,-89,-29,-6,-133,-8,8,-165,-43,10,-109,-30,4,-84,-10,-34,-123,-15,-16,-155,-36,-10,-113,-21,-14,-91,-3
256,690,0,39,-30,-21,68,-88,-26,78,-144,-31,70,-188,-31,42,-137,-2,57,-168,-32,53,-121,-43,44,-93,-44,18,-138,-2,34,-169,-34,31,-112,-37,22,-88,-29,-6,-134,-7,8,-166,-43,10,-109,-30,4,-84,-10,-34,-123,-14,-16,-155,-35,-10,-114,-21,-14,-90,-3
257,688,0,40,-29,-20,68,-89,-25,78,-144,-30,70,-188,-31,42,-137,-3,57,-169,-31,53,-121,-42,45,-93,-42,18,-138,-2,34,-169,-33,31,-111,-36,22,-87,-28,-7,-134,-8,8,-165,-42,10,-108,-29,4,-83,-9,-35,-123,-14,-16,-155,-35,-10,-114,-21,-14,-90,-3
258,688,0,40,-29,-20,69,-89,-25,79,-144,-30,70,-188,-31,42,-137,-1,57,-169,-30,54,-122,-41,46,-94,-41,19,-139,-1,34,-169,-32,32,-112,-35,23,-88,-28,-6,-134,-7,9,-167,-41,11,-110,-28,5,-84,-9,-34,-124,-14,-16,-157,-34,-9,-116,-20,-12,-91,-3
259,687,0,40,-29,-19,68,-88,-24,79,-143,-29,71,-187,-30,43,-135,0,57,-169,-30,55,-122,-40,46,-94,-40,20,-137,-1,35,-168,-32,32,-111,-35,23,-87,-28,-5,-133,-7,9,-166,-42,11,-109,-30,5,-83,-10,-33,-124,-14,-15,-157,-35,-8,-116,-21,-12,-91,-4
260,686,0,41,-30,-19,68,-89,-23,77,-143,-28,70,-188,-28,44,-135,1,57,-169,-28,55,-122,-40,46,-92,-40,21,-137,1,36,-169,-29,32,-113,-32,23,-86,-26,-4,-133,-5,9,-165,-38,11,-110,-27,5,-83,-8,-31,-122,-12,-14,-156,-32,-8,-115,-19,-12,-91,-2
261,687,0,40,-30,-19,67,-89,-23,77,-143,-28,69,-188,-29,44,-135,0,57,-170,-29,54,-124,-41,46,-93,-42,21,-137,0,35,-170,-30,32,-114,-34,24,-86,-27,-4,-133,-6,9,-167,-39,11,-112,-28,7,-83,-9,-31,-123,-13,-14,-157,-34,-8,-117,-21,-12,-91,-4
264,686,0,39,-30,-19,66,-88,-23,76,-143,-29,68,-188,-30,44,-135,-2,57,-169,-30,54,-123,-42,46,-93,-43,21,-137,-3,35,-170,-32,33,-115,-35,24,-87,-29,-4,-133,-8,9,-168,-41,11,-112,-29,6,-84,-11,-32,-123,-15,-15,-157,-36,-8,-118,-23,-12,-91,-7
266,684,0,39,-29,-18,66,-88,-22,76,-143,-27,69,-188,-28,43,-134,0,57,-169,-28,55,-124,-40,46,-94,-41,20,-137,-1,35,-170,-30,33,-115,-34,25,-88,-28,-4,-133,-7,9,-168,-40,13,-112,-28,7,-84,-10,-32,-123,-15,-14,-157,-35,-8,-118,-22,-11,-92,-6
269,684,0,38,-31,-17,65,-90,-22,75,-144,-27,67,-189,-28,42,-135,0,56,-169,-28,54,-124,-39,46,-94,-40,20,-138,-1,34,-171,-30,33,-116,-33,24,-89,-27,-5,-134,-8,9,-169,-40,12,-114,-29,7,-85,-11,-33,-124,-15,-15,-158,-36,-8,-119,-23,-12,-93,-6
270,680,0,40,-29,-17,68,-88,-21,77,-143,-25,70,-188,-26,43,-134,0,56,-169,-26,56,-124,-37,47,-93,-38,20,-136,0,35,-170,-28,34,-116,-31,25,-88,-26,-5,-133,-6,10,-168,-38,14,-113,-27,8,-85,-10,-34,-124,-13,-14,-158,-34,-7,-119,-22,-10,-93,-6
272,679,0,40,-29,-18,67,-87,-22,77,-143,-27,69,-188,-28,43,-135,0,57,-171,-27,56,-125,-39,47,-95,-40,21,-137,-1,36,-172,-28,34,-117,-32,25,-90,-26,-4,-134,-7,10,-171,-38,15,-115,-28,8,-87,-10,-33,-125,-14,-13,-159,-34,-6,-121,-22,-10,-95,-7
274,678,0,39,-30,-18,65,-88,-22,75,-143,-27,67,-189,-29,42,-135,-1,55,-172,-27,55,-128,-38,47,-96,-39,20,-138,-2,34,-173,-28,34,-119,-33,24,-89,-28,-5,-134,-7,8,-173,-37,13,-118,-28,8,-87,-11,-33,-125,-14,-15,-160,-35,-7,-123,-24,-10,-95,-9
274,678,0,39,-30,-17,66,-89,-20,76,-144,-25,68,-188,-27,42,-137,1,55,-175,-25,55,-130,-36,47,-97,-38,20,-139,0,33,-175,-26,33,-120,-31,24,-90,-26,-5,-135,-6,9,-174,-35,13,-120,-25,8,-88,-9,-32,-125,-13,-15,-162,-33,-7,-125,-22,-10,-96,-7
275,679,0,38,-30,-17,64,-89,-20,73,-144,-25,68,-189,-26,40,-139,0,51,-177,-26,52,-131,-36,46,-98,-37,17,-140,-1,30,-175,-27,31,-121,-31,24,-91,-25,-7,-136,-7,6,-175,-36,11,-121,-25,6,-90,-9,-34,-126,-14,-18,-163,-34,-9,-125,-22,-12,-98,-7
271,679,0,39,-31,-16,64,-90,-20,73,-144,-25,66,-189,-26,42,-138,1,52,-177,-25,54,-132,-36,46,-99,-37,20,-139,-1,32,-175,-26,33,-122,-31,25,-92,-26,-4,-135,-7,7,-175,-35,13,-121,-25,8,-90,-9,-30,-125,-14,-15,-162,-33,-7,-126,-22,-9,-98,-6
270,677,0,39,-32,-16,64,-91,-20,71,-146,-25,64,-190,-27,41,-139,2,51,-177,-24,52,-133,-36,46,-99,-38,19,-140,0,30,-177,-26,32,-124,-31,24,-92,-26,-5,-136,-6,6,-176,-35,11,-122,-26,7,-90,-9,-32,-125,-13,-16,-163,-33,-8,-126,-22,-10,-97,-7
267,677,0,39,-32,-15,63,-91,-19,71,-145,-24,65,-190,-25,40,-139,3,50,-178,-24,51,-132,-35,46,-99,-36,18,-139,1,29,-176,-25,31,-122,-30,24,-93,-24,-5,-135,-6,5,-175,-35,10,-121,-24,7,-91,-7,-31,-124,-13,-17,-162,-33,-9,-125,-21,-11,-97,-5
265,677,0,39,-34,-15,63,-92,-18,71,-146,-23,64,-190,-25,39,-139,4,49,-177,-22,51,-133,-34,45,-100,-35,17,-140,2,29,-175,-24,30,-122,-29,23,-93,-24,-6,-135,-5,4,-175,-34,10,-122,-24,6,-91,-8,-33,-125,-13,-18,-162,-32,-9,-125,-20,-11,-97,-4
263,676,0,39,-34,-14,63,-92,-18,70,-145,-23,63,-190,-24,39,-140,4,49,-178,-22,52,-133,-34,46,-101,-35,18,-141,2,29,-176,-24,31,-123,-29,24,-93,-25,-6,-136,-5,5,-176,-35,11,-121,-25,6,-90,-8,-33,-125,-13,-18,-163,-33,-9,-125,-21,-11,-97,-5
261,673,0,39,-33,-16,63,-91,-20,70,-145,-25,63,-190,-27,40,-138,1,50,-176,-26,52,-131,-37,45,-98,-38,17,-139,0,28,-175,-28,30,-121,-33,24,-92,-28,-7,-134,-7,4,-174,-38,10,-120,-28,6,-89,-11,-33,-123,-14,-19,-161,-35,-9,-123,-24,-11,-96,-8
259,673,0,39,-33,-16,64,-92,-19,69,-146,-24,63,-190,-24,40,-137,2,48,-176,-25,50,-133,-36,45,-99,-37,17,-138,0,28,-174,-26,30,-122,-31,23,-92,-26,-7,-133,-6,4,-174,-35,10,-121,-25,6,-89,-9,-33,-122,-13,-19,-161,-33,-10,-124,-22,-11,-96,-6
258,673,0,39,-33,-15,63,-92,-19,69,-146,-23,63,-190,-24,39,-138,2,48,-177,-25,51,-133,-36,45,-99,-36,17,-138,0,28,-175,-27,30,-122,-32,23,-92,-26,-7,-133,-7,4,-173,-37,10,-120,-26,6,-89,-10,-34,-122,-15,-19,-161,-34,-9,-124,-22,-11,-96,-6
257,671,0,39,-33,-16,63,-91,-19,68,-146,-24,62,-190,-25,39,-138,1,48,-177,-25,51,-132,-36,45,-98,-36,17,-138,-1,27,-175,-27,30,-122,-32,23,-91,-27,-7,-133,-7,3,-173,-37,10,-120,-27,6,-88,-10,-35,-122,-14,-20,-160,-34,-10,-123,-23,-12,-95,-7
257,671,0,38,-34,-15,62,-92,-18,67,-147,-23,62,-191,-24,38,-138,2,48,-176,-24,50,-132,-35,44,-99,-36,16,-139,0,27,-176,-26,29,-122,-31,22,-92,-26,-8,-134,-7,3,-173,-36,9,-120,-26,5,-89,-10,-35,-123,-14,-20,-160,-34,-11,-123,-22,-12,-96,-6
255,669,0,39,-33,-16,64,-91,-20,71,-146,-25,63,-190,-26,39,-138,1,48,-177,-24,50,-133,-35,44,-99,-37,17,-139,0,27,-176,-25,29,-123,-30,23,-92,-26,-7,-134,-5,3,-175,-33,9,-122,-24,6,-89,-9,-34,-123,-12,-20,-161,-31,-11,-125,-21,-12,-96,-6
253,667,0,38,-33,-16,62,-92,-19,69,-146,-24,60,-191,-26,39,-139,2,47,-178,-23,50,-133,-35,45,-100,-36,16,-139,1,26,-176,-25,30,-123,-30,23,-92,-26,-8,-134,-5,2,-174,-34,9,-121,-25,6,-90,-10,-35,-123,-12,-21,-161,-32,-11,-124,-22,-12,-96,-7
250,667,0,39,-34,-15,62,-93,-18,67,-147,-23,60,-191,-24,38,-140,2,46,-179,-23,50,-135,-35,44,-101,-36,16,-140,0,25,-177,-25,30,-124,-31,23,-93,-27,-8,-134,-6,1,-175,-34,9,-122,-25,6,-89,-9,-35,-123,-13,-22,-161,-32,-12,-125,-21,-12,-96,-7
247,667,0,40,-34,-15,64,-92,-17,68,-147,-22,60,-191,-22,40,-138,3,48,-177,-22,51,-133,-34,45,-100,-35,18,-138,1,27,-176,-24,30,-124,-30,23,-92,-26,-6,-133,-5,2,-174,-33,10,-122,-24,6,-90,-8,-33,-122,-12,-20,-161,-32,-10,-124,-21,-11,-96,-6
247,665,0,39,-34,-15,63,-92,-18,68,-148,-22,60,-191,-24,39,-139,3,46,-179,-23,50,-135,-35,44,-101,-36,17,-139,1,25,-177,-24,30,-125,-30,23,-93,-26,-7,-133,-5,2,-174,-33,9,-122,-24,6,-89,-9,-33,-122,-12,-22,-161,-31,-12,-125,-21,-12,-97,-6
245,665,0,40,-34,-15,63,-93,-19,68,-148,-24,59,-191,-25,39,-139,3,47,-179,-24,50,-134,-36,44,-101,-38,16,-139,1,25,-179,-26,30,-125,-33,23,-93,-28,-7,-134,-5,2,-176,-35,9,-122,-26,7,-89,-10,-33,-123,-12,-21,-161,-32,-10,-123,-21,-12,-95,-6
244,663,0,40,-34,-15,64,-92,-19,68,-148,-23,59,-191,-25,40,-138,3,47,-178,-24,49,-134,-37,43,-100,-38,17,-138,2,25,-177,-25,28,-123,-32,23,-92,-28,-7,-132,-4,1,-174,-34,8,-121,-25,6,-88,-9,-33,-122,-11,-22,-160,-31,-12,-123,-20,-13,-95,-5
243,661,0,40,-34,-16,63,-93,-20,68,-148,-25,59,-192,-26,38,-138,2,46,-178,-25,49,-133,-38,43,-99,-39,16,-137,1,24,-176,-27,28,-123,-33,23,-90,-29,-8,-132,-5,0,-173,-35,8,-120,-26,6,-87,-10,-34,-121,-12,-22,-159,-32,-12,-122,-22,-12,-94,-7
241,659,0,39,-32,-18,65,-92,-22,68,-148,-26,59,-191,-28,40,-139,0,46,-179,-26,48,-133,-39,43,-100,-41,17,-138,0,24,-177,-27,28,-124,-33,24,-92,-29,-6,-133,-5,0,-174,-34,8,-121,-25,6,-87,-9,-32,-121,-11,-22,-158,-31,-13,-121,-21,-13,-92,-7
239,657,0,40,-33,-17,66,-93,-20,69,-149,-25,59,-191,-25,41,-138,1,48,-177,-25,48,-133,-38,43,-100,-40,18,-138,1,24,-177,-26,27,-125,-32,24,-92,-29,-5,-133,-4,0,-175,-33,7,-122,-24,6,-87,-9,-32,-121,-9,-23,-157,-30,-13,-120,-21,-13,-92,-7
238,657,0,39,-31,-18,64,-92,-22,68,-149,-26,58,-192,-27,40,-139,-2,46,-178,-27,47,-134,-40,41,-101,-42,17,-140,-1,23,-178,-27,26,-126,-33,22,-93,-29,-6,-134,-5,-2,-176,-34,6,-122,-25,5,-88,-10,-32,-123,-11,-23,-158,-31,-14,-121,-22,-14,-92,-8
236,653,0,39,-31,-19,66,-92,-24,69,-149,-28,58,-192,-29,40,-139,-4,46,-179,-30,46,-134,-42,40,-100,-45,17,-139,-3,22,-179,-29,25,-125,-35,21,-93,-31,-7,-134,-6,-3,-175,-35,5,-121,-26,4,-87,-10,-33,-121,-11,-25,-157,-31,-16,-118,-21,-16,-90,-8
236,651,0,38,-29,-20,66,-91,-25,68,-149,-29,57,-192,-29,41,-138,-5,46,-178,-31,46,-132,-43,41,-98,-45,17,-138,-4,22,-177,-31,25,-122,-36,22,-90,-32,-7,-132,-7,-3,-174,-37,5,-119,-27,5,-85,-11,-33,-120,-11,-25,-156,-32,-16,-116,-23,-16,-88,-9
233,649,0,40,-29,-19,67,-90,-24,70,-149,-28,59,-192,-29,42,-139,-5,47,-180,-31,47,-133,-44,41,-98,-46,18,-139,-3,23,-178,-29,26,-124,-35,21,-90,-31,-6,-134,-6,-3,-175,-35,5,-119,-26,4,-85,-11,-33,-122,-10,-26,-157,-31,-17,-118,-22,-17,-89,-9
224,646,0,39,-32,-19,66,-92,-24,67,-150,-29,56,-192,-31,38,-139,-4,43,-179,-31,44,-134,-45,39,-99,-47,14,-138,-3,19,-179,-31,24,-124,-37,20,-91,-33,-9,-131,-7,-6,-172,-36,2,-118,-27,2,-84,-11,-35,-118,-11,-29,-153,-31,-19,-115,-22,-18,-88,-8
225,645,0,39,-32,-19,65,-92,-23,66,-149,-28,56,-192,-29,37,-139,-3,42,-179,-29,43,-134,-42,39,-100,-44,13,-138,-2,18,-178,-29,23,-124,-35,20,-90,-31,-10,-130,-5,-6,-172,-35,3,-117,-26,2,-84,-11,-36,-117,-10,-28,-152,-31,-18,-114,-21,-17,-87,-8
225,645,0,40,-31,-19,66,-91,-23,67,-149,-27,56,-192,-28,38,-138,-2,43,-178,-28,45,-133,-40,40,-99,-42,15,-137,-1,20,-177,-28,24,-124,-35,21,-90,-31,-9,-130,-4,-4,-172,-34,5,-118,-25,4,-84,-10,-35,-116,-9,-26,-153,-29,-16,-114,-20,-16,-87,-7
229,645,0,39,-30,-19,65,-92,-23,65,-149,-27,55,-193,-28,38,-139,-2,44,-179,-28,44,-134,-41,40,-99,-44,14,-137,-1,21,-177,-27,25,-124,-33,21,-90,-30,-9,-130,-4,-4,-173,-33,4,-118,-25,3,-84,-10,-34,-118,-9,-26,-154,-30,-17,-115,-21,-17,-87,-8
231,646,0,39,-29,-19,65,-90,-23,66,-149,-27,56,-192,-27,38,-139,-3,44,-179,-30,45,-133,-42,41,-98,-44,14,-138,-2,21,-177,-29,25,-122,-34,22,-89,-30,-9,-130,-6,-3,-173,-35,5,-119,-26,4,-84,-10,-34,-118,-11,-26,-154,-31,-16,-116,-23,-16,-88,-10
235,647,0,40,-31,-19,66,-91,-22,67,-149,-26,57,-192,-26,39,-138,-1,44,-177,-27,45,-132,-39,41,-97,-41,16,-138,0,21,-177,-27,25,-122,-33,21,-88,-29,-8,-132,-4,-3,-172,-33,5,-118,-24,4,-83,-9,-34,-119,-8,-25,-154,-28,-16,-116,-20,-15,-89,-6
237,648,0,40,-29,-20,66,-90,-24,68,-148,-28,58,-192,-28,40,-139,-3,46,-178,-29,46,-132,-43,41,-98,-45,17,-138,-1,23,-177,-28,26,-123,-33,22,-89,-29,-6,-132,-4,-2,-173,-33,5,-120,-25,5,-85,-10,-32,-121,-8,-24,-155,-29,-15,-117,-21,-15,-89,-8
