300,1067,0,49,-53,-24,77,-127,-32,42,-182,-39,-3,-200,-46,50,-211,-13,60,-302,-29,64,-359,-43,66,-408,-52,16,-218,-14,26,-317,-27,33,-383,-41,39,-437,-51,-15,-209,-19,-8,-302,-33,1,-365,-45,9,-414,-53,-48,-188,-27,-46,-260,-39,-42,-311,-45,-37,-356,-49
301,1066,0,49,-53,-23,78,-127,-31,41,-183,-37,-4,-200,-44,51,-211,-12,62,-302,-27,65,-359,-40,67,-408,-50,17,-219,-13,27,-318,-26,35,-383,-39,40,-438,-48,-14,-210,-18,-7,-305,-31,3,-367,-43,11,-417,-51,-47,-190,-26,-44,-262,-38,-39,-312,-43,-34,-356,-47
307,1069,0,44,-54,-21,69,-127,-28,36,-183,-34,-8,-200,-40,43,-208,-9,55,-295,-24,59,-350,-36,60,-397,-45,11,-214,-11,22,-311,-23,29,-374,-35,35,-425,-44,-18,-206,-17,-11,-297,-29,-2,-358,-40,7,-405,-47,-49,-186,-25,-48,-258,-36,-43,-307,-41,-38,-349,-44
302,1070,0,49,-50,-26,76,-125,-35,43,-181,-42,-2,-200,-49,50,-205,-15,62,-292,-32,66,-346,-46,69,-393,-56,17,-213,-15,30,-309,-29,38,-373,-43,46,-424,-53,-12,-205,-19,-4,-298,-35,7,-357,-46,16,-406,-54,-44,-184,-27,-40,-255,-40,-35,-305,-47,-28,-350,-51
303,1070,0,48,-49,-24,76,-122,-33,43,-180,-40,0,-200,-47,51,-205,-14,61,-291,-30,65,-346,-44,68,-392,-54,18,-213,-16,30,-310,-29,39,-372,-42,45,-423,-52,-12,-205,-21,-3,-297,-36,9,-357,-48,18,-406,-56,-44,-184,-28,-40,-254,-42,-35,-303,-49,-28,-346,-54
301,1071,0,50,-47,-25,79,-120,-34,48,-180,-40,3,-200,-46,55,-205,-14,66,-292,-30,69,-345,-43,72,-392,-53,22,-212,-15,33,-308,-28,42,-371,-42,49,-422,-51,-9,-203,-20,1,-295,-35,12,-354,-47,22,-404,-55,-42,-181,-27,-36,-252,-41,-31,-300,-48,-25,-344,-53
303,1077,0,47,-48,-23,75,-122,-30,44,-180,-35,3,-200,-41,50,-201,-11,61,-285,-26,65,-337,-39,68,-383,-49,18,-209,-13,30,-301,-26,38,-362,-39,46,-412,-48,-11,-200,-19,-2,-290,-33,8,-347,-46,17,-395,-54,-42,-180,-27,-38,-247,-40,-33,-295,-48,-27,-337,-53
303,1078,0,47,-49,-24,73,-123,-31,42,-179,-37,0,-200,-43,51,-200,-12,62,-285,-27,66,-338,-41,68,-385,-51,19,-208,-13,31,-301,-27,39,-362,-40,47,-412,-50,-10,-200,-19,-1,-290,-34,9,-347,-47,19,-395,-55,-42,-180,-27,-37,-248,-42,-32,-295,-49,-26,-338,-55
303,1079,0,48,-50,-24,73,-123,-31,42,-179,-37,0,-200,-42,50,-200,-10,61,-285,-26,65,-337,-39,68,-383,-49,19,-208,-12,30,-300,-25,39,-360,-38,47,-410,-48,-10,-200,-18,-1,-289,-33,9,-347,-45,19,-394,-53,-42,-180,-26,-38,-248,-40,-32,-295,-47,-26,-338,-52
301,1078,0,48,-46,-23,77,-120,-31,47,-179,-37,5,-200,-43,53,-201,-13,65,-286,-28,68,-339,-41,71,-384,-51,21,-209,-14,33,-303,-28,42,-364,-41,50,-413,-50,-8,-200,-20,0,-291,-35,11,-349,-47,21,-396,-55,-39,-180,-28,-35,-249,-42,-30,-295,-50,-25,-338,-54
302,1081,0,47,-47,-23,74,-121,-31,44,-178,-37,3,-200,-42,50,-200,-11,62,-282,-27,66,-333,-40,69,-378,-50,19,-208,-13,31,-299,-26,39,-359,-39,47,-409,-49,-9,-199,-19,0,-288,-34,10,-344,-46,20,-392,-55,-39,-178,-27,-35,-245,-42,-31,-292,-49,-26,-334,-54
299,1079,0,48,-46,-24,78,-119,-33,48,-177,-39,7,-200,-45,53,-200,-13,65,-284,-29,69,-336,-42,72,-382,-52,22,-208,-14,35,-301,-28,43,-361,-41,51,-411,-50,-6,-200,-20,2,-289,-35,13,-346,-47,23,-394,-55,-38,-179,-28,-33,-247,-42,-28,-293,-50,-23,-337,-55
298,1081,0,49,-48,-23,77,-121,-30,48,-178,-35,8,-200,-41,52,-201,-9,64,-285,-24,67,-335,-37,71,-381,-47,21,-210,-11,32,-301,-23,41,-360,-37,49,-411,-46,-7,-201,-17,1,-290,-31,11,-346,-43,20,-392,-52,-37,-181,-25,-34,-248,-39,-29,-295,-46,-24,-338,-51
241,875,0,55,-35,-17,96,-116,-14,81,-182,-10,41,-196,-6,83,-189,16,97,-265,11,102,-312,1,106,-353,-8,55,-202,14,70,-282,10,81,-336,-2,90,-381,-11,28,-201,7,41,-279,-2,53,-327,-14,63,-366,-22,-1,-189,-3,11,-250,-12,19,-290,-18,25,-328,-23
241,872,0,56,-35,-16,96,-116,-12,82,-181,-8,42,-196,-3,84,-190,17,98,-265,13,104,-312,3,108,-354,-6,56,-203,15,71,-282,11,83,-336,-1,92,-381,-9,28,-201,7,41,-279,-1,55,-328,-13,65,-367,-22,0,-189,-3,11,-249,-11,19,-290,-18,26,-328,-23
241,873,0,56,-35,-17,97,-117,-13,83,-181,-9,44,-195,-3,84,-192,17,99,-266,12,105,-314,2,108,-355,-7,57,-204,14,71,-284,10,83,-338,-2,93,-383,-11,29,-202,6,42,-280,-2,56,-329,-15,65,-369,-24,0,-190,-4,13,-250,-13,20,-290,-20,27,-329,-25
242,871,0,57,-37,-17,97,-117,-13,80,-181,-9,40,-196,-4,84,-190,19,97,-264,14,103,-311,4,108,-351,-5,56,-202,16,71,-281,12,82,-334,1,92,-379,-8,28,-201,8,42,-278,0,55,-327,-12,64,-366,-21,0,-189,-2,12,-249,-11,20,-289,-17,26,-327,-22
242,870,0,57,-37,-17,97,-118,-13,80,-182,-9,40,-196,-4,84,-190,19,97,-264,14,103,-311,5,109,-351,-4,56,-202,16,71,-282,13,82,-334,1,92,-379,-8,28,-201,9,42,-278,1,55,-326,-12,64,-365,-20,0,-189,-2,12,-248,-10,20,-289,-16,26,-328,-21
242,870,0,57,-37,-17,97,-119,-13,80,-183,-9,39,-197,-4,84,-191,19,99,-267,14,105,-314,4,109,-354,-5,56,-204,16,71,-283,13,83,-337,1,93,-382,-8,28,-202,9,42,-280,1,55,-328,-12,65,-368,-21,0,-189,-2,12,-250,-10,20,-291,-16,26,-329,-22
242,870,0,57,-37,-17,95,-118,-13,77,-182,-10,36,-197,-5,83,-188,19,96,-261,14,102,-308,5,106,-347,-4,55,-200,17,69,-278,13,81,-331,2,90,-375,-7,27,-198,9,41,-275,1,53,-322,-11,62,-361,-20,0,-186,-1,11,-245,-9,19,-285,-16,25,-323,-21
242,869,0,56,-35,-17,95,-116,-14,78,-180,-10,37,-197,-5,84,-188,18,96,-262,13,102,-309,4,106,-349,-5,55,-200,16,69,-279,12,81,-332,1,91,-376,-8,28,-199,9,41,-276,0,53,-323,-12,63,-362,-21,0,-187,-1,11,-246,-10,19,-286,-17,25,-324,-22
242,870,0,56,-37,-17,94,-116,-13,77,-180,-9,39,-197,-4,82,-188,18,95,-261,14,101,-307,4,105,-347,-5,55,-201,16,69,-278,12,80,-331,1,90,-374,-8,27,-198,9,41,-275,0,53,-321,-12,62,-360,-20,0,-186,-2,11,-245,-10,19,-285,-16,25,-322,-22
242,870,0,55,-35,-17,95,-116,-13,79,-180,-9,39,-196,-4,83,-191,17,96,-264,12,102,-311,2,106,-351,-6,55,-202,15,70,-281,11,81,-334,0,91,-379,-9,27,-200,8,41,-278,-1,54,-325,-13,63,-365,-22,-1,-188,-2,11,-247,-11,19,-288,-18,25,-326,-23
242,871,0,55,-35,-18,95,-117,-14,78,-181,-10,38,-197,-5,82,-189,16,96,-263,12,101,-310,2,106,-349,-7,54,-202,15,69,-280,10,80,-332,-1,90,-377,-10,27,-199,7,41,-277,-1,53,-324,-13,63,-363,-22,-1,-187,-2,11,-246,-11,19,-286,-18,25,-324,-23
242,869,0,56,-36,-18,96,-117,-14,78,-182,-10,37,-197,-6,83,-189,17,96,-263,12,102,-310,2,107,-350,-7,55,-202,15,69,-281,10,81,-334,-1,91,-378,-10,28,-200,7,40,-278,-1,54,-325,-14,63,-365,-23,-1,-188,-3,11,-247,-12,18,-287,-18,25,-325,-24
241,869,0,56,-36,-17,95,-117,-13,76,-181,-10,37,-197,-5,83,-188,19,96,-261,14,101,-307,5,106,-347,-4,55,-200,17,69,-279,13,80,-331,2,90,-375,-7,27,-199,10,41,-275,2,53,-322,-11,62,-361,-19,0,-187,0,12,-246,-8,19,-286,-15,25,-323,-20
240,869,0,55,-36,-18,94,-116,-15,75,-181,-12,36,-197,-7,83,-188,17,97,-261,13,102,-308,3,106,-347,-6,55,-201,16,70,-279,12,81,-331,1,91,-375,-8,27,-199,9,41,-276,1,54,-323,-12,62,-362,-20,-1,-187,-1,11,-247,-10,20,-287,-16,26,-324,-21
239,869,0,56,-36,-18,94,-117,-15,76,-181,-11,35,-197,-7,83,-188,19,97,-262,14,102,-308,5,106,-348,-4,55,-201,17,70,-279,14,81,-332,2,90,-376,-7,28,-199,10,41,-276,2,53,-323,-10,62,-362,-19,0,-187,0,12,-246,-8,20,-286,-14,26,-323,-20
239,867,0,55,-37,-18,95,-117,-16,75,-180,-13,35,-197,-9,83,-188,18,97,-263,14,101,-309,4,106,-349,-5,55,-202,17,70,-280,13,80,-333,2,89,-377,-7,27,-200,10,40,-277,2,52,-324,-10,61,-362,-19,-1,-188,0,11,-247,-8,18,-288,-14,24,-325,-19
237,869,0,54,-37,-19,92,-115,-17,74,-179,-14,34,-197,-10,81,-183,17,94,-257,12,99,-302,2,103,-343,-7,54,-197,16,68,-274,12,79,-325,1,88,-370,-9,27,-195,9,39,-270,1,51,-316,-11,60,-354,-20,-1,-183,-1,11,-242,-8,18,-281,-15,24,-317,-20
237,865,0,56,-37,-18,95,-119,-16,75,-183,-13,34,-198,-8,84,-190,18,98,-265,13,102,-312,4,106,-353,-5,56,-203,16,71,-282,13,81,-336,2,89,-382,-7,28,-201,9,41,-280,2,53,-327,-11,60,-367,-19,-1,-189,-1,11,-250,-9,18,-291,-14,23,-329,-19
236,867,0,56,-39,-18,94,-119,-16,76,-182,-13,35,-197,-9,84,-190,17,97,-266,11,102,-314,1,105,-355,-8,55,-203,15,69,-283,11,80,-338,-1,88,-385,-10,27,-202,8,40,-280,1,52,-328,-12,60,-368,-20,-2,-190,-2,10,-251,-9,17,-292,-15,23,-329,-19
236,864,0,54,-37,-19,93,-117,-17,75,-180,-15,35,-197,-12,83,-191,13,96,-268,7,101,-316,-3,105,-358,-13,54,-204,12,69,-285,7,79,-340,-5,88,-387,-14,26,-202,5,39,-280,-2,51,-330,-15,59,-370,-24,-2,-190,-4,9,-251,-12,16,-292,-18,22,-330,-23
235,869,0,54,-38,-20,90,-118,-18,73,-181,-16,34,-198,-13,80,-192,15,93,-267,9,98,-315,-2,102,-358,-12,52,-203,14,66,-284,10,75,-338,-4,84,-386,-15,25,-201,7,36,-279,0,47,-329,-14,56,-370,-25,-4,-188,-2,7,-250,-9,15,-293,-16,22,-332,-21
217,933,0,57,-38,-21,98,-115,-22,76,-183,-22,31,-198,-21,90,-188,13,106,-254,8,111,-296,-3,115,-333,-13,58,-206,12,73,-279,8,84,-329,-3,92,-371,-13,26,-206,6,39,-279,-2,52,-326,-14,61,-366,-23,-8,-196,-4,3,-257,-11,12,-299,-16,19,-338,-21
218,934,0,56,-37,-21,97,-116,-21,76,-184,-20,31,-198,-18,90,-190,15,106,-256,11,111,-296,1,115,-334,-8,58,-209,14,73,-282,13,84,-330,2,93,-373,-6,26,-210,9,39,-282,3,52,-327,-9,62,-367,-18,-8,-199,0,3,-261,-6,11,-301,-10,19,-339,-14
219,933,0,56,-37,-20,96,-114,-20,76,-183,-20,32,-198,-18,90,-191,16,105,-257,12,110,-298,2,113,-336,-8,58,-209,15,72,-283,13,83,-332,2,91,-374,-7,26,-210,8,39,-283,3,51,-329,-9,60,-369,-18,-9,-200,-1,2,-261,-7,10,-302,-11,17,-340,-15
219,931,0,56,-38,-21,98,-116,-21,75,-185,-20,30,-198,-19,91,-193,16,106,-259,13,112,-301,3,114,-338,-6,59,-212,15,74,-286,14,84,-335,3,92,-378,-6,26,-212,9,40,-286,4,53,-332,-8,61,-372,-17,-8,-201,0,3,-263,-6,11,-303,-10,18,-343,-14
219,930,0,56,-37,-21,98,-116,-21,75,-186,-21,29,-198,-19,91,-193,14,106,-259,11,112,-302,1,115,-339,-8,59,-211,13,74,-285,11,84,-335,1,92,-379,-8,27,-212,7,39,-286,1,53,-332,-11,61,-373,-20,-7,-201,-3,3,-264,-9,11,-304,-14,18,-344,-19
220,930,0,56,-37,-20,97,-117,-20,75,-186,-19,30,-198,-18,89,-195,14,104,-262,11,107,-304,1,110,-342,-8,56,-212,12,71,-287,10,81,-336,-1,88,-380,-10,25,-212,5,36,-286,-1,49,-333,-13,58,-375,-22,-9,-200,-4,0,-263,-11,8,-304,-16,16,-344,-21
219,929,0,56,-37,-20,99,-120,-20,74,-190,-18,27,-199,-16,91,-199,17,105,-265,15,108,-308,6,109,-346,-3,57,-216,15,71,-290,15,81,-340,4,87,-383,-5,25,-215,8,36,-289,3,49,-335,-9,57,-378,-18,-9,-201,-1,0,-265,-7,8,-307,-12,16,-347,-17
219,926,0,56,-39,-20,98,-120,-19,74,-189,-19,28,-198,-17,90,-198,17,104,-264,14,107,-307,5,108,-345,-4,57,-214,15,70,-289,13,80,-338,2,86,-383,-7,24,-213,8,35,-288,2,48,-335,-11,56,-377,-20,-9,-200,-2,0,-264,-9,8,-305,-14,15,-346,-19
285,888,0,69,-44,-12,104,-132,-6,73,-205,0,23,-199,8,77,-187,22,85,-256,26,85,-299,24,81,-334,20,40,-198,24,52,-274,31,56,-323,29,60,-360,26,7,-197,23,14,-268,25,24,-310,21,29,-341,17,-28,-187,19,-23,-244,21,-19,-279,22,-16,-308,22
286,886,0,68,-46,-12,101,-131,-5,71,-203,2,21,-199,9,74,-185,27,83,-252,33,82,-294,30,79,-329,27,40,-195,29,50,-270,37,54,-317,35,58,-354,33,6,-194,27,13,-264,30,24,-306,25,29,-336,22,-28,-183,23,-24,-240,25,-19,-274,26,-18,-303,26
286,881,0,59,-45,-12,87,-128,-6,60,-197,0,14,-200,8,65,-175,28,72,-238,35,71,-277,34,68,-307,32,33,-183,31,40,-253,41,44,-297,40,46,-330,39,3,-181,29,6,-247,33,14,-285,30,18,-312,28,-30,-171,25,-28,-224,28,-23,-256,29,-22,-282,30
285,880,0,61,-46,-12,90,-135,-5,58,-205,2,8,-200,10,64,-187,28,69,-251,34,67,-292,32,62,-323,29,29,-195,30,36,-267,38,40,-311,37,42,-347,35,-2,-191,27,1,-259,30,9,-299,25,13,-328,22,-35,-176,22,-34,-234,23,-31,-269,24,-29,-298,23
299,888,0,56,-60,-12,70,-157,-5,22,-214,1,-27,-199,8,34,-202,23,32,-273,25,27,-319,20,22,-356,15,0,-206,23,-4,-287,26,-3,-342,19,-4,-383,13,-30,-198,18,-39,-275,16,-33,-325,7,-31,-363,0,-62,-180,12,-69,-245,10,-68,-285,6,-67,-320,3
503,872,0,43,-51,-17,54,-141,-14,19,-197,-11,-21,-199,-8,27,-199,11,28,-272,6,27,-317,-3,25,-354,-11,0,-207,10,0,-288,6,4,-340,-2,6,-382,-9,-24,-199,3,-27,-278,-4,-23,-328,-14,-20,-368,-20,-51,-183,-6,-54,-247,-13,-52,-289,-17,-51,-327,-21
505,874,0,42,-51,-16,51,-140,-13,19,-195,-11,-21,-199,-7,26,-198,11,27,-270,5,27,-316,-4,25,-354,-12,-1,-204,9,0,-286,5,3,-338,-4,5,-380,-10,-25,-198,2,-27,-276,-5,-23,-326,-14,-19,-366,-21,-52,-182,-7,-53,-245,-14,-52,-288,-19,-51,-325,-23
504,873,0,44,-51,-17,55,-141,-14,22,-196,-11,-19,-200,-8,28,-197,11,29,-270,5,28,-315,-3,26,-352,-11,1,-204,9,1,-285,5,5,-338,-3,7,-379,-10,-23,-197,3,-25,-275,-5,-21,-326,-15,-18,-365,-22,-50,-181,-6,-52,-245,-14,-50,-288,-19,-49,-326,-24
505,871,0,43,-48,-17,54,-139,-14,20,-196,-11,-21,-199,-7,28,-199,11,29,-272,5,28,-318,-3,26,-355,-11,0,-205,9,1,-286,5,4,-339,-3,5,-381,-10,-24,-198,3,-26,-276,-4,-21,-326,-14,-19,-366,-22,-50,-182,-6,-52,-246,-13,-51,-288,-19,-50,-326,-24
507,872,0,42,-50,-16,52,-140,-14,18,-196,-11,-22,-199,-8,25,-198,10,27,-272,4,26,-317,-4,24,-355,-12,-1,-204,8,0,-286,4,2,-338,-5,4,-381,-12,-25,-197,2,-27,-275,-5,-23,-327,-16,-20,-366,-23,-51,-181,-7,-54,-244,-15,-53,-287,-21,-52,-325,-26
506,872,0,43,-50,-16,52,-140,-13,20,-196,-10,-21,-199,-6,26,-198,11,28,-271,6,27,-316,-3,24,-353,-11,0,-204,9,0,-285,5,3,-338,-3,4,-379,-10,-24,-197,3,-26,-275,-4,-22,-325,-15,-19,-365,-22,-50,-181,-6,-52,-244,-14,-52,-288,-19,-51,-325,-24
506,871,0,42,-50,-17,53,-139,-14,21,-196,-11,-20,-200,-8,26,-199,11,27,-272,5,27,-316,-4,24,-354,-11,0,-205,9,0,-286,5,3,-338,-4,4,-380,-11,-24,-199,2,-26,-277,-5,-22,-327,-15,-19,-366,-22,-50,-182,-7,-53,-246,-14,-52,-288,-19,-52,-325,-24
506,871,0,42,-49,-16,52,-139,-13,20,-195,-11,-20,-200,-7,26,-197,11,27,-271,6,26,-316,-2,24,-353,-10,0,-203,9,0,-285,6,3,-337,-3,4,-379,-10,-24,-197,3,-27,-274,-4,-23,-325,-14,-20,-364,-22,-50,-181,-6,-52,-244,-14,-52,-287,-19,-52,-324,-24
507,871,0,42,-49,-16,51,-139,-14,19,-194,-11,-21,-199,-7,25,-198,11,25,-271,5,25,-315,-4,22,-353,-11,-1,-203,9,-1,-284,5,1,-337,-4,3,-378,-11,-25,-196,2,-28,-273,-5,-23,-324,-15,-21,-364,-23,-51,-180,-7,-53,-243,-15,-52,-286,-20,-52,-323,-25
507,871,0,42,-49,-16,51,-139,-14,19,-195,-11,-22,-199,-7,25,-197,11,25,-270,6,25,-315,-3,22,-352,-11,-1,-203,9,-1,-284,5,1,-336,-3,3,-378,-10,-25,-196,2,-28,-273,-5,-23,-324,-15,-22,-364,-22,-51,-180,-7,-53,-243,-15,-53,-286,-20,-53,-323,-25
507,871,0,42,-48,-16,52,-138,-14,17,-195,-11,-23,-199,-7,25,-197,11,25,-270,6,24,-315,-3,22,-352,-11,-1,-204,9,-1,-285,5,1,-337,-3,3,-378,-10,-25,-197,2,-28,-274,-5,-23,-325,-15,-22,-364,-23,-51,-181,-7,-53,-243,-15,-53,-286,-21,-53,-324,-26
507,873,0,42,-48,-16,51,-139,-13,17,-196,-10,-23,-199,-6,25,-197,11,25,-270,6,24,-315,-3,22,-352,-10,-1,-203,9,-1,-284,5,1,-336,-3,2,-379,-10,-25,-196,2,-28,-273,-5,-23,-324,-15,-22,-364,-23,-51,-180,-7,-53,-243,-15,-53,-285,-21,-53,-323,-26
506,874,0,43,-48,-17,53,-139,-14,18,-197,-10,-23,-199,-7,26,-198,11,26,-271,6,26,-316,-3,24,-354,-11,0,-205,9,0,-286,5,2,-339,-3,4,-381,-10,-24,-198,3,-27,-275,-5,-23,-326,-15,-21,-366,-23,-50,-182,-7,-53,-245,-15,-53,-288,-21,-53,-326,-26
506,874,0,43,-48,-16,53,-139,-13,18,-196,-10,-22,-199,-6,25,-199,12,26,-272,6,26,-317,-2,24,-355,-10,-1,-205,10,0,-286,6,3,-339,-3,4,-381,-10,-25,-198,3,-27,-275,-4,-23,-327,-15,-20,-366,-22,-51,-181,-6,-54,-244,-14,-53,-288,-20,-52,-326,-25
505,875,0,43,-48,-16,53,-139,-13,20,-196,-9,-20,-200,-5,26,-199,12,27,-272,7,27,-317,-1,25,-354,-9,0,-205,10,0,-286,6,3,-339,-2,5,-381,-9,-24,-198,3,-26,-275,-4,-22,-326,-14,-20,-366,-22,-50,-181,-6,-52,-245,-14,-52,-288,-20,-52,-326,-25
505,877,0,42,-49,-16,52,-139,-12,20,-196,-9,-20,-200,-5,25,-199,12,26,-272,7,26,-317,-1,24,-353,-9,-1,-205,10,0,-285,6,3,-338,-2,4,-379,-9,-24,-197,3,-27,-275,-4,-22,-325,-14,-21,-365,-21,-50,-181,-6,-53,-244,-14,-52,-287,-19,-52,-324,-24
504,876,0,42,-49,-16,52,-139,-14,20,-196,-11,-20,-200,-7,25,-199,11,26,-271,6,26,-316,-3,24,-353,-11,-1,-205,9,0,-286,5,3,-338,-3,5,-380,-10,-24,-198,2,-26,-275,-5,-22,-326,-15,-20,-366,-23,-50,-181,-7,-52,-245,-15,-51,-288,-21,-51,-326,-26
504,876,0,43,-48,-16,52,-140,-13,20,-197,-10,-21,-199,-7,25,-200,11,26,-273,5,26,-318,-3,24,-355,-11,-1,-207,9,0,-288,5,2,-340,-4,4,-383,-11,-25,-199,2,-27,-277,-5,-23,-328,-16,-20,-368,-24,-51,-182,-8,-52,-246,-15,-52,-289,-21,-52,-328,-27
504,875,0,42,-48,-16,53,-140,-14,19,-197,-11,-21,-199,-7,25,-201,11,26,-274,6,26,-319,-3,24,-356,-11,-1,-207,9,0,-288,5,3,-341,-4,4,-383,-11,-25,-199,2,-27,-277,-5,-23,-329,-16,-20,-368,-24,-51,-183,-7,-53,-246,-15,-52,-290,-21,-52,-329,-27
502,876,0,42,-48,-17,54,-140,-14,21,-196,-11,-19,-200,-7,27,-201,11,28,-272,5,28,-317,-4,27,-355,-12,0,-206,9,1,-287,5,5,-338,-4,7,-380,-11,-23,-199,2,-25,-276,-5,-20,-326,-16,-17,-366,-23,-49,-182,-7,-51,-246,-15,-50,-289,-21,-50,-328,-26
502,875,0,43,-48,-17,53,-140,-15,22,-196,-12,-19,-200,-9,27,-201,10,29,-274,3,29,-319,-6,28,-356,-14,0,-207,8,2,-289,3,6,-341,-6,7,-384,-14,-23,-200,1,-24,-278,-8,-19,-329,-18,-16,-370,-26,-50,-183,-9,-51,-247,-17,-49,-290,-23,-48,-330,-28
499,873,0,43,-50,-16,55,-140,-14,23,-195,-12,-17,-200,-8,29,-201,12,32,-273,5,34,-317,-5,34,-355,-13,4,-208,9,6,-288,4,10,-340,-5,13,-383,-12,-21,-201,2,-21,-278,-6,-15,-329,-17,-13,-369,-24,-47,-184,-8,-48,-249,-16,-46,-292,-22,-44,-331,-26
373,874,0,48,-38,-20,78,-128,-19,51,-194,-17,8,-200,-14,65,-205,7,76,-280,1,82,-327,-10,85,-367,-21,38,-216,4,50,-297,-1,59,-352,-13,67,-398,-23,11,-209,-3,20,-287,-12,31,-339,-27,38,-384,-38,-18,-193,-14,-10,-256,-24,-5,-300,-33,-1,-341,-40
371,877,0,49,-39,-20,79,-130,-19,52,-195,-17,8,-200,-14,66,-209,9,77,-284,3,82,-330,-8,86,-370,-19,38,-220,6,49,-300,1,60,-355,-11,67,-402,-21,11,-213,-2,20,-291,-11,31,-343,-26,38,-388,-37,-18,-195,-13,-10,-259,-23,-5,-303,-32,-2,-345,-40
369,878,0,49,-38,-20,79,-131,-18,53,-197,-15,8,-200,-12,67,-212,11,78,-285,5,84,-332,-5,87,-372,-16,39,-222,7,51,-303,3,61,-358,-9,68,-404,-20,12,-214,-1,21,-293,-9,31,-346,-25,39,-391,-37,-18,-197,-12,-9,-261,-22,-5,-305,-31,-1,-347,-39
367,878,0,51,-38,-20,82,-132,-17,54,-199,-15,9,-200,-12,69,-214,10,80,-289,4,85,-337,-6,87,-378,-17,40,-223,6,52,-305,2,61,-360,-10,68,-408,-21,13,-215,-2,21,-295,-11,32,-348,-26,37,-394,-38,-17,-197,-14,-10,-262,-24,-5,-307,-33,-1,-351,-41
366,879,0,49,-38,-20,80,-132,-18,53,-198,-15,8,-200,-12,68,-211,9,79,-286,3,84,-334,-7,86,-375,-18,40,-221,5,51,-303,1,61,-358,-11,67,-405,-22,12,-213,-3,22,-293,-11,32,-345,-27,38,-391,-39,-17,-197,-15,-10,-261,-25,-5,-305,-33,-1,-348,-42
365,880,0,49,-38,-20,79,-131,-17,53,-198,-15,8,-200,-12,67,-210,10,78,-284,5,83,-332,-6,85,-374,-17,39,-220,6,51,-301,2,60,-357,-10,66,-404,-21,12,-213,-2,21,-292,-11,31,-345,-26,37,-390,-38,-18,-195,-14,-10,-260,-24,-5,-304,-33,-1,-346,-41
365,882,0,49,-39,-19,78,-132,-17,50,-198,-15,5,-200,-11,66,-210,11,76,-284,5,82,-330,-5,85,-371,-16,38,-220,7,49,-300,3,59,-356,-9,66,-404,-20,10,-213,-2,19,-291,-10,30,-343,-26,36,-390,-38,-18,-195,-14,-11,-260,-24,-6,-304,-33,-3,-346,-41
364,883,0,49,-38,-20,79,-132,-18,50,-199,-16,5,-200,-13,67,-210,10,78,-284,5,83,-332,-6,86,-372,-16,38,-221,7,49,-302,2,59,-358,-10,66,-405,-20,11,-213,-2,19,-292,-11,31,-346,-26,37,-391,-38,-18,-196,-14,-11,-260,-24,-5,-305,-33,-3,-348,-41
363,884,0,49,-39,-20,79,-130,-18,51,-195,-16,8,-200,-13,67,-208,9,77,-282,4,82,-329,-7,85,-369,-18,38,-219,6,50,-300,1,59,-355,-11,66,-402,-21,11,-212,-3,20,-290,-11,30,-343,-27,37,-389,-38,-17,-195,-14,-10,-259,-25,-5,-302,-33,-3,-344,-41
362,887,0,50,-39,-20,79,-132,-18,51,-197,-15,7,-200,-12,67,-209,10,78,-284,5,83,-331,-6,86,-371,-16,38,-220,7,50,-301,3,60,-356,-9,67,-403,-20,12,-213,-2,20,-292,-10,31,-344,-25,37,-390,-37,-17,-196,-13,-10,-260,-23,-5,-305,-32,-2,-347,-40
361,887,0,49,-38,-20,79,-130,-18,51,-196,-16,8,-200,-13,66,-208,10,78,-282,5,82,-328,-6,86,-369,-17,38,-218,7,50,-299,2,60,-354,-10,67,-400,-20,12,-211,-2,20,-290,-11,31,-343,-26,37,-387,-38,-17,-194,-14,-9,-258,-24,-5,-303,-33,-2,-345,-41
360,888,0,50,-38,-20,80,-131,-17,51,-197,-14,7,-200,-11,68,-208,11,78,-283,6,84,-330,-4,87,-370,-14,39,-219,8,50,-301,4,60,-356,-8,67,-402,-19,12,-212,-1,20,-291,-9,31,-344,-24,38,-389,-36,-17,-196,-12,-9,-259,-22,-5,-303,-31,-2,-346,-39
359,888,0,50,-37,-20,79,-131,-18,51,-197,-15,5,-200,-12,69,-209,11,79,-284,6,84,-331,-4,86,-372,-15,39,-219,8,51,-300,4,60,-356,-8,67,-403,-19,12,-212,-1,21,-291,-9,31,-343,-24,37,-389,-36,-18,-196,-12,-10,-260,-22,-5,-304,-30,-2,-346,-38
358,890,0,50,-38,-20,80,-132,-18,50,-200,-16,5,-200,-12,68,-211,9,79,-286,4,85,-335,-6,88,-376,-17,39,-222,6,51,-304,2,61,-360,-10,68,-408,-20,12,-214,-2,20,-294,-10,31,-348,-25,38,-393,-37,-18,-197,-14,-10,-263,-23,-5,-307,-32,-2,-350,-40
357,893,0,49,-39,-20,78,-132,-18,50,-198,-16,5,-200,-13,67,-209,9,79,-284,4,84,-332,-6,88,-372,-17,38,-220,6,50,-302,2,61,-357,-10,68,-404,-20,11,-213,-2,20,-293,-11,32,-346,-26,38,-391,-38,-18,-196,-14,-11,-260,-24,-6,-304,-33,-3,-346,-41
355,897,0,49,-39,-21,79,-133,-19,50,-200,-17,4,-200,-15,67,-209,9,79,-283,3,85,-332,-8,87,-373,-18,38,-219,5,51,-301,1,62,-357,-11,68,-404,-21,11,-213,-3,20,-292,-11,32,-345,-26,38,-391,-38,-18,-196,-15,-10,-260,-24,-5,-304,-33,-2,-347,-41
353,896,0,51,-39,-20,82,-135,-18,52,-202,-15,5,-200,-12,69,-213,11,80,-288,6,86,-337,-4,89,-378,-15,39,-223,7,51,-306,3,62,-362,-9,69,-410,-19,11,-216,-2,21,-297,-10,32,-350,-25,40,-396,-37,-18,-199,-13,-10,-264,-23,-5,-308,-32,-1,-351,-40
350,898,0,51,-38,-20,81,-134,-17,54,-201,-14,8,-200,-11,68,-212,11,81,-288,6,86,-335,-4,90,-376,-15,40,-222,7,52,-305,4,63,-361,-8,70,-408,-19,13,-216,-1,22,-296,-9,33,-349,-24,40,-394,-37,-17,-200,-13,-9,-263,-22,-4,-308,-31,0,-350,-40
349,901,0,51,-40,-21,82,-135,-19,52,-203,-16,5,-200,-13,69,-212,12,81,-289,7,87,-338,-3,90,-380,-14,39,-222,8,52,-306,5,62,-362,-7,69,-410,-18,12,-215,0,21,-296,-8,32,-349,-23,39,-395,-35,-18,-199,-12,-10,-264,-20,-4,-308,-29,0,-351,-37
348,902,0,51,-41,-21,82,-136,-19,52,-203,-17,4,-200,-15,70,-214,11,82,-291,6,87,-340,-5,91,-381,-15,40,-224,8,53,-308,4,63,-365,-9,70,-413,-19,12,-217,-1,21,-298,-9,33,-353,-24,39,-399,-36,-18,-200,-13,-10,-266,-22,-5,-312,-30,-1,-354,-38
347,906,0,51,-43,-22,81,-137,-21,51,-204,-19,4,-200,-16,68,-213,12,80,-290,7,87,-338,-4,91,-381,-15,38,-223,9,51,-307,5,61,-363,-8,69,-413,-19,10,-217,0,20,-298,-8,32,-352,-24,40,-399,-36,-19,-200,-11,-11,-265,-21,-5,-311,-29,-1,-353,-38
279,940,0,51,-39,-22,85,-127,-21,60,-192,-20,15,-200,-19,72,-197,4,95,-272,-5,107,-321,-17,115,-360,-27,40,-212,1,56,-295,-5,68,-352,-18,77,-397,-28,11,-207,-6,18,-288,-16,31,-340,-32,41,-383,-44,-20,-192,-16,-24,-254,-28,-23,-298,-38,-22,-341,-46
277,941,0,51,-39,-21,85,-127,-21,61,-191,-20,16,-200,-18,71,-196,4,93,-271,-5,105,-319,-17,114,-358,-27,40,-209,1,55,-293,-5,66,-349,-18,76,-395,-28,10,-205,-6,17,-286,-16,30,-338,-32,40,-382,-44,-21,-190,-17,-23,-253,-28,-23,-298,-38,-22,-339,-45
274,940,0,51,-39,-22,85,-126,-22,61,-191,-21,18,-200,-20,73,-196,4,94,-271,-5,105,-319,-17,114,-358,-27,41,-209,2,56,-293,-5,68,-348,-17,77,-393,-28,11,-205,-5,18,-285,-15,32,-337,-31,41,-379,-42,-19,-190,-16,-21,-252,-27,-20,-296,-36,-19,-337,-44
273,940,0,52,-38,-21,86,-125,-20,63,-191,-18,20,-199,-16,71,-196,5,93,-270,-3,104,-319,-15,113,-358,-25,41,-210,3,56,-293,-4,67,-350,-17,77,-395,-27,11,-206,-5,18,-287,-15,31,-339,-31,41,-382,-43,-20,-191,-15,-22,-253,-27,-20,-297,-36,-19,-339,-44
271,940,0,51,-39,-22,84,-125,-22,61,-189,-21,18,-200,-19,72,-195,5,94,-269,-4,104,-317,-16,112,-357,-27,41,-208,2,56,-291,-4,68,-347,-17,76,-392,-28,11,-204,-5,18,-283,-15,32,-336,-30,41,-378,-42,-19,-189,-15,-20,-251,-26,-19,-295,-35,-17,-337,-43
270,940,0,50,-38,-22,83,-124,-22,62,-188,-20,20,-199,-19,71,-194,4,92,-268,-6,102,-317,-18,110,-357,-28,40,-207,1,56,-290,-6,67,-346,-19,75,-391,-29,11,-203,-6,18,-283,-16,31,-334,-32,39,-377,-44,-19,-188,-16,-20,-250,-28,-18,-294,-37,-16,-334,-45
270,937,0,50,-38,-21,83,-124,-21,61,-188,-20,19,-200,-18,70,-193,2,91,-268,-8,102,-316,-20,111,-356,-30,39,-207,0,54,-290,-8,65,-346,-21,74,-391,-31,10,-203,-8,17,-283,-19,28,-335,-34,38,-377,-45,-20,-188,-18,-19,-251,-30,-17,-295,-39,-13,-336,-46
267,934,0,50,-39,-22,83,-124,-22,60,-187,-21,18,-200,-20,72,-193,2,92,-268,-8,104,-316,-20,112,-356,-31,40,-207,-1,55,-291,-9,67,-346,-22,76,-391,-32,10,-203,-8,18,-283,-19,31,-335,-34,40,-378,-46,-19,-188,-18,-18,-251,-30,-14,-294,-38,-10,-334,-46
246,893,0,50,-40,-22,82,-127,-21,55,-191,-18,11,-200,-14,73,-189,11,90,-264,5,99,-311,-4,106,-350,-14,42,-204,10,55,-286,6,65,-339,-6,74,-382,-15,13,-201,3,20,-280,-4,31,-330,-19,39,-371,-30,-14,-189,-6,-10,-248,-14,-5,-289,-22,-1,-326,-28
245,892,0,50,-42,-22,81,-126,-21,55,-190,-19,13,-200,-15,72,-190,11,90,-265,5,98,-312,-5,105,-351,-14,41,-204,10,55,-286,6,66,-341,-6,74,-383,-16,13,-201,4,20,-280,-4,31,-331,-19,38,-372,-30,-15,-188,-5,-10,-249,-13,-5,-290,-20,-2,-327,-27
244,890,0,50,-42,-22,82,-127,-21,55,-191,-19,12,-200,-16,73,-191,11,90,-267,5,99,-314,-5,106,-354,-15,42,-205,11,55,-288,6,65,-343,-6,74,-385,-16,13,-202,5,20,-280,-3,32,-332,-18,39,-373,-30,-15,-188,-4,-9,-248,-12,-4,-289,-20,0,-325,-27
244,891,0,50,-41,-22,80,-126,-20,54,-189,-17,12,-200,-14,72,-190,11,88,-265,5,97,-312,-5,104,-351,-14,41,-203,10,54,-286,5,64,-341,-7,73,-383,-17,13,-200,4,20,-279,-4,31,-331,-20,38,-372,-31,-15,-188,-5,-10,-247,-14,-5,-288,-22,-1,-325,-29
243,890,0,50,-40,-22,81,-126,-20,55,-189,-18,12,-200,-14,72,-191,11,89,-267,5,97,-314,-5,104,-352,-14,42,-205,10,54,-288,6,64,-343,-7,72,-386,-17,13,-202,4,20,-281,-4,31,-332,-20,39,-374,-31,-15,-188,-5,-9,-249,-14,-4,-289,-22,-1,-327,-29
242,891,0,50,-40,-21,81,-126,-19,55,-189,-16,14,-200,-12,71,-191,11,88,-267,5,97,-313,-5,104,-352,-14,41,-205,10,53,-288,5,64,-343,-7,72,-386,-17,13,-202,4,20,-281,-4,32,-333,-20,39,-374,-32,-15,-189,-5,-9,-249,-14,-4,-289,-22,0,-326,-29
241,890,0,50,-41,-21,80,-125,-19,55,-187,-16,14,-200,-13,71,-189,10,89,-266,4,97,-313,-6,104,-352,-15,41,-203,10,53,-287,5,64,-342,-8,71,-386,-18,13,-200,4,20,-279,-4,31,-331,-20,39,-373,-31,-15,-187,-5,-9,-247,-13,-4,-288,-21,-1,-324,-28
239,892,0,49,-40,-21,80,-126,-20,54,-188,-18,12,-200,-14,71,-192,10,88,-267,4,97,-313,-7,105,-351,-16,41,-205,9,53,-288,4,63,-342,-8,71,-385,-18,13,-202,3,20,-280,-6,31,-332,-21,38,-373,-33,-15,-188,-7,-9,-247,-16,-5,-288,-24,-2,-326,-31
237,892,0,50,-39,-21,80,-126,-19,55,-188,-16,12,-200,-11,72,-191,12,89,-266,7,97,-313,-3,104,-350,-12,41,-204,11,54,-286,7,64,-341,-5,72,-383,-14,13,-202,5,20,-279,-3,31,-331,-18,38,-371,-30,-14,-188,-4,-9,-247,-13,-5,-287,-21,-2,-324,-28
237,891,0,51,-40,-21,81,-129,-19,53,-192,-15,9,-200,-11,72,-195,14,89,-271,9,98,-318,-1,105,-357,-10,41,-208,12,53,-291,8,63,-348,-4,71,-391,-14,12,-204,6,19,-284,-3,30,-337,-19,38,-379,-31,-16,-191,-4,-11,-250,-12,-6,-292,-21,-3,-330,-29
235,891,0,52,-40,-23,83,-130,-21,55,-195,-18,9,-200,-14,73,-196,11,91,-273,6,100,-322,-4,106,-362,-14,42,-210,11,55,-294,6,65,-350,-6,73,-395,-16,13,-207,5,20,-287,-3,32,-340,-19,40,-382,-30,-16,-193,-4,-10,-253,-12,-5,-296,-21,-2,-333,-28
235,891,0,51,-40,-23,82,-129,-21,55,-194,-18,9,-200,-14,73,-195,12,91,-272,7,99,-321,-3,107,-361,-12,42,-208,12,55,-293,8,64,-350,-4,72,-394,-14,12,-206,6,19,-286,-1,31,-339,-17,39,-381,-28,-16,-193,-3,-10,-253,-11,-6,-295,-19,-4,-332,-26
235,892,0,50,-39,-23,81,-129,-21,54,-193,-18,9,-200,-14,73,-194,12,90,-271,7,99,-319,-3,106,-358,-12,41,-208,12,54,-293,8,64,-348,-4,71,-392,-14,12,-205,6,19,-285,-2,31,-338,-17,38,-380,-29,-16,-192,-3,-11,-253,-11,-7,-294,-19,-4,-332,-27
236,893,0,49,-39,-23,80,-128,-22,52,-192,-19,7,-200,-15,71,-195,11,88,-270,5,98,-318,-6,105,-357,-15,40,-208,10,53,-292,5,62,-347,-7,70,-391,-17,11,-205,4,19,-285,-5,30,-338,-21,38,-379,-32,-16,-192,-5,-11,-251,-14,-7,-292,-23,-4,-330,-30
235,895,0,50,-40,-24,80,-128,-22,52,-193,-19,7,-200,-14,71,-193,12,88,-268,7,97,-315,-3,104,-353,-13,40,-207,12,53,-290,8,62,-345,-4,70,-388,-14,12,-204,7,19,-283,-1,30,-334,-17,38,-375,-29,-15,-192,-2,-10,-250,-10,-6,-290,-19,-3,-327,-26
234,894,0,50,-39,-23,81,-128,-21,52,-192,-18,7,-200,-14,72,-193,11,90,-269,6,99,-316,-4,106,-354,-14,41,-207,11,54,-291,6,64,-346,-6,72,-389,-16,13,-205,5,20,-285,-4,31,-337,-19,39,-378,-31,-15,-192,-4,-9,-251,-13,-5,-292,-22,-3,-329,-30
233,895,0,50,-40,-23,80,-127,-22,54,-191,-19,10,-200,-15,72,-191,9,90,-268,3,99,-315,-7,107,-353,-16,41,-206,9,54,-290,5,65,-344,-7,72,-387,-17,14,-203,4,21,-283,-5,32,-335,-20,40,-376,-31,-14,-190,-5,-8,-250,-14,-4,-291,-22,-1,-327,-29
232,891,0,50,-43,-22,81,-128,-22,53,-192,-20,10,-200,-16,72,-192,11,90,-270,6,100,-317,-3,107,-355,-12,42,-207,11,54,-291,7,64,-345,-5,72,-388,-14,14,-204,5,21,-284,-3,32,-336,-18,40,-377,-29,-14,-191,-4,-8,-251,-12,-4,-292,-20,-2,-329,-27
230,889,0,49,-41,-23,80,-126,-22,54,-189,-21,10,-200,-18,71,-188,8,90,-265,1,99,-312,-9,106,-351,-18,40,-203,7,53,-288,1,63,-343,-11,71,-386,-20,13,-201,1,19,-281,-8,30,-333,-23,37,-374,-34,-15,-188,-7,-9,-247,-17,-4,-289,-25,-2,-326,-32
217,764,0,50,-44,-23,81,-128,-23,52,-190,-22,10,-200,-20,71,-183,7,89,-259,-1,98,-306,-12,106,-346,-21,40,-198,7,52,-280,1,62,-335,-10,71,-378,-20,11,-197,1,17,-275,-6,29,-325,-20,38,-365,-30,-17,-187,-7,-12,-247,-14,-7,-288,-20,-3,-325,-26
219,768,0,50,-42,-23,80,-125,-23,54,-187,-22,14,-200,-20,71,-181,7,88,-256,-1,97,-302,-12,104,-341,-21,39,-195,7,52,-276,2,61,-330,-11,69,-372,-21,11,-193,2,18,-270,-6,29,-320,-20,37,-359,-31,-17,-183,-6,-11,-242,-14,-6,-283,-21,-2,-319,-27
222,772,0,50,-41,-23,80,-125,-24,55,-187,-22,14,-200,-20,70,-181,7,86,-255,0,95,-300,-11,102,-339,-21,39,-195,7,51,-276,2,60,-329,-11,68,-371,-21,10,-194,2,17,-270,-7,28,-320,-21,37,-359,-31,-17,-182,-6,-11,-242,-15,-5,-282,-22,-2,-317,-28
254,796,0,44,-33,-26,77,-106,-29,67,-171,-30,34,-197,-30,61,-171,4,76,-234,-7,84,-274,-21,92,-307,-33,34,-184,5,44,-255,-6,53,-302,-20,62,-340,-32,10,-180,-1,17,-250,-16,25,-294,-31,32,-329,-42,-15,-166,-10,-9,-219,-26,-5,-254,-36,0,-288,-44
260,795,0,47,-29,-26,79,-95,-27,77,-159,-27,54,-193,-26,59,-163,6,73,-223,-6,81,-262,-21,88,-295,-33,34,-174,7,43,-244,-5,52,-290,-21,59,-327,-33,11,-172,3,17,-240,-14,27,-283,-30,34,-317,-41,-14,-161,-5,-8,-212,-22,-4,-247,-34,1,-279,-41
262,798,0,47,-32,-26,78,-100,-27,69,-163,-27,44,-196,-25,59,-163,10,73,-225,-2,80,-264,-16,87,-297,-28,34,-174,10,42,-245,-1,50,-291,-16,59,-328,-28,11,-173,5,17,-240,-12,26,-283,-27,33,-318,-38,-13,-161,-4,-8,-212,-21,-3,-247,-31,1,-279,-39
265,799,0,47,-35,-25,76,-105,-27,62,-165,-27,34,-197,-26,59,-167,10,73,-230,-2,81,-269,-16,88,-303,-27,34,-179,10,43,-251,-1,53,-297,-16,61,-335,-27,11,-177,4,17,-246,-12,27,-289,-27,35,-324,-37,-13,-166,-5,-8,-219,-20,-3,-255,-30,1,-287,-37
265,800,0,45,-36,-26,72,-106,-28,57,-165,-28,31,-198,-27,59,-165,14,73,-229,3,79,-269,-10,85,-302,-20,35,-177,14,45,-249,5,54,-294,-9,61,-331,-19,12,-176,8,20,-244,-6,29,-287,-21,36,-320,-31,-12,-166,-1,-5,-219,-15,0,-253,-25,3,-285,-31
264,802,0,44,-37,-27,71,-105,-29,54,-164,-30,29,-198,-28,60,-162,13,73,-225,3,80,-266,-10,85,-300,-20,36,-175,15,46,-247,6,55,-291,-8,63,-329,-19,14,-174,9,22,-242,-5,32,-283,-20,38,-317,-30,-10,-165,0,-3,-218,-14,2,-252,-24,6,-283,-31
264,803,0,42,-36,-27,68,-104,-30,52,-164,-31,27,-199,-29,60,-158,11,74,-220,1,80,-260,-12,86,-293,-22,37,-171,13,48,-242,3,56,-286,-10,64,-322,-20,14,-171,7,23,-238,-7,33,-280,-21,39,-313,-31,-8,-164,-2,-1,-214,-16,3,-248,-25,8,-279,-32
264,802,0,42,-36,-26,68,-104,-28,52,-163,-28,26,-199,-27,61,-160,14,74,-222,4,81,-261,-8,86,-295,-18,37,-172,15,49,-242,7,58,-286,-7,65,-322,-17,16,-173,9,24,-239,-4,33,-280,-18,39,-312,-28,-8,-164,0,-1,-214,-14,4,-248,-23,8,-280,-29
264,805,0,42,-36,-28,68,-104,-30,51,-164,-31,26,-199,-30,61,-158,12,75,-221,2,81,-262,-11,87,-295,-21,37,-171,13,49,-242,5,57,-286,-8,65,-322,-18,15,-171,8,24,-238,-5,34,-279,-19,40,-312,-28,-8,-164,0,0,-214,-15,5,-247,-24,9,-279,-31
264,803,0,42,-36,-28,68,-104,-30,51,-163,-32,25,-199,-31,63,-159,11,77,-222,0,84,-264,-12,89,-298,-22,38,-172,12,50,-244,4,59,-288,-9,66,-324,-19,17,-172,7,25,-240,-6,35,-281,-20,41,-314,-28,-7,-164,-1,1,-215,-15,5,-249,-24,9,-280,-31
264,801,0,43,-36,-27,69,-104,-29,51,-163,-30,26,-199,-28,63,-159,10,79,-224,-1,86,-265,-13,91,-300,-24,39,-172,11,52,-245,2,61,-291,-11,69,-327,-21,17,-173,6,27,-241,-7,36,-283,-21,42,-316,-31,-6,-165,-2,1,-216,-16,7,-250,-25,11,-282,-32
265,802,0,43,-36,-27,69,-104,-29,50,-164,-29,25,-199,-28,63,-160,10,79,-224,0,86,-265,-13,91,-299,-23,39,-173,12,51,-245,2,61,-291,-11,68,-327,-22,17,-173,7,26,-241,-7,35,-283,-22,41,-317,-31,-6,-165,-2,1,-216,-16,7,-250,-25,11,-282,-32
265,801,0,43,-34,-28,68,-103,-30,51,-162,-31,26,-199,-29,63,-158,9,79,-222,-1,86,-263,-14,92,-298,-24,40,-171,11,52,-242,2,61,-288,-12,68,-324,-22,18,-172,6,27,-239,-7,37,-281,-21,43,-315,-30,-5,-164,-2,3,-215,-16,8,-249,-25,13,-281,-31
266,801,0,42,-35,-28,68,-103,-30,51,-163,-31,26,-199,-29,64,-159,9,80,-224,-2,86,-265,-15,92,-300,-25,40,-172,10,52,-244,1,62,-290,-12,70,-326,-22,18,-173,6,28,-241,-8,38,-283,-22,44,-317,-31,-5,-164,-3,3,-216,-17,9,-251,-26,13,-283,-32
266,804,0,41,-35,-27,67,-104,-29,50,-162,-29,25,-199,-27,62,-159,10,78,-222,-1,85,-263,-14,91,-297,-24,39,-172,11,52,-243,2,61,-289,-12,70,-326,-22,18,-172,6,27,-240,-7,37,-282,-22,43,-316,-31,-4,-163,-2,3,-214,-15,9,-249,-25,13,-281,-31
267,806,0,41,-36,-28,66,-103,-30,50,-162,-31,26,-199,-30,61,-156,10,77,-220,-1,84,-261,-14,90,-295,-24,39,-169,11,50,-241,2,60,-286,-12,67,-322,-22,17,-169,7,26,-237,-8,36,-279,-22,43,-312,-31,-6,-162,-2,2,-213,-16,8,-248,-26,13,-280,-32
267,808,0,41,-36,-28,66,-104,-30,49,-162,-30,26,-199,-29,61,-156,11,78,-220,0,85,-260,-12,90,-294,-22,39,-170,12,51,-240,3,60,-286,-11,68,-322,-21,17,-170,7,26,-237,-6,36,-279,-21,42,-313,-30,-5,-162,-1,2,-214,-15,8,-248,-24,12,-279,-31
267,808,0,41,-36,-27,66,-104,-29,50,-162,-29,26,-199,-28,61,-157,11,78,-220,1,84,-261,-11,90,-295,-21,39,-170,13,51,-241,4,60,-286,-10,67,-322,-20,17,-170,7,26,-237,-6,36,-278,-20,42,-312,-29,-5,-162,-1,2,-214,-15,8,-248,-24,12,-280,-31
267,810,0,41,-36,-27,67,-104,-29,50,-163,-30,25,-199,-28,61,-157,11,78,-221,0,84,-262,-12,90,-296,-22,39,-170,12,51,-242,3,60,-287,-10,67,-324,-20,17,-171,7,26,-238,-6,36,-280,-21,43,-314,-30,-5,-164,-1,3,-214,-15,8,-249,-24,12,-280,-31
266,808,0,43,-37,-26,68,-105,-27,51,-163,-28,26,-199,-26,62,-157,13,78,-222,3,85,-262,-10,91,-296,-20,40,-170,14,52,-242,5,61,-287,-8,69,-324,-18,19,-172,9,27,-239,-5,37,-281,-19,43,-314,-28,-4,-164,0,3,-214,-14,9,-249,-23,12,-281,-30
267,808,0,42,-36,-27,67,-104,-29,50,-162,-30,26,-199,-28,61,-157,13,76,-220,3,83,-260,-9,89,-294,-18,38,-170,14,50,-241,6,59,-285,-6,67,-320,-16,17,-170,9,26,-238,-4,35,-278,-17,41,-311,-26,-5,-162,1,2,-212,-13,7,-246,-22,11,-278,-29
268,807,0,41,-37,-27,67,-104,-29,50,-163,-30,25,-199,-28,61,-158,12,75,-222,2,83,-262,-11,89,-295,-21,38,-171,13,50,-242,4,58,-287,-9,66,-322,-19,17,-171,8,25,-239,-6,34,-280,-20,40,-313,-30,-6,-162,-1,1,-213,-15,6,-247,-25,9,-279,-32
268,805,0,42,-36,-27,67,-104,-28,50,-163,-29,25,-199,-27,61,-159,12,76,-222,3,83,-262,-9,88,-296,-19,38,-172,13,50,-243,5,58,-287,-8,66,-323,-18,17,-172,8,25,-240,-5,34,-281,-19,40,-313,-28,-6,-163,-1,1,-214,-15,6,-248,-25,9,-280,-31
268,804,0,41,-35,-26,67,-103,-28,50,-163,-28,25,-199,-26,61,-158,11,75,-222,1,83,-261,-10,88,-295,-20,38,-171,12,50,-242,4,58,-286,-8,66,-322,-18,17,-171,7,25,-240,-6,34,-281,-20,40,-313,-29,-5,-163,-2,1,-213,-16,6,-248,-25,9,-279,-32
267,805,0,42,-35,-26,67,-104,-28,51,-163,-28,26,-199,-25,62,-158,11,75,-220,2,82,-260,-10,88,-294,-19,39,-170,13,50,-241,4,58,-285,-8,66,-320,-18,17,-170,7,25,-237,-6,34,-279,-19,40,-311,-29,-5,-161,-1,1,-213,-15,7,-247,-24,10,-278,-31
267,805,0,42,-35,-27,67,-104,-28,51,-163,-29,26,-199,-27,62,-158,11,76,-222,1,83,-262,-11,89,-295,-21,39,-171,12,50,-242,4,59,-286,-9,66,-322,-19,17,-171,7,25,-239,-6,34,-280,-20,40,-312,-29,-5,-162,-1,1,-213,-15,6,-247,-25,10,-278,-32
268,804,0,42,-36,-26,67,-104,-29,51,-163,-29,26,-199,-28,61,-159,10,76,-222,-1,82,-262,-13,88,-296,-23,38,-171,11,50,-242,2,59,-286,-11,66,-323,-21,17,-171,6,25,-239,-8,34,-280,-22,40,-313,-31,-5,-162,-3,1,-213,-17,6,-247,-27,10,-278,-34
268,804,0,42,-35,-27,67,-104,-29,52,-163,-29,26,-199,-27,62,-157,10,77,-221,0,83,-262,-12,88,-295,-22,38,-170,12,50,-241,3,58,-286,-10,66,-322,-20,17,-170,7,25,-238,-7,34,-279,-21,40,-312,-30,-5,-162,-2,1,-212,-16,7,-247,-25,11,-278,-32
269,803,0,41,-35,-27,68,-104,-29,52,-163,-30,26,-199,-28,62,-158,10,76,-222,0,83,-262,-12,89,-297,-22,38,-172,11,49,-242,3,58,-287,-9,66,-322,-19,17,-172,7,25,-238,-6,35,-280,-20,40,-313,-29,-5,-163,-2,1,-213,-16,6,-247,-25,10,-279,-32
269,805,0,41,-36,-27,67,-103,-29,52,-163,-30,27,-199,-29,61,-155,9,75,-219,-2,82,-259,-15,88,-293,-25,38,-168,11,48,-239,1,58,-283,-12,65,-319,-22,16,-169,6,24,-235,-8,34,-276,-22,41,-309,-31,-6,-161,-3,1,-210,-17,7,-245,-26,11,-276,-33
269,805,0,42,-35,-27,68,-105,-30,52,-163,-30,26,-199,-29,62,-157,8,77,-221,-3,84,-262,-16,90,-296,-26,38,-170,10,50,-241,0,59,-286,-13,67,-323,-23,17,-170,5,25,-238,-9,35,-280,-23,42,-313,-32,-5,-162,-3,2,-213,-18,7,-247,-27,11,-279,-34
271,805,0,41,-35,-28,67,-103,-30,51,-163,-31,26,-199,-30,60,-156,8,75,-220,-4,82,-260,-17,88,-294,-27,37,-170,9,49,-241,-1,58,-285,-14,66,-320,-24,16,-170,4,24,-237,-10,34,-278,-24,41,-311,-33,-6,-162,-4,1,-212,-18,7,-246,-28,11,-277,-35
272,806,0,41,-36,-26,67,-105,-29,51,-163,-30,26,-199,-28,60,-156,9,75,-220,-2,82,-260,-14,88,-294,-24,38,-170,10,49,-240,1,58,-284,-12,66,-319,-22,17,-170,5,25,-237,-9,35,-278,-22,41,-311,-31,-6,-161,-4,1,-212,-18,7,-246,-27,11,-278,-34
272,804,0,42,-36,-27,68,-104,-30,52,-162,-31,27,-199,-31,62,-157,9,76,-220,-3,83,-259,-16,89,-293,-26,39,-171,10,50,-241,0,59,-285,-13,67,-320,-23,17,-171,5,26,-237,-9,35,-278,-22,42,-310,-31,-5,-162,-4,2,-212,-17,7,-245,-26,11,-276,-32
273,808,0,41,-37,-26,68,-105,-28,52,-163,-29,28,-199,-28,61,-157,9,76,-220,-3,82,-259,-16,89,-294,-27,38,-170,10,49,-240,-1,58,-285,-15,66,-320,-25,17,-170,4,24,-237,-10,34,-278,-23,41,-311,-32,-6,-162,-4,1,-212,-18,7,-246,-27,11,-277,-33
274,807,0,42,-37,-26,68,-104,-29,52,-163,-30,27,-199,-30,61,-156,9,76,-220,-3,82,-260,-16,89,-293,-26,38,-170,10,50,-241,0,59,-285,-13,67,-320,-22,17,-172,5,25,-239,-9,35,-279,-22,42,-311,-30,-5,-163,-4,2,-214,-17,7,-247,-26,11,-278,-31
275,809,0,41,-36,-27,68,-104,-29,53,-163,-31,28,-199,-30,61,-158,10,75,-221,-1,82,-261,-14,89,-294,-24,38,-171,11,49,-242,2,58,-285,-11,66,-320,-21,17,-172,6,24,-238,-7,34,-279,-20,41,-311,-29,-5,-163,-2,1,-213,-16,6,-247,-25,11,-278,-31
275,810,0,42,-36,-27,68,-104,-29,53,-163,-30,28,-199,-29,60,-159,10,75,-221,-1,82,-260,-14,89,-293,-24,38,-172,11,49,-242,2,58,-286,-11,66,-321,-21,17,-172,6,25,-238,-8,34,-279,-21,41,-312,-30,-6,-162,-3,1,-213,-17,6,-246,-26,10,-277,-32
276,811,0,42,-35,-27,68,-105,-28,53,-164,-29,27,-199,-28,60,-160,10,75,-223,-1,81,-263,-13,88,-296,-24,38,-173,11,49,-243,1,58,-288,-12,66,-323,-22,16,-173,5,25,-240,-8,34,-281,-22,40,-314,-32,-6,-164,-3,0,-214,-18,5,-247,-27,9,-278,-34
277,811,0,42,-36,-26,68,-104,-28,52,-164,-28,27,-199,-27,59,-160,12,73,-222,1,80,-261,-11,86,-294,-22,37,-173,13,48,-243,4,57,-286,-10,65,-322,-20,16,-172,7,24,-239,-7,33,-280,-21,40,-312,-29,-6,-163,-2,0,-214,-16,5,-247,-26,8,-279,-32
279,812,0,41,-35,-26,67,-104,-28,52,-163,-30,28,-198,-29,59,-162,10,72,-224,-2,79,-263,-14,85,-296,-24,36,-175,10,46,-245,0,55,-288,-12,63,-324,-22,15,-174,4,22,-241,-10,31,-282,-23,38,-315,-32,-8,-164,-5,-2,-214,-20,3,-248,-29,7,-280,-35
281,812,0,42,-36,-25,67,-104,-27,52,-163,-29,28,-198,-28,58,-164,13,70,-226,3,76,-265,-9,82,-297,-19,35,-176,13,45,-245,4,53,-288,-8,61,-323,-17,13,-174,6,21,-240,-7,30,-281,-21,36,-313,-29,-8,-163,-3,-2,-214,-18,1,-248,-28,5,-280,-34
282,812,0,42,-36,-24,69,-106,-25,55,-164,-26,29,-198,-24,58,-168,13,69,-232,4,74,-270,-8,79,-303,-18,35,-179,13,44,-248,5,53,-291,-7,60,-327,-17,13,-176,7,21,-243,-6,29,-284,-19,35,-318,-29,-9,-164,-3,-2,-216,-17,1,-251,-27,4,-284,-33
282,810,0,43,-36,-26,70,-104,-28,56,-163,-29,30,-198,-27,59,-166,11,69,-230,1,73,-268,-11,78,-302,-21,35,-178,12,45,-247,3,52,-290,-10,59,-326,-20,13,-175,6,21,-241,-8,29,-282,-22,35,-316,-31,-9,-163,-3,-2,-214,-19,1,-249,-29,3,-282,-36
284,810,0,42,-35,-26,69,-104,-28,55,-163,-28,30,-198,-27,57,-166,10,67,-229,0,72,-267,-13,75,-301,-23,34,-176,11,44,-245,1,51,-288,-12,58,-324,-22,12,-174,5,20,-240,-10,28,-281,-24,34,-315,-34,-10,-161,-4,-4,-212,-20,0,-246,-31,3,-280,-39
284,807,0,44,-35,-26,71,-104,-28,56,-163,-29,30,-198,-28,59,-168,11,69,-231,2,73,-270,-11,77,-305,-21,35,-178,12,44,-248,4,52,-291,-9,59,-327,-19,13,-175,6,20,-243,-7,29,-284,-22,34,-318,-31,-10,-163,-3,-4,-215,-18,0,-250,-28,3,-283,-35
286,806,0,44,-35,-26,73,-106,-27,58,-166,-28,29,-198,-26,60,-170,9,70,-235,0,74,-276,-13,78,-311,-23,36,-181,10,45,-251,1,53,-296,-12,60,-332,-22,13,-178,4,20,-247,-10,29,-289,-24,35,-325,-33,-10,-166,-4,-4,-219,-19,0,-254,-29,2,-289,-37
288,805,0,45,-34,-26,74,-106,-29,58,-167,-29,27,-199,-29,60,-172,7,70,-237,-4,74,-278,-17,78,-313,-28,36,-183,7,45,-254,-3,53,-299,-16,60,-337,-27,13,-180,2,20,-249,-14,29,-293,-29,35,-329,-39,-11,-167,-8,-5,-221,-24,-1,-257,-35,2,-292,-43
289,805,0,46,-34,-26,75,-107,-27,59,-168,-28,28,-198,-27,61,-173,8,70,-238,-3,74,-279,-16,78,-315,-27,36,-185,8,45,-255,-2,53,-301,-16,61,-339,-27,12,-181,1,20,-251,-14,29,-295,-29,36,-332,-39,-12,-168,-8,-5,-221,-24,0,-258,-35,3,-293,-43
288,805,0,47,-34,-25,78,-109,-26,62,-171,-26,29,-198,-24,62,-176,8,72,-241,-2,76,-283,-14,79,-319,-25,37,-187,8,46,-259,-1,55,-305,-14,62,-344,-24,14,-184,2,21,-254,-12,31,-299,-26,38,-336,-36,-10,-171,-7,-4,-225,-23,1,-263,-33,4,-297,-40
288,804,0,47,-33,-25,78,-108,-26,63,-171,-26,30,-198,-25,63,-176,9,72,-242,-1,76,-284,-13,80,-320,-25,37,-188,9,46,-259,0,55,-305,-13,63,-345,-24,14,-185,3,21,-255,-11,31,-299,-25,38,-336,-35,-10,-171,-7,-4,-225,-22,1,-263,-32,4,-297,-40
290,805,0,47,-34,-25,77,-109,-26,62,-171,-25,29,-198,-24,62,-177,10,71,-243,0,74,-284,-12,78,-320,-23,36,-188,9,45,-259,1,53,-305,-12,61,-344,-23,12,-185,3,20,-254,-10,30,-298,-25,37,-335,-35,-12,-171,-6,-5,-225,-21,0,-263,-31,3,-297,-39
289,803,0,47,-33,-25,79,-109,-26,64,-172,-26,30,-198,-25,63,-178,8,73,-244,-2,76,-286,-14,80,-322,-26,37,-190,8,47,-261,-1,55,-308,-14,63,-347,-25,13,-186,1,21,-257,-12,31,-301,-26,38,-339,-36,-11,-172,-8,-5,-226,-23,0,-264,-33,4,-299,-40
290,803,0,47,-34,-25,79,-110,-25,64,-172,-25,29,-198,-24,63,-180,8,72,-246,-2,76,-288,-14,79,-324,-25,37,-190,7,46,-263,-1,55,-310,-14,63,-349,-25,12,-187,1,20,-258,-12,30,-303,-27,38,-341,-37,-11,-172,-8,-5,-228,-23,0,-266,-33,3,-301,-40
289,803,0,49,-33,-23,82,-113,-23,67,-177,-22,31,-198,-20,65,-185,7,75,-253,-1,79,-296,-14,82,-333,-25,39,-196,7,48,-270,-2,57,-318,-15,65,-358,-26,14,-192,0,22,-265,-13,32,-311,-28,39,-351,-38,-12,-177,-9,-5,-233,-24,0,-273,-34,4,-310,-42
289,804,0,50,-34,-23,84,-115,-22,68,-179,-21,31,-198,-18,66,-189,8,76,-257,0,80,-301,-12,83,-339,-23,39,-199,7,50,-274,-1,59,-323,-14,66,-365,-25,15,-195,0,23,-268,-12,33,-315,-28,40,-356,-39,-11,-178,-9,-4,-236,-24,0,-276,-34,4,-314,-42
289,803,0,50,-34,-22,85,-116,-22,69,-181,-20,31,-198,-17,68,-190,9,77,-260,1,81,-304,-11,84,-342,-22,41,-202,7,50,-276,0,60,-326,-14,68,-368,-25,15,-197,0,23,-271,-12,34,-318,-27,41,-360,-38,-11,-181,-10,-4,-239,-24,0,-279,-34,4,-318,-42
289,803,0,50,-34,-22,86,-117,-21,69,-182,-19,31,-198,-16,69,-193,8,78,-263,0,82,-308,-12,85,-347,-23,41,-204,6,51,-280,-1,60,-331,-14,68,-375,-25,16,-200,-1,23,-274,-13,34,-323,-28,42,-365,-39,-11,-183,-11,-4,-243,-25,0,-284,-35,4,-324,-43
289,804,0,51,-34,-22,85,-118,-21,68,-183,-19,30,-198,-17,69,-194,8,78,-265,-1,82,-309,-12,85,-350,-24,41,-205,6,51,-281,-2,61,-332,-15,68,-376,-26,16,-200,-1,24,-275,-13,34,-323,-28,42,-366,-39,-11,-184,-11,-4,-243,-25,1,-285,-34,4,-325,-42
290,804,0,50,-35,-21,86,-119,-20,68,-184,-18,28,-199,-16,69,-198,8,78,-269,1,82,-314,-11,85,-354,-22,41,-209,6,51,-285,-1,61,-336,-14,68,-382,-25,15,-203,-1,24,-279,-13,34,-328,-27,42,-371,-38,-12,-186,-12,-5,-247,-25,0,-289,-34,3,-329,-42
289,805,0,51,-35,-21,86,-120,-21,68,-184,-19,28,-198,-17,69,-198,8,79,-269,0,82,-314,-12,86,-354,-23,42,-209,5,51,-286,-2,61,-337,-15,68,-381,-26,15,-203,-2,24,-279,-14,34,-328,-28,42,-371,-39,-12,-187,-13,-4,-247,-26,0,-289,-35,3,-330,-43
289,805,0,51,-35,-21,85,-120,-20,68,-184,-18,29,-198,-15,69,-197,8,78,-268,0,82,-313,-11,84,-352,-23,42,-208,6,51,-284,-1,60,-335,-14,68,-381,-25,15,-202,-2,23,-278,-13,34,-327,-28,41,-370,-39,-12,-185,-12,-5,-246,-25,0,-288,-35,3,-328,-43
290,805,0,51,-36,-21,84,-120,-20,67,-184,-18,28,-199,-16,68,-197,8,77,-268,0,81,-313,-12,84,-353,-23,41,-208,5,50,-284,-2,60,-336,-15,67,-380,-26,14,-202,-2,22,-278,-14,32,-327,-29,40,-371,-40,-13,-185,-13,-6,-246,-26,-1,-288,-35,3,-329,-43
289,805,0,52,-35,-21,86,-121,-19,69,-186,-17,29,-198,-15,70,-199,8,79,-271,1,82,-317,-11,86,-357,-22,42,-210,6,52,-287,-1,61,-339,-14,69,-385,-25,15,-205,-2,23,-281,-14,33,-331,-28,40,-375,-40,-12,-187,-13,-5,-249,-26,0,-291,-35,3,-332,-43
289,805,0,52,-35,-21,86,-122,-19,68,-188,-17,27,-199,-14,70,-200,9,79,-272,2,82,-318,-10,86,-358,-21,42,-210,6,52,-288,0,61,-340,-13,69,-386,-24,15,-205,-2,23,-281,-13,33,-331,-28,41,-375,-39,-12,-188,-12,-5,-249,-25,0,-292,-35,3,-333,-43
289,806,0,51,-35,-22,86,-122,-20,68,-187,-18,27,-199,-15,70,-200,8,79,-272,1,82,-317,-11,85,-357,-22,42,-210,6,51,-287,-1,61,-339,-14,68,-385,-25,15,-205,-2,23,-280,-13,33,-331,-28,40,-374,-39,-12,-188,-12,-5,-248,-25,0,-291,-34,3,-332,-43
290,806,0,50,-35,-21,85,-121,-20,67,-187,-18,27,-199,-15,68,-199,8,77,-271,1,81,-316,-11,84,-356,-22,41,-210,5,50,-287,-1,59,-338,-14,67,-383,-25,14,-204,-2,22,-280,-14,32,-329,-28,39,-372,-40,-13,-186,-13,-6,-247,-26,-1,-290,-36,2,-331,-44
289,806,0,51,-35,-22,86,-120,-20,68,-185,-18,28,-198,-15,69,-198,9,78,-269,1,81,-314,-10,84,-353,-22,41,-209,6,51,-285,0,59,-336,-13,67,-381,-24,15,-203,-1,23,-279,-13,33,-328,-28,40,-371,-39,-12,-186,-12,-5,-247,-25,0,-289,-35,3,-329,-43
289,805,0,51,-35,-22,85,-120,-21,69,-185,-19,29,-198,-16,70,-198,9,78,-269,2,81,-314,-10,84,-353,-21,42,-209,7,51,-285,0,59,-336,-13,67,-381,-24,15,-203,-1,23,-278,-12,33,-327,-27,40,-370,-38,-12,-186,-11,-5,-246,-24,0,-288,-34,3,-328,-43
289,805,0,50,-34,-22,85,-118,-22,68,-182,-20,29,-198,-17,68,-195,9,76,-265,1,79,-309,-11,82,-348,-22,40,-206,7,49,-281,0,58,-331,-13,65,-375,-25,14,-200,-1,22,-274,-12,32,-322,-27,39,-364,-38,-13,-183,-11,-6,-242,-24,0,-283,-34,3,-323,-42
289,804,0,50,-35,-22,83,-117,-21,66,-180,-20,28,-198,-17,67,-192,10,76,-261,2,79,-305,-10,81,-343,-22,40,-203,8,49,-277,1,58,-326,-13,65,-369,-24,14,-198,1,21,-270,-11,32,-317,-26,39,-359,-37,-13,-182,-10,-6,-239,-23,0,-280,-33,3,-318,-41
290,803,0,48,-34,-23,80,-113,-23,64,-176,-22,28,-198,-20,64,-186,8,73,-253,0,76,-295,-12,79,-333,-24,38,-198,7,47,-270,0,55,-317,-13,63,-358,-24,13,-193,1,20,-263,-12,31,-309,-26,38,-349,-36,-12,-176,-9,-6,-233,-23,-1,-272,-33,2,-308,-40
291,803,0,47,-34,-24,78,-111,-24,63,-174,-24,28,-198,-23,62,-183,8,71,-249,-1,74,-290,-14,77,-327,-25,36,-193,7,45,-265,-1,53,-312,-14,60,-352,-25,11,-189,1,19,-259,-12,29,-304,-27,36,-343,-37,-14,-174,-9,-7,-229,-23,-2,-267,-33,2,-303,-40
291,803,0,45,-34,-24,75,-109,-25,60,-169,-25,28,-198,-23,60,-176,10,70,-240,0,73,-281,-13,76,-316,-24,36,-187,9,45,-258,0,53,-304,-14,60,-343,-25,12,-184,2,19,-253,-12,28,-297,-26,35,-334,-36,-12,-170,-8,-6,-224,-23,-1,-261,-33,2,-295,-40
292,803,0,44,-35,-24,73,-106,-25,58,-166,-26,29,-198,-25,58,-172,9,67,-236,-1,71,-276,-14,74,-311,-25,34,-183,9,42,-252,-1,51,-297,-15,58,-335,-25,11,-180,2,18,-248,-13,26,-291,-27,33,-327,-36,-13,-166,-8,-7,-218,-24,-3,-255,-34,1,-289,-42
292,803,0,44,-34,-25,71,-105,-26,56,-164,-27,29,-198,-26,57,-168,10,66,-230,-1,70,-269,-13,73,-303,-24,33,-179,10,42,-247,0,50,-291,-13,57,-328,-24,11,-175,3,18,-243,-13,26,-285,-27,32,-320,-36,-12,-162,-7,-7,-214,-24,-3,-250,-34,1,-283,-42
293,803,0,43,-34,-24,69,-105,-26,55,-164,-26,29,-198,-25,56,-167,10,65,-229,0,69,-268,-13,72,-303,-23,32,-178,10,41,-246,0,49,-290,-13,56,-328,-23,10,-175,3,17,-242,-13,25,-284,-26,31,-319,-36,-13,-162,-7,-7,-214,-24,-3,-249,-34,0,-283,-42
293,803,0,42,-36,-25,68,-105,-27,53,-163,-27,28,-198,-26,55,-165,10,64,-228,-1,68,-266,-14,72,-300,-25,32,-176,9,41,-244,-1,48,-287,-14,55,-324,-24,10,-173,3,17,-239,-13,26,-281,-26,31,-316,-35,-13,-161,-7,-7,-213,-23,-3,-248,-34,1,-281,-41
294,803,0,41,-35,-25,67,-104,-27,53,-163,-28,28,-198,-27,55,-165,9,63,-228,-2,68,-267,-14,71,-301,-25,32,-175,9,41,-244,-1,48,-288,-13,54,-324,-23,10,-172,3,18,-240,-12,26,-281,-25,31,-315,-34,-13,-161,-6,-7,-213,-22,-3,-248,-32,0,-282,-39
294,801,0,41,-35,-25,67,-104,-27,51,-163,-28,28,-198,-27,55,-163,10,63,-227,-1,68,-265,-13,72,-299,-24,31,-174,10,41,-243,1,48,-286,-12,55,-322,-21,10,-172,4,18,-239,-10,26,-279,-23,32,-313,-31,-13,-161,-5,-7,-212,-21,-3,-247,-30,0,-280,-37
294,803,0,41,-35,-25,65,-104,-27,50,-163,-27,28,-198,-25,53,-163,11,63,-225,1,67,-264,-11,71,-297,-21,31,-173,12,39,-241,2,47,-284,-10,54,-319,-19,10,-171,5,17,-236,-9,26,-277,-22,32,-311,-30,-12,-160,-4,-7,-210,-19,-3,-246,-29,0,-279,-36
294,803,0,41,-36,-25,64,-104,-27,50,-161,-28,29,-198,-27,52,-161,10,62,-224,-1,66,-263,-14,70,-296,-24,30,-171,10,39,-239,0,46,-282,-13,54,-318,-23,9,-169,4,17,-235,-11,25,-275,-24,32,-308,-32,-12,-158,-6,-7,-209,-21,-2,-243,-31,0,-276,-38
294,803,0,41,-36,-25,65,-104,-27,50,-162,-28,29,-198,-27,53,-162,10,62,-224,-1,66,-263,-14,70,-297,-24,30,-172,10,39,-240,0,47,-283,-12,55,-319,-22,9,-170,4,17,-236,-10,26,-277,-23,33,-310,-32,-12,-159,-5,-6,-210,-20,-2,-245,-30,0,-278,-37
294,802,0,41,-36,-25,64,-103,-27,50,-161,-28,29,-198,-27,52,-160,10,62,-223,-2,66,-262,-14,70,-296,-24,31,-170,10,39,-239,0,47,-282,-12,54,-317,-22,9,-168,4,17,-234,-10,26,-274,-23,33,-307,-31,-12,-157,-5,-6,-209,-20,-2,-244,-29,1,-276,-36
293,803,0,40,-35,-27,63,-103,-29,50,-161,-30,30,-198,-30,53,-159,9,63,-222,-2,67,-260,-15,70,-294,-25,30,-170,10,40,-238,0,48,-281,-12,55,-317,-22,10,-168,5,18,-233,-10,27,-274,-23,33,-307,-31,-12,-157,-4,-6,-208,-20,-2,-243,-29,1,-276,-36
293,803,0,40,-36,-26,64,-103,-27,50,-160,-28,31,-198,-27,54,-160,11,64,-223,0,68,-261,-13,71,-295,-23,31,-170,11,40,-238,2,48,-281,-11,55,-318,-21,11,-168,5,18,-234,-8,27,-274,-22,33,-308,-31,-12,-158,-4,-6,-209,-19,-2,-244,-28,1,-277,-35
293,804,0,40,-35,-25,63,-103,-27,50,-160,-28,31,-198,-26,53,-160,11,62,-222,0,66,-260,-12,70,-294,-22,31,-170,12,40,-237,2,47,-281,-11,55,-317,-21,10,-168,6,18,-233,-8,26,-273,-21,33,-306,-30,-12,-157,-3,-6,-208,-18,-1,-243,-28,1,-275,-35
292,803,0,41,-36,-25,64,-103,-27,51,-161,-28,31,-198,-26,54,-161,11,64,-224,1,68,-262,-11,72,-296,-21,32,-171,12,41,-240,3,49,-283,-10,56,-319,-19,11,-169,6,19,-234,-7,28,-275,-20,34,-309,-29,-10,-159,-3,-4,-210,-17,0,-244,-27,2,-277,-34
293,805,0,40,-35,-26,64,-103,-27,51,-161,-27,30,-198,-26,53,-161,11,63,-223,1,67,-261,-11,70,-295,-21,31,-171,12,40,-238,3,48,-281,-9,55,-317,-19,11,-169,7,18,-234,-7,26,-274,-20,33,-306,-28,-11,-158,-2,-5,-209,-17,-1,-243,-26,2,-276,-33
293,803,0,40,-35,-25,63,-102,-26,50,-161,-26,31,-198,-24,53,-159,13,62,-221,3,67,-259,-9,71,-292,-19,32,-170,13,41,-237,5,49,-279,-7,56,-315,-17,11,-168,8,19,-233,-5,27,-272,-18,34,-306,-27,-11,-158,-2,-5,-209,-16,-1,-243,-25,2,-275,-32
293,804,0,39,-34,-26,63,-101,-27,50,-160,-27,31,-198,-25,53,-158,12,63,-219,1,67,-257,-11,71,-290,-20,31,-169,12,41,-236,4,48,-278,-8,56,-313,-18,11,-167,7,19,-232,-6,28,-272,-19,34,-304,-27,-10,-158,-2,-4,-208,-17,0,-242,-26,3,-274,-33
293,803,0,40,-34,-25,63,-102,-27,50,-160,-27,32,-198,-25,53,-157,11,62,-219,0,67,-257,-12,71,-291,-22,32,-169,12,41,-236,2,49,-278,-10,56,-314,-19,11,-167,6,19,-232,-8,28,-272,-20,34,-304,-28,-10,-157,-3,-4,-208,-18,0,-242,-27,3,-274,-34
294,801,0,39,-34,-25,62,-100,-26,50,-159,-26,33,-198,-24,52,-156,12,62,-216,2,66,-254,-10,70,-286,-20,31,-167,13,40,-233,4,48,-275,-8,56,-309,-17,11,-165,7,18,-229,-7,27,-269,-19,34,-301,-27,-10,-155,-2,-4,-205,-17,0,-238,-27,3,-271,-33
295,801,0,39,-34,-25,62,-101,-25,50,-159,-25,34,-197,-22,52,-157,12,61,-218,2,66,-255,-10,70,-288,-20,31,-167,13,40,-234,4,48,-276,-8,56,-311,-18,11,-166,7,18,-230,-7,27,-270,-19,33,-303,-27,-11,-156,-3,-5,-205,-17,-1,-240,-26,2,-273,-33
296,802,0,38,-34,-25,60,-100,-25,49,-157,-24,35,-197,-21,50,-154,13,60,-215,4,64,-251,-8,68,-283,-17,29,-165,14,38,-230,6,46,-271,-6,54,-305,-15,9,-163,9,17,-227,-5,26,-265,-17,32,-297,-25,-11,-153,-1,-6,-202,-15,-2,-236,-25,2,-268,-31
296,802,0,39,-34,-25,61,-100,-25,51,-157,-24,36,-197,-21,51,-157,14,60,-217,4,65,-254,-8,69,-287,-17,30,-168,14,40,-234,6,48,-276,-6,56,-310,-15,10,-167,9,18,-231,-4,27,-270,-17,34,-302,-25,-12,-156,-1,-5,-205,-15,0,-239,-24,3,-271,-31
296,803,0,39,-33,-25,62,-100,-25,52,-158,-24,36,-197,-21,51,-158,14,61,-217,5,65,-254,-7,69,-286,-17,30,-169,15,40,-234,7,48,-275,-5,56,-310,-14,10,-167,9,18,-230,-4,27,-269,-16,34,-301,-25,-11,-156,0,-5,-205,-14,-1,-239,-24,2,-271,-31
296,803,0,40,-34,-24,62,-100,-24,52,-158,-23,38,-197,-20,51,-159,14,60,-218,4,65,-255,-7,69,-288,-17,30,-168,15,40,-234,6,48,-276,-6,56,-311,-15,10,-166,8,18,-231,-4,27,-269,-17,34,-302,-25,-11,-156,-1,-5,-205,-15,-1,-240,-24,3,-272,-31
296,804,0,40,-33,-24,62,-100,-23,52,-157,-22,38,-197,-19,50,-158,15,60,-218,6,65,-255,-6,69,-287,-15,30,-168,16,40,-234,8,47,-275,-4,55,-310,-13,10,-166,10,18,-230,-3,27,-268,-15,34,-301,-24,-11,-155,0,-5,-205,-13,-1,-239,-23,3,-272,-30
298,805,0,39,-34,-24,61,-101,-24,51,-158,-22,37,-197,-19,50,-158,15,59,-217,5,64,-254,-6,67,-286,-16,28,-167,15,38,-234,7,46,-275,-5,53,-309,-14,8,-166,9,17,-230,-4,25,-268,-17,32,-300,-25,-13,-155,0,-6,-204,-14,-2,-238,-24,1,-270,-31
297,806,0,39,-34,-25,61,-100,-24,51,-157,-23,38,-197,-20,49,-157,15,59,-217,5,63,-253,-7,67,-286,-16,29,-167,16,39,-233,7,47,-274,-5,54,-309,-14,10,-165,10,17,-229,-3,26,-268,-16,33,-300,-24,-11,-155,0,-6,-204,-14,-1,-238,-23,3,-270,-30
297,806,0,39,-34,-25,61,-100,-24,51,-157,-23,37,-197,-20,50,-156,14,59,-215,5,64,-252,-7,68,-284,-17,29,-166,15,38,-232,7,47,-273,-5,54,-308,-14,10,-164,9,17,-228,-4,26,-266,-17,33,-299,-25,-11,-154,0,-6,-203,-15,-1,-236,-25,3,-269,-31
297,807,0,39,-33,-25,60,-99,-25,51,-157,-24,38,-197,-20,50,-155,15,58,-214,5,63,-250,-6,67,-282,-16,29,-165,16,38,-230,8,46,-271,-4,54,-306,-13,9,-163,10,17,-227,-3,25,-265,-16,32,-297,-24,-11,-153,1,-6,-201,-14,-1,-235,-24,2,-268,-31
298,807,0,38,-33,-25,60,-99,-26,50,-157,-25,36,-197,-22,49,-155,14,59,-215,4,63,-251,-8,67,-283,-18,28,-165,15,37,-231,6,45,-271,-6,53,-306,-15,8,-163,9,17,-226,-4,25,-265,-17,32,-297,-25,-12,-152,0,-6,-201,-15,-2,-235,-25,1,-268,-31
298,808,0,40,-34,-25,62,-101,-26,51,-159,-25,34,-198,-23,52,-158,13,61,-218,4,65,-256,-8,68,-288,-18,30,-168,14,39,-235,6,47,-277,-6,54,-312,-15,10,-166,9,17,-230,-5,26,-270,-18,32,-303,-26,-12,-155,-1,-6,-205,-15,-2,-239,-25,1,-271,-31
297,810,0,40,-34,-26,64,-103,-27,50,-161,-27,31,-198,-25,53,-158,13,63,-219,3,66,-257,-9,70,-290,-19,31,-169,14,40,-236,5,48,-279,-7,55,-314,-16,11,-167,8,18,-232,-5,27,-271,-18,34,-305,-26,-11,-156,-1,-5,-207,-15,0,-242,-25,3,-274,-31
299,812,0,41,-35,-26,64,-103,-28,49,-162,-28,28,-199,-27,53,-159,11,62,-220,0,66,-258,-12,70,-291,-22,30,-170,12,39,-237,3,48,-280,-10,55,-314,-19,10,-168,6,17,-233,-8,26,-273,-20,33,-306,-29,-12,-157,-3,-6,-208,-18,-2,-242,-27,2,-274,-34
300,813,0,41,-36,-27,65,-104,-29,49,-164,-31,25,-199,-30,54,-160,10,63,-223,0,67,-262,-12,71,-294,-22,31,-172,11,40,-241,3,49,-284,-9,57,-320,-17,11,-170,6,18,-237,-8,27,-278,-20,35,-310,-27,-11,-160,-3,-6,-211,-18,-1,-247,-27,2,-279,-33
302,813,0,43,-36,-25,68,-107,-26,50,-167,-27,22,-199,-26,55,-164,10,65,-229,0,70,-268,-12,74,-302,-22,32,-177,10,41,-247,2,49,-291,-10,58,-328,-19,11,-175,4,19,-244,-8,28,-286,-21,35,-320,-29,-11,-164,-5,-6,-218,-19,-1,-254,-27,2,-287,-34
306,815,0,41,-37,-25,67,-109,-27,48,-168,-28,19,-200,-27,54,-166,9,63,-231,-2,69,-270,-14,73,-303,-25,31,-177,9,39,-248,-1,48,-292,-13,56,-329,-22,10,-176,2,17,-244,-11,26,-286,-24,34,-321,-32,-13,-165,-7,-7,-217,-21,-3,-254,-30,0,-288,-37
306,814,0,42,-35,-25,68,-108,-26,49,-169,-27,19,-200,-25,57,-166,9,66,-230,-1,71,-270,-12,75,-304,-23,33,-178,9,42,-248,1,50,-293,-11,59,-330,-20,11,-176,3,19,-245,-10,29,-288,-23,36,-322,-32,-12,-165,-6,-6,-218,-21,-1,-255,-30,2,-288,-37
307,813,0,44,-35,-25,71,-109,-27,52,-171,-27,20,-199,-26,59,-169,8,69,-234,-2,73,-275,-14,78,-310,-25,35,-181,8,44,-252,0,53,-298,-12,61,-336,-22,12,-179,2,21,-249,-11,30,-292,-23,38,-327,-32,-11,-169,-7,-5,-223,-21,0,-259,-30,4,-293,-37
310,812,0,43,-35,-25,70,-110,-26,51,-170,-26,19,-200,-25,58,-170,9,69,-236,-1,73,-277,-13,78,-311,-24,34,-183,9,44,-253,1,53,-299,-12,61,-338,-22,12,-180,3,21,-249,-10,31,-292,-23,38,-328,-32,-12,-169,-6,-5,-223,-20,0,-260,-29,3,-295,-36
312,812,0,44,-35,-24,71,-110,-25,51,-171,-25,19,-200,-23,59,-171,10,69,-236,1,74,-276,-11,78,-312,-21,34,-183,10,44,-253,3,53,-299,-10,62,-338,-19,12,-180,4,21,-249,-8,31,-292,-22,39,-328,-31,-11,-169,-5,-5,-223,-19,0,-261,-28,4,-295,-35
315,812,0,43,-35,-24,70,-110,-25,50,-171,-25,17,-200,-23,58,-170,10,69,-235,1,73,-276,-10,77,-311,-20,34,-183,10,44,-254,3,53,-299,-9,61,-338,-19,12,-181,4,20,-249,-8,31,-293,-21,38,-328,-30,-11,-169,-5,-5,-223,-18,0,-261,-27,4,-295,-34
317,812,0,44,-36,-24,70,-111,-25,49,-171,-24,17,-200,-22,58,-169,11,68,-234,2,73,-276,-10,78,-310,-20,34,-181,11,43,-251,3,53,-298,-8,62,-336,-18,12,-179,5,20,-249,-7,31,-293,-20,39,-328,-29,-11,-169,-4,-5,-223,-18,0,-261,-27,3,-295,-34
319,809,0,44,-34,-24,70,-110,-24,50,-171,-23,17,-200,-21,59,-170,10,69,-236,1,74,-277,-10,78,-313,-20,35,-182,10,45,-254,2,53,-300,-10,62,-339,-19,12,-181,4,20,-250,-9,31,-294,-22,39,-330,-31,-11,-169,-6,-6,-225,-19,0,-262,-28,3,-297,-35
321,809,0,44,-35,-24,71,-111,-24,49,-172,-24,16,-200,-23,59,-171,9,70,-237,0,75,-278,-12,80,-314,-22,34,-184,9,45,-256,1,55,-302,-11,63,-342,-21,12,-182,2,21,-252,-10,32,-296,-23,40,-332,-32,-12,-171,-7,-6,-226,-21,0,-264,-30,5,-298,-36
323,809,0,44,-34,-23,71,-111,-24,49,-173,-23,15,-200,-21,60,-171,9,71,-239,0,76,-281,-12,82,-316,-21,35,-185,8,46,-257,1,56,-305,-11,65,-344,-20,13,-183,2,22,-253,-9,32,-298,-22,41,-335,-31,-11,-172,-7,-5,-228,-20,1,-266,-28,5,-300,-35
327,810,0,45,-35,-22,71,-112,-23,48,-173,-22,13,-200,-21,60,-173,8,71,-239,-1,77,-281,-12,82,-317,-22,35,-185,7,46,-258,-1,56,-306,-13,65,-346,-23,13,-183,0,22,-255,-12,33,-300,-25,41,-338,-35,-12,-172,-10,-6,-229,-23,0,-267,-32,5,-301,-39
485,833,0,44,-31,-20,74,-102,-23,62,-161,-25,37,-197,-26,57,-170,10,71,-231,-4,83,-267,-18,93,-297,-29,37,-183,7,53,-251,-5,68,-291,-16,82,-326,-24,18,-183,-2,30,-251,-16,44,-292,-26,57,-326,-32,-6,-173,-14,3,-229,-27,12,-266,-33,21,-302,-38
486,832,0,44,-30,-21,73,-101,-23,63,-161,-26,39,-197,-27,57,-169,9,71,-229,-6,83,-265,-20,93,-297,-30,38,-182,6,54,-248,-7,69,-289,-18,83,-323,-26,17,-181,-3,31,-249,-18,46,-289,-28,59,-323,-34,-5,-172,-15,4,-227,-29,14,-265,-36,23,-300,-40
481,796,0,43,-27,-23,74,-94,-26,66,-158,-28,42,-196,-29,63,-158,5,81,-219,-8,93,-255,-20,105,-285,-29,43,-173,5,62,-242,-6,78,-282,-16,92,-316,-23,22,-176,-2,38,-243,-15,54,-282,-25,67,-315,-32,-2,-170,-12,10,-222,-25,20,-258,-32,29,-293,-37
482,791,0,43,-28,-22,74,-94,-25,66,-157,-28,43,-196,-28,65,-159,6,83,-219,-7,95,-256,-20,106,-286,-29,43,-174,5,63,-242,-5,79,-282,-16,93,-317,-23,22,-176,-2,39,-243,-15,55,-282,-25,68,-315,-32,-2,-170,-12,10,-222,-25,20,-258,-32,30,-292,-37
503,707,0,52,-15,-24,97,-73,-27,97,-140,-28,78,-185,-28,98,-133,4,128,-189,-8,147,-224,-20,162,-251,-29,76,-157,4,104,-224,-6,125,-264,-18,142,-294,-26,53,-167,0,77,-231,-14,97,-267,-26,113,-295,-34,25,-167,-8,44,-214,-22,58,-246,-30,70,-275,-36
505,706,0,52,-15,-24,97,-73,-27,97,-139,-28,79,-184,-28,98,-134,5,128,-190,-6,147,-223,-18,163,-251,-27,76,-157,6,105,-224,-4,126,-263,-15,143,-294,-23,54,-168,1,78,-231,-12,98,-267,-24,114,-295,-32,26,-168,-7,45,-215,-20,59,-246,-28,72,-276,-33
508,703,0,53,-15,-24,98,-72,-26,97,-140,-27,79,-184,-27,100,-135,5,129,-190,-6,148,-225,-18,164,-252,-27,77,-159,6,106,-225,-4,127,-263,-15,145,-294,-23,54,-168,1,79,-232,-12,99,-267,-24,115,-296,-32,27,-168,-6,45,-215,-20,58,-246,-28,70,-276,-34
511,701,0,52,-14,-24,97,-71,-28,97,-138,-29,80,-184,-30,97,-133,4,127,-190,-8,145,-224,-20,161,-252,-29,76,-157,5,105,-223,-6,126,-262,-17,144,-293,-25,53,-167,0,78,-231,-14,98,-266,-26,115,-295,-33,26,-167,-8,45,-215,-21,59,-246,-30,71,-275,-36
513,697,0,53,-13,-24,98,-70,-26,98,-137,-28,81,-183,-27,98,-131,4,128,-189,-8,147,-224,-20,163,-252,-29,77,-156,5,106,-222,-6,127,-262,-17,146,-291,-26,54,-166,0,79,-231,-14,99,-267,-26,116,-296,-34,27,-168,-7,46,-214,-21,60,-246,-29,73,-275,-35
516,694,0,53,-14,-24,99,-70,-27,99,-137,-28,82,-183,-28,99,-133,3,129,-191,-9,147,-226,-21,163,-254,-30,78,-157,4,107,-224,-7,128,-263,-19,147,-293,-27,54,-167,-1,79,-232,-15,100,-268,-27,118,-296,-35,26,-168,-8,45,-215,-22,60,-247,-30,73,-275,-36
518,690,0,53,-12,-24,98,-69,-27,99,-137,-28,82,-183,-28,98,-130,4,127,-187,-7,146,-222,-19,161,-250,-28,76,-154,5,106,-221,-5,127,-260,-16,146,-290,-24,54,-165,1,79,-230,-13,100,-265,-26,117,-293,-33,26,-166,-6,45,-213,-20,59,-244,-29,72,-273,-35
520,685,0,54,-12,-23,100,-68,-26,101,-136,-28,83,-182,-29,100,-130,3,130,-188,-9,149,-224,-20,165,-252,-29,78,-155,4,108,-222,-7,129,-262,-18,148,-291,-27,54,-165,-1,80,-231,-15,101,-267,-27,119,-295,-35,27,-166,-8,46,-214,-22,59,-245,-31,73,-274,-37
522,683,0,54,-13,-24,99,-68,-27,99,-135,-29,83,-182,-30,100,-130,3,129,-188,-10,148,-223,-21,165,-251,-30,78,-155,3,108,-222,-8,129,-261,-19,148,-291,-27,54,-166,-1,79,-231,-16,101,-267,-28,119,-295,-36,26,-166,-9,45,-214,-23,59,-245,-32,73,-274,-37
523,679,0,53,-12,-23,99,-68,-26,99,-136,-28,83,-182,-28,99,-129,4,130,-186,-8,149,-222,-20,165,-250,-28,78,-154,4,109,-221,-6,131,-260,-18,150,-290,-26,55,-165,0,80,-230,-15,101,-266,-28,118,-295,-35,27,-167,-8,46,-214,-23,60,-247,-31,72,-276,-37
524,677,0,53,-11,-24,100,-67,-28,100,-136,-31,83,-182,-32,100,-131,1,131,-188,-11,150,-224,-22,166,-253,-30,78,-156,2,110,-225,-8,132,-263,-19,150,-294,-26,55,-167,-2,80,-233,-16,101,-268,-27,119,-296,-34,26,-168,-10,44,-219,-23,58,-252,-31,70,-282,-36
524,676,0,52,-10,-24,100,-68,-27,100,-137,-28,82,-183,-28,100,-130,2,131,-187,-9,149,-222,-19,165,-250,-28,78,-156,3,110,-222,-6,131,-261,-16,149,-292,-23,54,-168,-1,80,-233,-14,101,-267,-25,119,-294,-32,26,-169,-8,43,-221,-21,56,-254,-29,68,-284,-34
525,673,0,52,-10,-24,99,-68,-27,100,-137,-29,81,-183,-29,100,-130,3,131,-186,-8,149,-221,-18,164,-249,-26,79,-157,3,110,-221,-5,131,-259,-15,149,-290,-22,55,-168,-1,80,-232,-14,100,-265,-25,117,-292,-31,26,-170,-9,42,-221,-22,55,-254,-30,67,-285,-35
526,673,0,53,-10,-24,99,-69,-27,98,-139,-29,78,-184,-29,101,-132,2,131,-189,-8,149,-223,-18,163,-251,-26,79,-158,3,109,-222,-4,130,-260,-14,148,-290,-21,54,-168,-1,79,-232,-13,100,-266,-23,115,-292,-30,25,-169,-8,41,-220,-21,54,-254,-28,66,-284,-33
526,673,0,52,-12,-24,99,-71,-26,98,-139,-27,79,-184,-27,101,-132,3,131,-187,-6,149,-222,-16,163,-250,-24,79,-158,4,109,-222,-3,130,-259,-13,148,-288,-19,55,-168,0,80,-233,-12,100,-266,-22,116,-292,-28,26,-170,-7,42,-221,-20,55,-254,-27,66,-285,-32
526,670,0,53,-11,-24,100,-69,-27,100,-139,-28,79,-184,-27,103,-131,4,133,-186,-5,151,-221,-15,166,-249,-22,80,-157,6,111,-222,-2,132,-259,-10,150,-288,-17,55,-168,2,80,-233,-10,101,-267,-20,117,-293,-26,27,-171,-5,43,-223,-17,56,-255,-24,68,-285,-29
527,671,0,53,-11,-24,100,-70,-26,99,-140,-27,78,-184,-26,102,-129,4,132,-185,-6,150,-220,-15,164,-248,-23,79,-155,4,110,-220,-3,132,-258,-12,149,-287,-19,55,-167,0,80,-232,-12,101,-266,-22,118,-292,-28,27,-169,-7,43,-222,-19,55,-254,-27,68,-285,-32
528,670,0,53,-11,-24,101,-69,-26,99,-140,-26,79,-184,-25,102,-130,4,133,-186,-5,151,-221,-15,165,-249,-23,79,-156,5,110,-222,-3,132,-259,-12,150,-290,-18,56,-168,1,82,-233,-11,103,-267,-21,119,-293,-27,27,-171,-6,43,-223,-18,56,-255,-25,68,-285,-30
529,670,0,53,-11,-24,100,-69,-26,99,-140,-27,78,-184,-26,102,-130,3,133,-185,-6,151,-220,-16,166,-249,-23,79,-156,4,110,-222,-3,132,-260,-12,150,-290,-18,56,-168,1,81,-233,-11,102,-267,-20,119,-294,-27,27,-171,-6,43,-223,-18,57,-256,-24,68,-286,-29
529,667,0,54,-10,-23,102,-69,-25,101,-139,-25,80,-183,-23,104,-130,5,136,-186,-4,154,-221,-13,169,-249,-20,82,-157,6,114,-223,0,136,-261,-8,154,-291,-13,58,-169,2,84,-234,-8,105,-269,-17,122,-296,-23,30,-172,-4,47,-223,-15,60,-257,-21,72,-286,-26
531,667,0,54,-11,-23,100,-71,-24,99,-139,-24,80,-184,-23,102,-131,6,132,-185,-2,151,-219,-12,166,-246,-19,80,-157,8,111,-221,1,132,-258,-7,151,-287,-13,57,-169,4,81,-233,-7,103,-266,-16,119,-292,-22,29,-172,-4,47,-221,-14,60,-253,-20,71,-282,-25
530,665,0,55,-11,-22,102,-69,-24,102,-138,-24,82,-183,-23,103,-129,6,134,-185,-4,153,-219,-14,169,-247,-21,81,-155,7,112,-221,-1,135,-258,-10,153,-287,-17,58,-167,2,83,-232,-10,104,-267,-20,120,-294,-27,30,-169,-5,48,-218,-17,62,-252,-25,74,-281,-30
531,662,0,55,-10,-21,102,-69,-21,102,-138,-20,83,-182,-18,104,-129,6,135,-185,-3,154,-220,-12,169,-248,-20,82,-156,7,113,-221,-1,135,-259,-11,154,-289,-19,58,-168,2,84,-232,-10,105,-267,-21,122,-295,-29,30,-170,-5,48,-219,-17,63,-251,-25,76,-280,-31
532,657,0,55,-10,-20,103,-68,-20,101,-137,-20,83,-182,-18,106,-130,6,137,-186,-3,156,-221,-13,172,-248,-21,84,-156,6,114,-221,-3,137,-260,-13,155,-290,-20,60,-167,1,85,-233,-11,106,-268,-22,122,-296,-30,31,-169,-6,49,-218,-19,63,-250,-27,76,-280,-33
534,656,0,56,-13,-21,103,-70,-22,100,-138,-23,80,-184,-22,105,-133,4,137,-190,-6,155,-225,-16,170,-254,-24,83,-158,4,113,-225,-4,135,-263,-15,154,-294,-22,58,-170,-1,84,-235,-12,104,-271,-23,120,-300,-30,29,-170,-8,48,-219,-20,63,-252,-27,76,-283,-32
532,653,0,54,-12,-22,101,-69,-24,100,-138,-25,81,-183,-24,104,-128,3,135,-185,-7,153,-220,-17,169,-248,-25,81,-154,4,112,-220,-4,134,-258,-14,152,-289,-21,58,-166,0,83,-232,-12,103,-266,-22,119,-295,-28,30,-169,-7,50,-217,-18,63,-249,-25,76,-278,-30
493,639,0,53,-14,-22,99,-71,-24,97,-140,-24,76,-185,-24,101,-131,2,130,-189,-7,146,-227,-17,161,-257,-25,78,-155,4,107,-222,-4,128,-262,-14,146,-293,-21,53,-165,0,78,-231,-11,97,-268,-22,112,-297,-29,24,-167,-6,43,-215,-18,58,-248,-25,70,-277,-31
492,639,0,54,-14,-22,99,-70,-24,97,-140,-25,76,-185,-25,101,-130,3,129,-189,-6,146,-225,-16,160,-257,-24,78,-154,5,107,-221,-3,127,-260,-13,145,-292,-20,54,-165,1,77,-231,-11,97,-266,-22,112,-295,-29,26,-166,-6,44,-214,-18,58,-245,-25,70,-275,-31
492,639,0,53,-14,-22,98,-70,-25,97,-140,-25,76,-185,-25,100,-130,3,129,-189,-6,146,-225,-16,160,-257,-24,78,-154,4,106,-221,-3,127,-260,-13,145,-292,-20,54,-164,1,78,-230,-11,97,-265,-22,113,-294,-29,26,-166,-5,45,-214,-18,59,-245,-25,71,-274,-31
493,639,0,53,-13,-22,99,-70,-24,97,-140,-25,76,-185,-24,101,-130,3,130,-190,-6,146,-227,-16,160,-258,-24,78,-155,4,107,-222,-4,128,-263,-14,145,-295,-21,54,-166,1,79,-231,-11,99,-266,-22,114,-296,-29,26,-167,-6,45,-215,-18,60,-246,-25,73,-276,-31
492,641,0,53,-12,-22,99,-71,-24,97,-140,-24,77,-185,-23,101,-130,2,129,-189,-7,146,-227,-16,160,-259,-24,79,-154,4,108,-222,-4,129,-262,-13,146,-295,-21,54,-165,0,79,-231,-11,100,-266,-22,115,-295,-29,27,-167,-5,46,-215,-18,61,-246,-25,73,-275,-31
493,643,0,53,-14,-23,99,-70,-25,96,-140,-26,75,-186,-26,100,-129,1,129,-189,-8,145,-227,-18,159,-259,-26,78,-154,3,107,-222,-5,128,-263,-15,145,-294,-22,54,-164,0,79,-230,-12,99,-265,-23,115,-294,-30,26,-166,-6,45,-214,-18,60,-245,-26,72,-275,-31
492,645,0,53,-14,-22,99,-71,-25,96,-140,-25,75,-186,-24,101,-131,3,130,-192,-6,145,-229,-16,159,-261,-24,79,-157,4,108,-223,-3,129,-262,-12,146,-295,-20,54,-166,1,80,-230,-10,100,-266,-21,115,-295,-28,27,-167,-5,46,-216,-17,61,-247,-24,74,-276,-30
492,645,0,52,-14,-22,99,-71,-24,97,-140,-25,76,-185,-25,100,-132,2,129,-192,-6,145,-229,-16,159,-261,-24,78,-156,4,107,-222,-3,128,-263,-13,146,-296,-21,55,-166,0,79,-230,-11,99,-265,-21,115,-295,-28,27,-168,-6,46,-216,-18,61,-247,-25,74,-277,-30
491,646,0,53,-13,-23,99,-71,-25,97,-140,-25,76,-185,-25,101,-131,3,129,-192,-6,145,-229,-16,159,-262,-24,79,-156,4,108,-222,-3,129,-263,-12,147,-296,-20,56,-166,1,80,-230,-10,100,-266,-20,116,-295,-28,28,-167,-5,47,-216,-17,62,-248,-25,75,-277,-30
489,647,0,53,-13,-22,99,-71,-23,96,-140,-23,75,-186,-22,101,-132,5,130,-191,-3,146,-228,-12,159,-260,-19,79,-155,6,108,-222,1,129,-262,-8,146,-294,-15,56,-166,3,81,-230,-7,101,-265,-17,116,-293,-24,28,-167,-4,47,-215,-15,62,-247,-22,74,-277,-28
489,647,0,53,-13,-22,98,-71,-23,95,-141,-24,74,-186,-23,100,-132,4,128,-192,-4,144,-229,-13,157,-261,-21,79,-156,5,107,-223,-1,128,-263,-10,145,-295,-18,55,-166,1,80,-230,-9,100,-265,-19,114,-295,-26,27,-167,-5,47,-216,-17,61,-247,-24,74,-277,-30
487,648,0,53,-13,-21,98,-71,-23,96,-141,-23,75,-186,-21,100,-131,4,128,-191,-5,144,-228,-14,157,-259,-21,77,-155,5,107,-221,-2,128,-261,-11,145,-294,-19,54,-164,1,79,-229,-10,99,-265,-21,114,-294,-28,27,-165,-6,46,-213,-18,61,-246,-26,74,-275,-32
486,647,0,54,-13,-22,98,-70,-24,95,-139,-24,76,-185,-23,100,-131,5,128,-191,-4,144,-228,-13,157,-259,-21,78,-154,6,107,-220,-1,128,-261,-10,144,-294,-18,54,-164,3,79,-228,-8,99,-264,-19,114,-294,-27,27,-165,-4,46,-213,-16,61,-245,-24,73,-275,-30
485,650,0,53,-13,-23,97,-69,-25,96,-138,-27,77,-185,-27,99,-132,3,127,-192,-6,142,-229,-16,155,-261,-24,77,-156,4,106,-222,-3,126,-263,-13,143,-297,-21,53,-164,0,79,-229,-11,99,-266,-22,114,-296,-29,25,-165,-6,45,-214,-19,59,-247,-27,72,-278,-33
482,655,0,54,-13,-22,98,-70,-24,94,-139,-24,77,-185,-23,98,-132,4,126,-193,-5,142,-231,-15,155,-262,-23,76,-155,4,105,-223,-3,126,-264,-13,143,-298,-20,53,-164,0,78,-231,-11,99,-267,-22,113,-296,-29,25,-165,-6,44,-215,-19,60,-247,-27,73,-278,-32
219,666,0,45,-43,-27,71,-113,-28,54,-172,-28,21,-199,-25,63,-166,19,71,-233,13,71,-275,1,71,-310,-9,38,-177,21,46,-248,18,51,-294,4,55,-333,-7,15,-174,17,21,-241,9,29,-282,-6,32,-315,-17,-10,-163,9,-4,-213,0,1,-247,-9,3,-277,-15
218,667,0,45,-43,-28,71,-112,-30,54,-170,-30,21,-199,-28,63,-166,18,71,-233,12,71,-274,0,71,-310,-11,38,-176,21,46,-247,17,51,-294,3,55,-332,-8,15,-174,17,21,-241,8,28,-282,-7,32,-315,-17,-10,-163,9,-4,-212,-1,1,-246,-9,3,-277,-16
218,669,0,44,-42,-31,69,-111,-34,52,-170,-35,20,-199,-33,63,-166,18,69,-232,12,70,-273,1,70,-309,-10,37,-175,22,45,-246,19,49,-292,6,54,-331,-4,14,-173,19,20,-239,11,28,-280,-4,31,-312,-15,-10,-162,12,-4,-211,2,0,-245,-7,3,-275,-14
219,670,0,44,-43,-30,69,-112,-32,52,-170,-33,18,-200,-31,62,-166,19,69,-232,13,69,-273,2,69,-308,-8,36,-176,22,43,-247,20,48,-292,7,52,-330,-4,13,-173,19,19,-239,10,26,-281,-5,30,-313,-15,-12,-162,11,-5,-211,1,-1,-245,-8,1,-276,-16
219,675,0,44,-43,-32,69,-111,-36,51,-169,-37,19,-200,-35,61,-164,17,68,-228,11,68,-269,0,68,-304,-10,35,-174,21,43,-244,19,48,-288,7,53,-326,-3,12,-171,19,19,-237,10,26,-278,-5,30,-311,-15,-11,-160,11,-5,-209,1,0,-243,-8,3,-273,-15
221,678,0,43,-41,-33,69,-110,-37,52,-169,-39,20,-199,-38,62,-165,13,68,-231,7,68,-271,-5,68,-307,-16,36,-176,18,43,-245,14,48,-291,2,52,-329,-8,12,-172,15,19,-240,5,26,-280,-9,31,-313,-18,-11,-161,7,-5,-210,-4,0,-245,-12,3,-276,-19
222,681,0,43,-42,-30,69,-110,-33,52,-170,-34,20,-199,-32,62,-165,16,69,-230,10,69,-270,-2,69,-306,-13,36,-176,20,44,-245,16,49,-290,3,53,-329,-8,13,-173,16,20,-239,6,27,-280,-8,31,-312,-18,-11,-161,8,-5,-211,-3,0,-245,-12,3,-276,-19
323,851,0,47,-34,-23,79,-107,-23,65,-169,-22,32,-198,-20,73,-172,18,85,-237,11,89,-277,0,92,-313,-10,49,-185,17,62,-256,12,71,-300,0,80,-339,-9,25,-183,10,37,-251,1,47,-292,-12,55,-327,-22,0,-173,0,10,-226,-11,16,-261,-19,22,-294,-26
322,853,0,47,-33,-23,79,-107,-23,65,-169,-22,33,-198,-20,73,-171,15,84,-236,9,89,-276,-3,93,-312,-13,49,-183,15,61,-255,9,71,-299,-2,80,-339,-12,26,-183,8,37,-251,-2,48,-292,-15,56,-327,-24,0,-172,-3,9,-226,-14,17,-262,-22,22,-296,-28
322,851,0,48,-33,-22,79,-106,-21,65,-169,-21,32,-198,-18,73,-171,16,85,-237,9,89,-277,-2,93,-313,-12,49,-185,15,61,-255,9,71,-300,-2,80,-339,-12,26,-183,8,37,-252,-3,48,-293,-15,55,-328,-24,1,-173,-3,10,-226,-15,17,-262,-23,22,-296,-29
321,851,0,47,-32,-23,79,-105,-23,64,-167,-22,31,-198,-19,73,-170,16,83,-236,10,88,-275,-1,92,-310,-11,49,-183,15,61,-253,10,71,-297,-2,79,-335,-12,25,-182,8,36,-249,-3,48,-290,-16,55,-324,-26,0,-172,-2,9,-224,-15,17,-259,-24,22,-293,-31
320,850,0,47,-32,-23,79,-105,-23,63,-167,-22,31,-198,-19,73,-170,16,83,-235,10,88,-275,-1,92,-310,-11,49,-182,16,61,-253,11,71,-297,-1,79,-334,-12,25,-182,9,36,-248,-1,47,-289,-15,55,-323,-25,0,-172,-1,9,-223,-13,16,-258,-22,21,-291,-29
320,851,0,46,-31,-24,78,-104,-25,63,-167,-24,30,-198,-21,71,-169,15,82,-233,9,86,-273,-2,90,-308,-12,47,-181,15,59,-250,10,68,-294,-2,77,-332,-13,23,-180,9,34,-247,-2,45,-287,-16,53,-320,-26,-1,-170,-1,7,-221,-14,14,-256,-24,20,-290,-31
320,852,0,46,-32,-23,77,-105,-22,62,-169,-21,29,-198,-18,71,-170,15,82,-236,9,87,-276,-2,90,-312,-12,47,-184,14,59,-254,9,69,-299,-3,77,-338,-13,24,-183,8,34,-250,-3,46,-292,-17,53,-327,-27,-1,-172,-3,8,-225,-15,14,-261,-24,19,-295,-32
319,853,0,47,-31,-23,79,-106,-22,63,-169,-21,30,-198,-18,72,-170,14,84,-236,8,88,-277,-3,92,-313,-13,48,-184,14,60,-255,8,70,-300,-4,79,-340,-14,25,-182,7,35,-251,-4,46,-293,-18,54,-329,-28,0,-172,-3,9,-226,-16,15,-262,-25,21,-297,-33
320,858,0,47,-33,-23,77,-107,-23,62,-170,-21,29,-198,-19,70,-172,15,82,-237,8,87,-278,-2,90,-313,-12,47,-184,14,59,-255,9,69,-301,-3,77,-340,-13,23,-183,7,34,-251,-4,45,-293,-17,53,-329,-27,-2,-172,-3,7,-225,-15,14,-262,-25,19,-296,-32
321,859,0,47,-34,-23,79,-107,-24,63,-170,-23,30,-198,-22,72,-172,14,84,-239,6,88,-280,-5,91,-316,-15,47,-185,13,60,-257,7,69,-303,-5,77,-342,-15,23,-184,6,34,-252,-4,46,-294,-17,53,-330,-26,-2,-172,-4,7,-226,-15,14,-261,-24,18,-295,-30
325,861,0,47,-36,-22,79,-108,-22,63,-171,-22,29,-198,-20,71,-174,14,83,-241,6,87,-283,-5,91,-319,-15,46,-187,12,59,-259,6,69,-306,-6,77,-345,-16,22,-184,5,33,-254,-6,45,-297,-19,52,-333,-28,-3,-173,-5,6,-227,-17,13,-264,-25,18,-298,-32
432,802,0,45,-29,-21,77,-101,-22,65,-164,-23,36,-197,-23,72,-164,7,86,-228,-2,94,-268,-13,101,-301,-21,49,-181,6,65,-254,-1,77,-298,-10,88,-334,-17,26,-183,0,39,-254,-10,50,-295,-20,60,-329,-26,0,-175,-9,10,-230,-20,18,-265,-26,24,-298,-31
435,802,0,45,-29,-20,76,-100,-21,64,-163,-22,37,-197,-21,70,-163,7,84,-229,-3,92,-269,-13,99,-302,-22,47,-180,6,64,-253,-2,75,-297,-12,87,-333,-19,25,-182,0,38,-253,-11,50,-295,-21,60,-328,-28,0,-176,-10,9,-230,-21,17,-266,-28,24,-299,-33
438,802,0,44,-31,-21,75,-101,-23,63,-163,-25,35,-197,-26,70,-163,6,84,-228,-4,91,-267,-15,99,-299,-24,47,-179,5,63,-252,-4,74,-295,-13,86,-331,-20,24,-181,-2,37,-253,-13,49,-293,-22,59,-327,-28,-1,-173,-11,8,-229,-22,16,-264,-29,23,-296,-33
439,802,0,44,-31,-21,76,-101,-23,62,-163,-25,34,-198,-26,69,-162,6,83,-227,-4,91,-267,-15,99,-299,-24,47,-178,5,62,-250,-3,75,-294,-13,86,-329,-20,24,-180,-1,37,-250,-13,48,-291,-22,58,-326,-29,-1,-173,-11,9,-227,-22,17,-263,-29,23,-295,-34
440,803,0,44,-31,-21,75,-101,-24,62,-164,-26,33,-198,-26,69,-164,6,83,-229,-5,91,-268,-16,98,-300,-24,46,-179,5,62,-251,-4,74,-295,-13,85,-331,-20,24,-181,-2,37,-251,-13,48,-292,-22,58,-327,-29,-2,-173,-11,8,-228,-22,16,-264,-29,23,-296,-33
439,803,0,44,-31,-22,76,-100,-25,61,-164,-27,33,-198,-28,70,-161,6,83,-226,-5,92,-266,-17,98,-299,-25,47,-177,5,63,-250,-4,75,-294,-14,86,-330,-21,24,-179,-2,37,-250,-13,49,-291,-23,58,-326,-30,-1,-172,-11,10,-227,-22,17,-263,-29,23,-295,-34
438,805,0,43,-30,-21,76,-100,-24,62,-164,-26,32,-198,-26,70,-162,6,84,-228,-4,92,-267,-15,99,-300,-23,47,-178,5,63,-250,-3,75,-294,-12,85,-330,-19,24,-181,-1,37,-250,-12,50,-292,-21,58,-325,-28,-2,-174,-11,9,-228,-21,17,-263,-27,24,-296,-31
436,805,0,44,-31,-21,76,-101,-24,62,-164,-25,33,-198,-26,71,-162,7,85,-228,-3,93,-267,-14,100,-299,-23,48,-178,6,64,-250,-2,76,-294,-12,87,-330,-20,26,-180,-1,39,-251,-12,50,-292,-21,60,-325,-28,0,-173,-10,10,-228,-21,18,-263,-27,25,-295,-32
434,807,0,44,-28,-22,76,-99,-24,62,-163,-26,32,-198,-26,71,-162,5,84,-228,-5,92,-267,-16,99,-300,-25,47,-178,4,64,-251,-4,76,-294,-13,87,-330,-21,25,-180,-2,38,-251,-13,50,-291,-23,58,-325,-30,0,-173,-12,9,-228,-23,18,-263,-29,25,-295,-34
432,810,0,43,-29,-22,75,-99,-24,61,-162,-26,33,-198,-26,69,-161,5,84,-227,-5,92,-267,-16,99,-300,-25,47,-177,4,63,-250,-4,75,-294,-13,86,-330,-21,25,-179,-2,37,-250,-13,50,-290,-22,58,-323,-29,0,-173,-11,9,-227,-22,18,-263,-28,25,-295,-33
431,810,0,44,-30,-21,74,-100,-23,59,-163,-24,31,-198,-24,69,-162,7,84,-228,-3,91,-267,-14,98,-300,-23,47,-178,6,63,-250,-2,75,-294,-12,85,-331,-20,24,-180,-1,37,-250,-11,48,-290,-21,57,-323,-29,-1,-173,-10,8,-228,-21,16,-262,-28,23,-295,-33
428,813,0,43,-30,-21,74,-100,-23,60,-163,-24,32,-198,-24,69,-160,5,83,-226,-5,91,-266,-16,98,-299,-25,46,-176,4,62,-249,-4,74,-294,-14,84,-331,-22,24,-178,-3,37,-249,-13,48,-290,-23,56,-324,-30,-1,-172,-12,9,-227,-23,16,-262,-30,23,-295,-34
426,814,0,43,-30,-22,75,-100,-24,60,-163,-26,32,-198,-26,70,-163,5,84,-228,-6,92,-269,-17,99,-302,-25,47,-179,4,63,-252,-4,75,-296,-14,86,-333,-22,24,-180,-2,37,-251,-13,49,-292,-23,57,-327,-29,-1,-174,-12,9,-229,-22,16,-264,-29,23,-298,-33
422,816,0,44,-30,-22,75,-100,-24,60,-162,-26,32,-198,-26,71,-162,6,85,-227,-5,93,-267,-16,100,-301,-25,47,-177,5,64,-250,-4,76,-294,-14,86,-331,-22,24,-180,-2,37,-249,-13,49,-291,-23,58,-325,-30,-1,-173,-11,9,-227,-22,17,-262,-28,24,-295,-33
420,817,0,44,-30,-22,76,-100,-24,60,-163,-26,32,-198,-26,69,-163,5,84,-229,-6,93,-269,-17,100,-302,-26,46,-178,4,63,-251,-5,76,-295,-15,86,-333,-23,23,-180,-3,37,-251,-14,49,-292,-24,58,-327,-31,-2,-173,-12,8,-228,-23,16,-264,-30,24,-298,-35
274,794,0,49,-38,-23,80,-109,-23,57,-171,-22,23,-199,-19,72,-170,12,84,-238,5,89,-280,-5,93,-317,-14,45,-183,13,58,-256,8,68,-303,-3,76,-341,-12,20,-183,8,31,-252,-1,43,-295,-14,51,-331,-22,-7,-174,0,1,-226,-10,9,-261,-18,16,-293,-23
270,798,0,49,-37,-24,78,-108,-24,58,-169,-23,25,-199,-21,70,-165,13,83,-233,6,88,-274,-4,92,-310,-14,45,-178,14,58,-251,9,67,-297,-2,76,-335,-11,21,-178,9,31,-247,0,42,-289,-12,50,-324,-21,-6,-170,2,2,-221,-9,9,-256,-16,15,-288,-22
270,802,0,47,-37,-24,76,-110,-24,56,-170,-23,22,-199,-20,69,-166,13,82,-233,7,86,-275,-3,91,-311,-12,44,-180,15,56,-251,11,65,-296,0,73,-334,-9,19,-179,10,29,-247,2,40,-289,-11,47,-324,-20,-7,-171,2,0,-222,-7,8,-257,-15,14,-288,-20
267,801,0,49,-37,-24,78,-109,-25,56,-170,-23,23,-199,-20,71,-167,13,83,-234,7,88,-276,-3,92,-313,-12,45,-180,15,57,-253,11,67,-300,0,75,-339,-9,20,-181,11,30,-249,3,40,-292,-10,48,-326,-19,-6,-173,4,2,-226,-5,9,-260,-12,15,-292,-18
266,806,0,48,-37,-25,75,-109,-25,55,-170,-24,22,-199,-21,69,-167,14,81,-233,9,86,-274,-1,90,-311,-11,43,-180,16,56,-251,13,66,-297,1,73,-335,-8,19,-180,12,29,-247,3,40,-289,-10,48,-324,-20,-7,-172,5,0,-223,-5,8,-257,-14,14,-289,-20
263,807,0,48,-37,-24,77,-110,-24,57,-171,-22,23,-199,-19,70,-169,14,82,-236,7,88,-278,-3,91,-314,-12,45,-183,15,57,-254,10,66,-301,-2,75,-339,-11,19,-182,10,30,-250,0,41,-293,-14,48,-329,-23,-7,-173,2,0,-225,-9,8,-260,-17,15,-292,-24
245,819,0,47,-39,-25,75,-113,-26,54,-172,-25,20,-199,-22,68,-169,13,78,-238,7,84,-281,-4,87,-318,-13,41,-183,15,53,-254,10,62,-302,-1,70,-341,-11,16,-181,10,26,-249,1,37,-293,-13,44,-329,-22,-9,-172,2,-1,-224,-8,5,-260,-16,10,-292,-23
242,821,0,47,-39,-25,75,-113,-25,54,-171,-23,20,-199,-20,67,-167,13,78,-235,6,83,-277,-5,88,-313,-14,41,-179,14,53,-251,9,61,-297,-3,69,-335,-12,17,-179,9,25,-246,0,37,-289,-14,44,-324,-24,-8,-171,1,0,-222,-10,6,-257,-18,11,-289,-25
241,818,0,48,-38,-24,75,-112,-24,54,-172,-22,20,-199,-18,67,-167,14,79,-234,8,84,-277,-2,88,-313,-11,41,-179,16,52,-251,12,61,-297,0,69,-336,-10,18,-179,11,25,-246,2,37,-289,-11,44,-324,-21,-8,-170,3,0,-222,-7,6,-257,-15,11,-289,-21
239,817,0,47,-37,-25,75,-111,-25,54,-172,-24,20,-199,-20,68,-165,12,79,-233,5,84,-276,-5,87,-312,-14,42,-178,13,52,-249,8,62,-296,-3,69,-334,-12,17,-178,9,26,-245,-1,37,-288,-14,44,-323,-23,-8,-169,1,0,-221,-10,6,-256,-18,11,-288,-24
154,694,0,45,-43,-32,70,-114,-34,46,-174,-32,11,-200,-29,66,-166,14,77,-234,8,79,-277,-4,81,-315,-15,40,-178,19,50,-250,15,56,-297,1,61,-336,-11,15,-177,17,23,-244,9,32,-287,-8,38,-322,-19,-10,-169,10,-5,-220,2,0,-254,-7,5,-283,-13
152,696,0,46,-44,-32,71,-114,-33,47,-174,-32,12,-200,-28,66,-165,16,77,-234,10,79,-276,-2,81,-313,-13,40,-178,21,50,-248,18,56,-296,4,62,-335,-8,16,-178,18,23,-243,11,32,-286,-5,38,-321,-17,-10,-169,12,-4,-220,4,1,-254,-4,6,-283,-10
152,695,0,46,-44,-31,71,-115,-32,45,-174,-30,11,-200,-26,67,-166,16,77,-234,10,79,-277,-2,81,-315,-13,40,-178,20,50,-249,17,56,-297,3,62,-336,-9,15,-178,17,23,-244,10,32,-287,-7,38,-322,-18,-10,-170,11,-5,-221,2,1,-254,-6,5,-284,-12
153,695,0,46,-45,-31,71,-115,-32,46,-174,-31,11,-200,-27,66,-166,16,77,-235,11,79,-278,-1,81,-316,-12,40,-179,21,49,-250,17,56,-297,3,61,-337,-9,14,-178,18,22,-244,10,31,-288,-7,37,-323,-19,-12,-170,11,-6,-222,2,0,-255,-6,5,-284,-13
152,697,0,46,-44,-31,70,-115,-32,46,-174,-30,11,-200,-26,67,-166,19,77,-234,14,80,-277,2,81,-315,-10,40,-179,23,50,-250,21,57,-298,6,63,-337,-7,15,-178,20,23,-245,13,32,-289,-5,38,-324,-18,-11,-170,14,-5,-222,5,1,-256,-4,6,-286,-11
151,701,0,46,-44,-31,71,-115,-32,46,-174,-31,11,-200,-28,67,-167,15,78,-235,8,80,-278,-5,82,-316,-17,41,-179,19,51,-250,14,58,-299,-1,63,-338,-14,16,-178,16,24,-245,6,33,-289,-11,39,-325,-24,-10,-169,8,-4,-221,-1,2,-256,-11,7,-287,-18
