302,831,0,53,-2,-10,106,-36,-12,147,-67,-18,162,-118,-23,93,-158,29,120,-212,16,148,-226,-1,171,-221,-11,79,-172,21,109,-234,11,141,-245,-6,166,-231,-16,63,-178,9,90,-242,-1,123,-257,-10,149,-249,-15,46,-174,-7,69,-230,-15,95,-255,-20,122,-261,-22
291,838,0,53,-3,-9,106,-37,-11,146,-68,-18,161,-118,-24,94,-158,29,120,-213,15,148,-226,-3,169,-219,-14,80,-172,21,110,-236,10,141,-247,-8,164,-230,-19,64,-178,7,91,-243,-3,123,-256,-13,147,-243,-19,47,-174,-9,70,-229,-18,97,-252,-24,122,-256,-26
287,837,0,55,-5,-8,108,-36,-10,147,-66,-18,162,-117,-24,94,-155,30,121,-211,16,148,-223,-2,169,-217,-13,81,-169,22,110,-234,10,142,-244,-9,164,-227,-20,65,-175,8,93,-240,-2,124,-252,-13,148,-240,-19,48,-171,-9,73,-225,-17,99,-247,-22,124,-250,-25
282,842,0,53,-4,-8,106,-38,-10,148,-67,-18,161,-118,-24,94,-156,33,121,-211,21,148,-225,4,169,-218,-7,79,-170,24,109,-234,15,140,-245,-3,163,-229,-14,63,-176,10,90,-240,2,122,-254,-8,148,-244,-14,46,-171,-7,71,-224,-15,98,-248,-20,123,-252,-22
279,845,0,55,-6,-6,107,-39,-8,146,-68,-16,160,-119,-22,92,-155,37,119,-209,25,147,-223,8,168,-217,-2,78,-168,27,108,-232,19,140,-244,1,162,-228,-10,63,-174,12,91,-239,5,123,-253,-5,147,-243,-10,48,-171,-7,73,-224,-13,99,-247,-17,124,-251,-18
277,847,0,55,-6,-7,107,-40,-9,145,-70,-15,160,-120,-21,93,-155,34,118,-211,20,145,-224,2,165,-217,-9,78,-168,25,106,-233,14,137,-245,-4,159,-228,-16,62,-173,10,89,-238,1,120,-252,-10,144,-242,-17,46,-169,-7,71,-222,-16,97,-245,-21,120,-249,-24
278,847,0,55,-7,-8,106,-40,-11,145,-70,-18,160,-120,-25,92,-157,32,118,-214,18,145,-227,-1,165,-220,-11,78,-170,23,105,-236,12,136,-248,-6,159,-232,-18,62,-175,8,88,-242,-1,119,-255,-12,143,-244,-18,46,-171,-9,70,-225,-17,95,-248,-23,120,-250,-25
274,850,0,56,-8,-7,107,-41,-8,146,-70,-15,160,-120,-21,93,-156,36,118,-211,24,144,-225,5,165,-221,-6,79,-168,27,106,-232,17,136,-244,-2,157,-230,-14,63,-174,11,88,-239,3,119,-253,-8,142,-244,-14,47,-170,-7,71,-222,-14,96,-246,-19,119,-250,-21
273,853,0,56,-9,-5,106,-42,-7,144,-71,-15,159,-121,-22,92,-154,38,115,-209,26,142,-225,8,162,-221,-3,77,-166,27,103,-230,18,133,-244,0,157,-230,-11,61,-171,11,86,-237,3,117,-252,-7,141,-243,-13,46,-166,-9,69,-219,-16,94,-243,-20,118,-247,-22
276,856,0,53,-9,-9,105,-44,-12,142,-75,-19,156,-125,-25,91,-158,30,115,-213,16,141,-229,-3,162,-225,-13,76,-170,21,102,-234,10,131,-248,-8,153,-236,-19,59,-174,7,84,-240,-3,113,-255,-14,136,-247,-20,43,-169,-10,65,-222,-19,90,-247,-24,114,-251,-27
277,854,0,55,-10,-5,105,-44,-7,142,-75,-14,157,-124,-19,91,-158,34,114,-214,20,141,-229,1,161,-225,-10,76,-171,23,102,-237,11,132,-251,-7,154,-237,-19,60,-175,7,84,-242,-4,114,-256,-15,138,-247,-22,44,-169,-12,67,-222,-21,93,-246,-27,118,-250,-30
274,854,0,55,-9,-7,106,-42,-9,144,-73,-16,158,-123,-22,92,-155,35,114,-210,23,141,-226,5,161,-223,-6,76,-168,25,101,-232,15,129,-246,-3,152,-234,-14,60,-172,9,83,-239,0,112,-253,-10,137,-245,-17,44,-166,-9,67,-220,-17,92,-244,-22,116,-248,-25
274,855,0,55,-9,-7,106,-42,-9,143,-73,-16,157,-124,-23,91,-156,36,115,-210,24,140,-227,8,160,-226,-3,76,-168,26,102,-231,18,130,-246,1,153,-236,-10,61,-173,11,84,-238,3,114,-254,-6,137,-248,-11,45,-169,-7,67,-222,-14,92,-246,-18,115,-252,-20
275,855,0,55,-9,-7,106,-43,-9,144,-75,-15,158,-123,-21,91,-157,34,113,-213,22,139,-230,5,158,-228,-6,76,-169,25,101,-233,15,129,-249,-2,152,-238,-12,60,-174,10,83,-240,1,112,-256,-9,137,-250,-14,45,-169,-8,66,-224,-16,91,-248,-20,115,-254,-22
276,854,0,54,-8,-8,105,-42,-10,143,-74,-17,157,-123,-23,91,-159,32,113,-215,20,139,-231,3,159,-229,-7,76,-172,23,101,-236,14,129,-250,-3,151,-240,-13,59,-176,9,83,-242,0,112,-259,-10,137,-250,-15,44,-170,-9,66,-224,-17,90,-250,-21,114,-255,-23
275,853,0,55,-9,-7,105,-43,-9,144,-73,-16,158,-123,-22,91,-159,34,114,-214,21,139,-230,4,158,-227,-6,76,-170,25,100,-235,15,129,-249,-1,151,-237,-11,59,-175,10,83,-241,1,112,-257,-9,136,-249,-14,44,-169,-8,66,-223,-16,91,-247,-21,114,-252,-22
274,853,0,56,-9,-4,106,-43,-5,144,-73,-11,159,-122,-16,92,-158,38,114,-214,27,140,-229,11,160,-228,1,77,-170,27,101,-234,19,129,-248,3,152,-238,-7,60,-175,10,83,-241,3,112,-258,-7,137,-250,-12,45,-169,-9,67,-223,-16,92,-248,-21,116,-252,-23
275,852,0,55,-8,-6,105,-42,-7,144,-73,-14,158,-122,-19,91,-157,37,114,-212,27,139,-229,11,159,-227,1,77,-170,28,102,-232,20,131,-246,4,153,-237,-5,61,-175,12,85,-239,5,114,-255,-3,137,-250,-8,45,-170,-6,67,-225,-13,92,-250,-16,115,-258,-17
275,852,0,55,-9,-4,105,-42,-4,142,-74,-11,156,-125,-16,88,-156,44,111,-207,36,137,-225,21,156,-224,12,74,-167,33,101,-227,28,128,-241,14,151,-233,4,59,-173,17,83,-235,12,112,-251,5,136,-247,1,45,-170,-2,66,-224,-6,91,-250,-9,114,-257,-9
275,852,0,55,-8,-5,105,-43,-6,143,-74,-12,157,-123,-18,89,-157,41,112,-211,31,137,-228,16,157,-227,7,76,-169,30,101,-230,24,129,-244,10,151,-236,0,60,-174,15,83,-237,9,112,-255,2,137,-250,-2,45,-170,-4,67,-226,-9,91,-251,-11,114,-260,-12
274,852,0,56,-9,-4,105,-43,-4,144,-73,-10,158,-123,-15,90,-157,42,113,-210,34,137,-227,19,157,-228,9,76,-169,32,101,-229,26,129,-244,11,151,-236,1,61,-174,16,84,-236,10,113,-254,3,136,-250,-2,45,-170,-3,67,-225,-8,91,-250,-11,114,-259,-12
273,852,0,56,-9,-2,105,-43,-1,143,-73,-7,158,-123,-12,89,-156,47,113,-208,40,137,-227,26,156,-227,17,75,-168,35,101,-228,31,128,-242,17,151,-236,8,61,-174,18,84,-236,14,113,-253,7,137,-250,3,46,-170,-2,68,-225,-6,92,-250,-8,116,-258,-8
273,853,0,55,-9,-6,104,-43,-6,142,-74,-11,157,-124,-15,89,-157,42,112,-209,35,135,-228,21,155,-232,12,75,-169,33,99,-228,28,125,-244,14,148,-239,4,59,-174,17,82,-237,12,109,-255,5,134,-253,0,44,-171,-1,66,-224,-6,89,-250,-8,113,-258,-9
272,852,0,56,-9,-4,105,-43,-4,143,-73,-9,158,-123,-13,90,-156,42,112,-208,35,137,-226,20,158,-228,11,76,-168,32,100,-227,27,129,-242,12,152,-236,2,60,-173,16,83,-236,11,112,-252,3,137,-250,-1,45,-170,-2,66,-225,-7,90,-250,-10,114,-260,-11
273,850,0,55,-10,-5,106,-43,-5,144,-74,-11,157,-124,-15,89,-156,41,113,-210,32,138,-225,16,159,-227,6,75,-169,32,102,-228,25,129,-242,8,154,-235,-4,59,-175,17,84,-235,10,113,-252,1,138,-248,-5,44,-172,-2,66,-226,-7,89,-251,-10,114,-260,-12
274,848,0,55,-9,-7,105,-43,-8,143,-75,-14,156,-125,-19,89,-157,37,112,-210,27,138,-227,10,158,-228,0,75,-169,29,100,-230,21,128,-245,4,153,-237,-7,59,-175,14,83,-237,7,112,-254,-3,137,-250,-8,43,-172,-3,65,-226,-10,88,-252,-13,112,-259,-15
274,844,0,54,-7,-7,106,-42,-8,144,-73,-14,157,-124,-18,89,-156,37,113,-210,26,139,-227,9,161,-227,-1,75,-168,28,102,-231,19,131,-246,2,155,-237,-9,59,-174,13,85,-238,5,114,-254,-4,139,-248,-10,43,-172,-4,65,-227,-11,90,-253,-15,113,-260,-16
274,843,0,53,-9,-8,104,-43,-10,142,-75,-16,156,-125,-21,88,-156,35,112,-211,23,138,-227,6,160,-227,-4,75,-169,26,100,-231,17,129,-246,0,153,-237,-11,59,-175,12,83,-239,3,112,-255,-6,137,-250,-11,42,-172,-5,64,-226,-12,88,-253,-16,111,-260,-17
272,839,0,54,-10,-7,105,-44,-8,142,-75,-14,156,-125,-19,88,-153,36,111,-207,25,137,-223,8,159,-223,-2,75,-166,27,100,-227,19,128,-241,2,152,-233,-8,59,-172,13,82,-235,5,111,-251,-4,136,-246,-8,43,-170,-4,64,-223,-11,88,-248,-14,111,-256,-15
271,836,0,56,-9,-6,107,-42,-6,144,-74,-10,158,-122,-14,89,-154,38,113,-209,28,139,-224,12,161,-226,2,76,-166,29,102,-227,20,131,-241,3,155,-233,-8,61,-172,14,85,-236,6,115,-252,-4,140,-246,-10,45,-170,-4,67,-225,-10,90,-251,-14,113,-258,-16
272,836,0,55,-10,-6,106,-44,-5,142,-76,-10,157,-124,-13,89,-153,39,112,-207,28,137,-224,12,158,-227,1,76,-166,30,101,-225,21,129,-241,4,153,-235,-7,61,-173,15,85,-234,6,113,-250,-4,137,-248,-9,45,-171,-3,66,-225,-10,89,-250,-14,112,-258,-15
274,833,0,56,-11,-5,107,-44,-4,144,-75,-9,156,-125,-12,89,-155,41,112,-208,31,137,-225,15,159,-227,5,75,-167,31,102,-227,24,129,-242,7,153,-236,-4,60,-173,17,85,-235,9,113,-251,0,137,-248,-6,43,-172,-1,65,-226,-7,88,-250,-11,112,-259,-12
275,830,0,55,-9,-7,107,-42,-6,143,-74,-11,158,-123,-15,90,-153,37,113,-206,27,138,-222,11,159,-224,0,76,-166,29,103,-225,20,131,-240,3,154,-233,-9,60,-172,14,85,-234,6,113,-250,-4,137,-246,-10,43,-170,-3,65,-224,-10,88,-249,-14,113,-258,-16
274,828,0,57,-8,-4,107,-40,-3,144,-72,-8,158,-122,-11,91,-151,44,114,-203,35,140,-218,20,162,-220,9,78,-163,34,104,-222,27,133,-236,9,157,-228,-2,62,-171,18,88,-232,11,116,-247,2,141,-242,-4,46,-171,0,68,-224,-6,92,-249,-10,116,-257,-12
276,827,0,56,-8,-6,106,-40,-6,144,-71,-11,159,-121,-15,91,-152,40,114,-204,30,140,-220,13,162,-221,3,78,-166,30,106,-225,22,135,-238,5,159,-230,-6,62,-173,16,88,-235,8,118,-249,-2,143,-244,-8,45,-173,-2,68,-227,-9,92,-252,-12,117,-259,-14
275,828,0,55,-7,-6,107,-39,-6,145,-70,-10,160,-120,-14,91,-153,39,116,-206,28,142,-221,11,165,-221,1,79,-166,29,108,-226,20,137,-239,2,161,-229,-10,62,-174,15,91,-235,6,120,-250,-4,144,-244,-11,45,-173,-3,68,-227,-10,93,-252,-15,118,-260,-17
274,829,0,55,-6,-6,107,-39,-6,145,-71,-11,159,-121,-15,92,-152,40,117,-205,29,143,-220,13,164,-220,2,79,-166,31,108,-225,22,137,-238,4,160,-229,-8,63,-173,16,90,-234,8,119,-249,-3,144,-244,-9,45,-173,-2,69,-226,-9,93,-251,-13,118,-260,-15
275,828,0,55,-6,-6,107,-39,-5,146,-71,-10,160,-120,-15,93,-155,39,118,-208,29,144,-224,12,165,-224,2,80,-168,30,108,-229,21,138,-243,3,161,-233,-9,64,-175,15,91,-239,7,121,-253,-4,145,-246,-10,47,-174,-3,69,-229,-10,94,-254,-15,119,-261,-17
274,831,0,55,-6,-7,107,-41,-7,145,-72,-12,159,-122,-16,93,-155,36,116,-209,25,143,-225,8,164,-226,-2,79,-169,27,107,-228,18,136,-243,1,160,-234,-10,63,-175,13,89,-237,4,119,-253,-5,143,-247,-10,46,-173,-5,68,-227,-12,92,-251,-16,116,-259,-18
274,830,0,56,-7,-5,108,-41,-4,145,-72,-8,159,-122,-11,93,-155,39,116,-207,28,143,-223,12,164,-223,1,80,-167,30,107,-227,21,136,-241,4,160,-233,-7,64,-174,15,90,-236,7,119,-251,-3,143,-247,-9,46,-173,-3,69,-227,-10,93,-252,-14,117,-260,-15
276,829,0,55,-6,-6,108,-41,-5,145,-72,-10,159,-121,-14,91,-156,37,115,-209,25,143,-225,7,165,-224,-3,79,-168,27,107,-230,17,137,-243,-1,160,-233,-13,63,-174,13,90,-239,3,120,-253,-8,144,-245,-13,45,-173,-5,68,-228,-12,93,-253,-17,118,-260,-20
275,830,0,55,-7,-6,108,-40,-6,145,-72,-11,159,-121,-15,92,-152,37,116,-206,25,142,-223,8,165,-224,-2,79,-166,28,107,-227,18,136,-241,0,160,-232,-11,64,-173,13,89,-236,4,118,-251,-6,143,-245,-11,47,-171,-5,69,-225,-12,93,-250,-16,117,-256,-18
279,830,0,55,-9,-5,107,-43,-3,144,-75,-7,157,-124,-10,91,-156,40,114,-209,29,139,-223,12,161,-222,2,78,-169,30,106,-229,21,134,-242,3,158,-231,-8,62,-176,15,88,-238,6,118,-251,-5,142,-242,-11,45,-173,-3,68,-228,-11,92,-253,-15,117,-258,-17
279,828,0,57,-8,-5,109,-42,-5,146,-74,-9,159,-122,-13,92,-155,37,115,-209,25,142,-224,8,164,-224,-3,78,-167,27,105,-227,16,136,-239,-2,160,-228,-13,63,-173,12,88,-237,2,118,-251,-8,143,-245,-14,47,-171,-6,69,-226,-14,94,-251,-19,119,-259,-21
410,759,0,52,-14,-18,95,-54,-20,121,-99,-24,133,-150,-28,82,-144,32,101,-198,23,118,-219,8,133,-229,-3,65,-158,30,86,-214,22,102,-236,7,120,-242,-4,44,-164,21,64,-220,12,82,-246,1,99,-255,-6,20,-164,9,40,-211,0,55,-240,-6,73,-260,-10
411,757,0,53,-14,-18,95,-54,-20,122,-98,-26,134,-148,-30,83,-146,31,101,-200,21,119,-221,5,135,-230,-5,65,-158,29,85,-216,20,103,-238,4,120,-243,-7,44,-165,20,65,-222,10,82,-247,-1,100,-256,-8,20,-164,7,39,-211,-2,55,-241,-8,73,-261,-12
411,757,0,53,-15,-18,96,-54,-21,123,-98,-26,134,-148,-29,82,-147,28,101,-201,18,118,-223,2,134,-234,-9,64,-160,27,85,-218,18,103,-241,2,120,-247,-9,43,-166,18,65,-223,8,82,-249,-4,100,-260,-10,20,-165,6,39,-213,-4,55,-242,-10,73,-263,-14
411,758,0,52,-14,-19,95,-54,-22,122,-98,-27,134,-149,-30,81,-146,29,100,-201,18,116,-223,2,131,-233,-9,64,-160,28,83,-218,19,100,-242,3,117,-247,-8,42,-166,20,64,-223,9,80,-249,-2,97,-259,-9,19,-165,8,38,-213,-2,54,-242,-8,72,-262,-12
411,757,0,52,-14,-19,95,-54,-22,122,-99,-26,134,-149,-30,81,-148,28,99,-201,16,115,-224,0,131,-235,-10,63,-161,27,82,-219,18,99,-244,1,116,-249,-10,42,-167,19,62,-225,8,79,-251,-3,96,-262,-10,19,-166,7,38,-213,-3,53,-242,-10,71,-262,-13
411,758,0,52,-15,-19,95,-55,-22,122,-99,-27,134,-149,-30,80,-149,29,99,-202,17,115,-225,1,130,-235,-9,62,-162,27,82,-220,19,99,-244,2,115,-250,-9,42,-168,19,62,-225,9,79,-251,-3,96,-261,-9,18,-166,7,37,-214,-3,53,-243,-9,70,-264,-13
411,759,0,52,-15,-19,94,-55,-22,121,-99,-27,134,-149,-31,80,-149,29,97,-201,18,113,-224,3,128,-235,-8,62,-162,28,81,-219,20,97,-243,4,114,-249,-7,41,-167,19,61,-224,9,77,-250,-2,94,-262,-9,18,-165,8,37,-213,-2,52,-243,-8,70,-263,-12
412,760,0,51,-14,-19,94,-55,-20,122,-100,-24,133,-149,-27,80,-149,30,96,-201,21,112,-225,6,126,-236,-4,61,-162,29,80,-219,21,96,-242,6,112,-250,-4,41,-167,21,61,-224,11,77,-250,0,94,-262,-7,18,-166,9,37,-213,-1,52,-243,-7,70,-264,-11
411,760,0,53,-14,-19,95,-54,-20,122,-99,-24,134,-148,-27,79,-147,30,97,-201,21,112,-224,6,127,-236,-4,62,-160,29,81,-218,22,97,-242,6,113,-250,-5,41,-166,21,61,-222,11,77,-249,0,94,-261,-6,18,-164,9,38,-211,0,53,-241,-7,70,-262,-10
412,762,0,53,-15,-17,95,-55,-18,122,-99,-22,134,-149,-25,78,-148,35,96,-201,27,112,-224,12,127,-235,2,61,-160,32,80,-217,26,97,-240,11,114,-249,0,41,-166,23,61,-222,15,78,-248,4,95,-260,-2,18,-165,10,37,-212,2,53,-241,-4,71,-263,-7
412,763,0,52,-15,-17,94,-55,-18,123,-99,-21,136,-147,-23,77,-147,31,95,-199,22,111,-222,8,126,-235,-2,60,-160,29,81,-215,22,98,-238,7,116,-247,-3,41,-166,20,62,-222,10,79,-247,0,96,-260,-5,18,-166,8,37,-212,-2,53,-241,-7,72,-262,-10
414,763,0,50,-16,-16,92,-55,-18,122,-97,-23,137,-146,-27,74,-148,33,93,-198,24,111,-222,9,127,-235,0,58,-161,30,80,-216,23,99,-238,9,117,-248,-1,39,-168,20,61,-223,11,79,-247,2,97,-260,-3,18,-168,7,37,-215,-2,53,-242,-6,72,-262,-9
413,761,0,49,-13,-17,92,-53,-20,123,-94,-26,139,-144,-30,72,-149,29,92,-199,19,111,-222,4,130,-235,-6,58,-162,26,80,-217,18,101,-238,4,122,-247,-5,40,-169,17,61,-225,7,81,-249,-2,101,-260,-7,20,-169,3,38,-217,-6,56,-244,-10,76,-262,-13
412,760,0,49,-13,-16,92,-53,-18,124,-94,-23,141,-142,-27,71,-150,32,90,-199,22,109,-222,8,127,-235,-2,57,-163,28,79,-217,21,99,-239,7,120,-247,-2,40,-170,18,60,-226,9,81,-249,1,102,-260,-4,21,-169,4,38,-218,-4,57,-245,-8,77,-264,-10
409,757,0,48,-11,-16,93,-52,-19,125,-91,-24,144,-139,-29,71,-151,31,90,-200,19,112,-223,3,132,-233,-7,57,-163,27,80,-218,17,104,-238,2,127,-242,-8,42,-170,16,63,-228,6,86,-249,-3,108,-255,-8,24,-169,2,42,-220,-6,61,-247,-11,83,-263,-13
406,756,0,49,-12,-12,94,-53,-13,125,-90,-19,146,-137,-23,72,-155,35,92,-204,25,114,-225,10,135,-233,-1,59,-167,29,81,-223,21,107,-241,4,130,-241,-6,44,-172,16,64,-231,8,89,-249,-2,114,-252,-7,28,-171,1,45,-223,-7,66,-249,-11,88,-263,-13
400,769,0,48,-46,51,81,-91,67,112,-119,70,143,-140,72,37,-186,48,81,-259,51,120,-268,55,148,-258,60,33,-193,17,82,-289,18,123,-292,27,148,-272,36,42,-186,-12,85,-285,-9,123,-288,7,146,-271,19,63,-168,-38,98,-243,-38,128,-264,-29,150,-266,-19
399,766,0,53,-43,43,86,-88,57,116,-117,59,143,-139,61,41,-184,41,85,-253,40,123,-263,42,149,-256,45,34,-192,13,84,-284,12,123,-288,17,148,-268,24,39,-183,-13,83,-278,-12,121,-282,-1,145,-267,8,58,-165,-36,93,-238,-37,122,-258,-29,145,-260,-22
398,764,0,53,-42,45,86,-87,59,116,-115,62,146,-137,65,41,-183,44,86,-251,48,121,-263,52,147,-257,57,34,-191,16,83,-284,18,121,-289,26,145,-272,34,40,-183,-10,84,-278,-6,121,-284,6,143,-270,16,59,-166,-33,94,-239,-31,124,-259,-23,146,-263,-14
394,762,0,56,-42,46,88,-86,62,117,-115,65,147,-135,68,45,-180,43,90,-247,46,125,-259,51,149,-254,55,36,-188,15,85,-281,17,122,-286,25,146,-269,34,39,-180,-11,84,-275,-8,120,-280,6,142,-265,16,56,-163,-34,91,-238,-32,121,-256,-22,142,-257,-12
391,763,0,55,-39,41,88,-84,55,117,-114,58,147,-135,60,47,-178,39,91,-244,42,124,-257,46,149,-255,51,36,-187,13,84,-278,15,121,-285,22,146,-271,31,39,-179,-10,83,-271,-7,118,-278,5,142,-266,15,54,-162,-31,90,-233,-29,119,-253,-19,141,-256,-9
389,758,0,53,-35,26,88,-79,33,118,-111,35,148,-135,37,50,-177,22,95,-245,22,130,-258,24,155,-255,29,36,-187,6,85,-280,5,123,-286,11,148,-271,20,35,-181,-8,80,-274,-8,117,-280,2,140,-268,12,47,-164,-21,84,-236,-20,113,-255,-11,135,-258,-1
385,755,0,57,-28,18,91,-75,23,120,-108,25,149,-134,28,60,-170,14,102,-239,12,134,-252,14,157,-249,18,42,-183,3,88,-275,1,124,-281,6,148,-269,14,37,-180,-7,79,-267,-7,114,-273,3,137,-264,12,43,-166,-16,79,-232,-12,107,-247,-2,128,-247,8
382,759,0,55,-34,30,90,-78,40,119,-109,41,149,-134,44,52,-178,31,95,-245,31,130,-254,32,154,-247,35,40,-188,12,88,-278,11,126,-280,16,149,-264,23,40,-182,-6,84,-270,-5,120,-274,5,142,-259,14,51,-165,-22,87,-233,-20,116,-250,-11,137,-250,-2
382,744,0,57,-21,-4,94,-69,-3,124,-106,1,152,-130,8,65,-165,-11,106,-235,-11,140,-247,-7,162,-242,-1,44,-181,-5,89,-271,-5,124,-272,3,148,-254,13,35,-179,1,77,-257,3,112,-258,11,134,-244,19,36,-164,7,71,-223,12,99,-229,20,118,-221,29
380,744,0,57,-20,-4,93,-67,-3,124,-105,2,152,-130,11,64,-164,-8,106,-235,-7,139,-243,-2,160,-233,5,44,-179,-2,89,-268,0,125,-267,9,147,-248,20,36,-176,5,77,-256,9,112,-255,17,134,-239,26,37,-162,11,71,-220,18,98,-224,26,118,-216,36
379,744,0,56,-20,-11,94,-66,-13,125,-104,-10,153,-129,-2,64,-161,-17,105,-233,-18,138,-241,-14,160,-232,-8,45,-176,-8,89,-267,-8,125,-267,-1,146,-247,9,36,-175,2,76,-255,3,110,-253,10,131,-237,17,37,-161,11,69,-220,14,95,-223,21,114,-214,30
330,728,0,62,-22,28,103,-65,39,133,-95,39,151,-131,39,59,-161,61,83,-222,59,118,-237,52,144,-232,48,48,-169,36,76,-247,31,118,-255,21,145,-237,18,43,-168,10,72,-248,5,114,-255,-1,142,-239,-1,47,-160,-16,74,-226,-19,105,-240,-18,131,-233,-15
331,726,0,62,-22,23,102,-63,31,132,-95,30,151,-131,29,58,-160,52,82,-221,49,116,-236,41,144,-232,37,47,-167,31,74,-247,25,115,-257,17,142,-240,14,41,-167,7,69,-246,2,111,-254,-2,139,-239,-2,43,-158,-16,70,-224,-19,101,-240,-18,126,-234,-14
331,723,0,61,-19,23,102,-61,32,133,-92,31,152,-130,30,60,-161,60,83,-221,58,118,-235,49,144,-229,45,49,-170,38,76,-248,34,116,-256,23,144,-237,18,44,-170,13,70,-249,10,113,-256,3,141,-238,1,45,-163,-11,72,-229,-14,105,-242,-14,131,-234,-12
327,723,0,61,-17,19,103,-58,28,133,-90,26,153,-129,27,63,-161,57,85,-220,55,118,-233,47,145,-228,43,52,-170,38,78,-245,35,117,-254,26,143,-236,22,46,-171,16,73,-246,13,113,-255,9,140,-238,8,46,-162,-6,73,-224,-9,104,-240,-9,130,-234,-6
325,722,0,61,-18,23,103,-58,33,134,-89,33,153,-128,33,62,-160,62,85,-217,62,118,-231,54,145,-227,50,51,-168,41,78,-243,38,117,-253,28,145,-235,24,46,-168,16,73,-245,13,114,-252,8,142,-235,6,47,-160,-9,74,-224,-11,106,-238,-10,132,-232,-8
326,721,0,61,-17,25,103,-57,36,133,-88,36,154,-128,36,62,-161,72,86,-216,74,119,-230,67,145,-225,63,52,-170,49,79,-242,50,118,-251,39,145,-232,33,46,-172,23,72,-246,23,114,-252,17,143,-234,15,47,-165,-2,75,-227,-3,106,-239,-2,132,-233,-1
326,721,0,60,-15,19,103,-55,27,134,-86,25,154,-128,24,63,-160,65,87,-215,66,119,-229,58,146,-226,54,53,-170,46,79,-242,47,117,-251,37,145,-234,32,47,-171,23,73,-245,24,113,-253,19,141,-237,18,48,-165,0,75,-225,1,105,-240,2,131,-235,5
327,722,0,60,-15,22,103,-56,32,134,-88,31,154,-127,30,65,-160,69,87,-214,71,120,-229,63,147,-227,58,55,-170,47,80,-242,47,118,-252,36,147,-236,31,47,-173,22,73,-247,21,114,-255,15,143,-239,12,48,-166,-3,76,-227,-5,109,-240,-5,135,-236,-3
326,721,0,61,-15,25,104,-54,36,135,-86,34,155,-126,34,66,-160,75,88,-213,78,121,-227,70,147,-226,65,56,-171,51,81,-241,53,120,-251,41,148,-234,34,50,-173,25,76,-248,24,118,-255,17,147,-237,14,51,-167,-3,79,-228,-4,112,-241,-4,140,-234,-3
324,723,0,60,-15,24,103,-55,35,135,-87,34,155,-127,34,66,-159,73,88,-213,76,120,-227,69,148,-226,64,56,-169,51,81,-240,52,120,-251,41,148,-236,35,50,-171,25,76,-245,24,116,-253,19,145,-237,17,51,-164,-2,79,-224,-2,111,-238,-1,137,-234,1
322,720,0,60,-14,27,104,-54,40,135,-86,41,155,-126,42,68,-158,81,89,-209,85,121,-224,78,147,-224,73,60,-168,57,84,-236,59,121,-247,48,150,-233,41,53,-172,28,79,-243,29,118,-249,23,146,-233,20,54,-166,0,81,-225,0,113,-238,1,139,-233,2
319,720,0,61,-15,25,104,-55,37,134,-86,37,155,-126,38,67,-157,79,87,-210,82,120,-224,75,147,-223,70,59,-167,55,83,-237,58,120,-247,47,148,-231,42,53,-170,28,80,-241,28,121,-247,23,149,-230,21,55,-165,0,83,-223,0,115,-234,1,142,-227,3
164,723,0,66,-20,33,110,-58,49,140,-85,51,154,-127,52,85,-162,82,105,-222,77,134,-232,62,155,-221,53,72,-172,50,94,-244,40,129,-250,19,151,-223,7,58,-174,14,80,-245,4,115,-250,-11,139,-225,-19,49,-166,-22,71,-225,-33,98,-242,-44,122,-233,-48
167,719,0,65,-20,28,110,-58,42,141,-84,43,156,-125,43,85,-162,74,104,-221,67,132,-233,52,155,-224,42,70,-173,45,92,-244,35,127,-252,14,150,-227,2,57,-175,12,78,-246,1,113,-252,-13,138,-228,-20,47,-168,-21,67,-226,-33,95,-244,-42,119,-236,-46
169,714,0,66,-21,30,111,-56,43,143,-80,43,159,-121,41,84,-162,81,104,-222,76,132,-234,61,154,-225,50,69,-173,50,92,-244,42,126,-253,20,149,-229,6,56,-175,15,77,-246,8,113,-254,-8,136,-230,-16,46,-167,-20,69,-224,-28,95,-243,-37,118,-238,-42
231,693,0,59,-12,4,107,-42,5,148,-63,-3,179,-89,-10,81,-158,48,95,-210,41,119,-227,28,142,-234,18,67,-169,30,84,-230,24,116,-246,10,142,-242,2,52,-172,7,66,-239,-2,99,-256,-9,127,-254,-12,37,-167,-18,47,-229,-27,72,-252,-29,98,-258,-30
285,699,0,57,-8,-1,109,-39,-2,148,-60,-9,180,-86,-15,84,-161,33,104,-214,21,131,-237,6,156,-247,-3,71,-173,18,91,-239,9,125,-259,-3,154,-261,-10,57,-177,-1,71,-248,-13,106,-268,-20,135,-267,-22,42,-172,-23,53,-237,-33,79,-260,-37,107,-263,-37
286,699,0,57,-7,-1,109,-39,-2,148,-61,-9,180,-86,-16,84,-160,33,103,-215,21,130,-237,7,156,-248,-3,71,-172,19,90,-238,10,125,-259,-3,154,-260,-10,56,-176,0,71,-248,-12,105,-268,-19,137,-267,-21,42,-171,-22,52,-237,-32,80,-260,-35,108,-262,-35
289,697,0,58,-7,1,109,-39,0,149,-60,-7,180,-86,-13,84,-162,35,103,-216,24,131,-238,10,157,-248,0,71,-174,20,91,-241,11,125,-262,-2,155,-262,-9,56,-178,0,71,-250,-11,106,-270,-18,137,-267,-21,42,-172,-22,52,-238,-33,79,-261,-36,107,-263,-36
291,697,0,57,-8,0,109,-39,-1,148,-59,-9,180,-86,-16,83,-161,33,102,-216,22,130,-237,7,154,-246,-2,71,-173,18,89,-239,9,124,-259,-3,152,-258,-11,56,-176,-2,69,-248,-13,103,-266,-20,133,-263,-22,42,-170,-24,50,-236,-34,77,-258,-38,104,-260,-38
292,698,0,58,-8,-1,109,-40,-2,148,-61,-9,179,-88,-15,84,-162,31,102,-216,19,130,-237,4,155,-246,-5,71,-173,17,90,-239,7,124,-259,-5,152,-258,-13,57,-176,-2,69,-248,-14,103,-266,-21,132,-263,-23,42,-171,-24,50,-236,-35,77,-259,-38,104,-261,-38
295,697,0,58,-7,-4,109,-40,-6,149,-61,-13,180,-88,-20,83,-161,28,103,-215,14,129,-237,-1,154,-246,-11,70,-173,15,89,-239,4,122,-260,-8,151,-260,-16,55,-176,-3,68,-247,-15,100,-267,-22,129,-264,-25,41,-170,-23,50,-235,-35,75,-258,-38,101,-261,-39
299,695,0,57,-6,-3,110,-38,-4,149,-59,-11,180,-87,-17,84,-164,30,104,-217,19,131,-238,4,155,-248,-5,71,-176,17,90,-241,8,124,-262,-4,151,-261,-12,56,-178,0,68,-249,-12,100,-267,-19,128,-262,-22,41,-172,-20,49,-236,-32,75,-259,-36,102,-261,-37
302,697,0,56,-6,-5,108,-39,-7,148,-60,-15,179,-89,-21,84,-163,25,104,-217,11,131,-238,-4,156,-248,-14,71,-176,13,91,-240,3,124,-260,-9,152,-260,-16,56,-179,-4,69,-249,-16,101,-267,-23,128,-264,-25,41,-173,-23,48,-237,-35,74,-259,-39,101,-261,-39
304,698,0,56,-6,-3,108,-39,-5,147,-60,-13,179,-89,-19,83,-160,29,103,-212,17,130,-235,3,155,-246,-7,70,-173,17,88,-237,8,122,-258,-4,150,-259,-11,55,-177,-1,67,-247,-13,99,-266,-19,127,-263,-22,41,-172,-21,49,-236,-33,75,-258,-36,102,-260,-36
308,696,0,57,-6,-1,109,-38,-2,148,-59,-9,180,-88,-15,84,-162,31,104,-215,20,131,-237,6,156,-247,-3,71,-176,17,90,-241,9,124,-262,-3,151,-262,-10,55,-179,-1,68,-250,-12,101,-269,-19,129,-265,-22,41,-172,-21,50,-237,-33,76,-259,-36,103,-262,-37
331,696,0,57,-9,5,107,-44,8,142,-70,3,171,-103,-2,81,-157,51,98,-210,44,125,-229,30,149,-229,21,69,-168,35,89,-235,27,122,-247,11,147,-231,1,57,-173,14,76,-241,5,110,-252,-5,137,-236,-9,45,-169,-9,65,-226,-17,91,-246,-22,115,-245,-23
334,696,0,59,-9,10,106,-44,15,141,-70,11,171,-104,8,80,-155,63,98,-206,63,124,-224,52,148,-229,43,69,-167,45,90,-228,44,121,-241,29,148,-230,20,57,-172,22,77,-236,18,110,-249,10,137,-239,6,49,-168,-3,68,-224,-7,94,-245,-9,118,-248,-10
338,695,0,59,-10,13,105,-43,19,139,-71,16,170,-105,13,78,-153,67,96,-204,68,122,-223,58,146,-228,51,67,-165,48,88,-229,47,120,-243,33,146,-231,24,55,-171,23,75,-237,20,108,-249,12,136,-239,8,47,-168,-2,67,-225,-6,93,-246,-9,118,-249,-10
339,694,0,59,-9,12,106,-44,18,140,-71,15,170,-106,12,79,-154,66,96,-204,67,122,-222,57,146,-227,50,67,-166,47,87,-228,47,119,-242,34,146,-231,26,56,-171,24,75,-237,21,108,-250,14,135,-240,10,48,-168,-1,68,-225,-5,93,-246,-7,118,-249,-7
342,693,0,59,-9,12,106,-43,18,140,-71,15,169,-106,13,78,-153,66,95,-203,67,121,-222,57,145,-227,50,67,-165,47,87,-229,47,119,-242,34,145,-231,26,56,-171,24,75,-237,21,108,-250,13,135,-240,10,47,-169,-1,68,-225,-5,93,-246,-7,118,-248,-8
343,693,0,60,-10,13,106,-44,21,140,-71,19,169,-106,17,79,-153,70,96,-202,73,123,-222,65,146,-226,58,68,-165,52,88,-227,53,120,-242,40,146,-231,31,56,-171,28,76,-236,26,108,-250,18,136,-241,14,48,-169,2,68,-224,0,93,-246,-2,118,-249,-3
343,693,0,59,-10,13,107,-44,19,140,-70,16,170,-105,14,79,-152,67,96,-203,69,123,-222,60,147,-226,53,67,-164,48,87,-228,49,119,-242,36,147,-230,28,56,-170,24,75,-236,22,108,-248,15,135,-239,11,48,-167,-1,69,-223,-4,95,-244,-6,119,-246,-6
345,691,0,59,-9,11,106,-41,16,141,-69,13,171,-104,10,79,-151,65,97,-201,66,124,-220,57,148,-225,50,68,-164,47,89,-226,48,122,-241,36,148,-229,27,57,-170,25,77,-235,24,110,-248,16,137,-238,12,49,-168,2,70,-223,-1,96,-244,-3,121,-245,-3
344,692,0,59,-8,11,106,-42,18,141,-68,15,171,-103,13,80,-150,69,98,-199,72,124,-219,64,147,-225,57,70,-163,52,90,-224,53,122,-238,40,149,-227,32,59,-170,29,78,-233,28,111,-246,21,138,-237,17,51,-169,4,70,-222,3,96,-243,1,121,-246,1
345,691,0,60,-9,13,107,-41,20,141,-68,18,171,-104,16,80,-149,72,97,-200,76,124,-220,68,147,-225,61,69,-163,53,90,-225,55,122,-239,42,148,-226,34,58,-169,30,79,-233,29,112,-245,22,139,-234,17,50,-168,5,71,-222,3,97,-242,1,122,-245,1
344,694,0,59,-9,11,106,-43,17,140,-70,14,170,-105,12,79,-150,69,96,-200,72,123,-221,63,146,-225,56,69,-163,51,88,-225,53,121,-239,39,148,-227,31,57,-170,28,77,-233,27,111,-246,19,138,-235,15,49,-168,3,70,-221,2,96,-242,-1,120,-244,-2
343,694,0,60,-8,14,106,-42,22,140,-69,20,171,-104,19,79,-151,73,97,-200,77,123,-220,68,146,-225,62,68,-163,54,89,-225,56,121,-239,43,148,-226,34,57,-169,30,78,-232,29,111,-244,21,139,-234,16,49,-168,4,71,-221,2,96,-241,0,121,-244,-1
342,695,0,60,-9,15,107,-43,24,140,-70,22,170,-105,20,79,-151,77,97,-200,82,123,-219,74,146,-225,68,69,-163,57,90,-224,61,121,-238,48,148,-227,40,58,-170,32,78,-233,33,111,-245,26,139,-235,21,49,-169,6,71,-222,5,97,-241,3,121,-243,3
342,696,0,60,-9,14,107,-43,21,140,-70,18,170,-105,16,80,-151,72,96,-201,75,122,-222,66,145,-227,59,68,-163,52,89,-225,54,121,-240,40,148,-228,31,57,-169,28,77,-234,26,110,-246,18,138,-236,14,49,-168,1,70,-222,-1,96,-241,-3,122,-244,-4
341,697,0,60,-8,18,106,-44,28,140,-71,26,170,-106,25,79,-152,80,97,-201,86,123,-221,78,147,-226,72,68,-165,58,89,-226,62,121,-240,50,147,-228,41,58,-172,32,79,-235,33,112,-247,25,139,-235,20,50,-170,4,72,-223,3,98,-242,1,124,-243,1
340,698,0,59,-9,15,106,-44,23,139,-71,20,169,-106,19,80,-153,72,98,-202,76,124,-222,67,147,-227,60,69,-165,53,89,-226,55,121,-240,41,148,-229,32,58,-171,28,78,-234,27,110,-247,20,138,-237,15,49,-168,1,71,-221,0,97,-242,-2,120,-245,-3
341,698,0,60,-10,16,106,-43,24,139,-70,21,170,-105,20,79,-153,73,97,-203,77,124,-223,69,147,-228,62,69,-166,53,89,-227,56,122,-242,43,148,-230,34,58,-172,28,77,-236,28,110,-249,21,138,-239,16,50,-170,2,70,-223,1,96,-245,-1,120,-247,-2
340,700,0,60,-10,16,106,-45,24,140,-72,22,170,-106,21,79,-152,75,98,-202,79,123,-222,71,146,-228,64,69,-165,54,90,-226,57,121,-241,44,147,-230,35,58,-171,29,77,-235,30,109,-248,22,136,-239,17,49,-169,3,70,-223,2,95,-244,0,119,-247,0
340,699,0,60,-9,17,107,-44,26,141,-71,25,170,-105,25,80,-154,78,98,-202,84,125,-221,77,148,-227,70,70,-166,58,91,-227,62,123,-241,49,149,-230,41,58,-173,33,79,-236,34,113,-248,27,141,-238,22,51,-172,6,72,-225,6,98,-245,4,123,-248,4
340,701,0,59,-8,14,106,-43,21,139,-70,19,170,-105,17,80,-153,73,97,-202,77,123,-222,68,146,-228,60,68,-165,54,89,-226,56,122,-241,42,148,-230,33,57,-172,29,77,-235,29,110,-249,22,137,-239,17,49,-170,3,69,-223,2,94,-245,1,118,-249,0
339,702,0,60,-10,17,107,-44,26,140,-70,25,170,-105,24,80,-154,78,98,-203,85,123,-222,77,146,-228,71,69,-166,58,90,-226,63,122,-240,51,148,-228,42,58,-173,33,78,-235,35,110,-248,28,137,-239,24,49,-170,6,70,-224,7,95,-245,6,119,-247,5
341,703,0,59,-10,14,106,-44,21,139,-71,18,170,-106,16,79,-155,71,96,-205,74,122,-225,65,146,-230,58,68,-167,52,89,-229,53,121,-242,39,147,-230,30,57,-173,28,77,-237,27,110,-250,18,137,-240,13,48,-171,2,69,-226,0,94,-246,-2,119,-248,-3
343,704,0,59,-10,13,106,-43,19,139,-70,16,170,-105,14,78,-155,70,96,-204,73,122,-224,64,146,-230,58,67,-167,52,87,-228,53,119,-244,40,147,-232,32,55,-173,28,75,-237,27,108,-251,20,135,-242,16,47,-171,3,67,-225,1,93,-247,0,118,-251,-1
497,725,0,60,-2,-7,113,-28,-9,151,-51,-16,180,-86,-22,108,-128,34,142,-163,17,173,-160,-5,191,-143,-17,97,-147,25,137,-196,4,170,-189,-20,188,-161,-33,82,-159,10,120,-217,-8,154,-213,-24,176,-187,-30,65,-164,-7,98,-211,-21,128,-222,-29,155,-213,-32
495,723,0,60,-1,-8,113,-27,-9,152,-50,-16,181,-84,-22,107,-129,37,142,-164,19,174,-160,-3,193,-143,-17,96,-146,27,138,-195,6,171,-188,-20,189,-159,-34,82,-157,12,122,-215,-6,156,-211,-24,178,-185,-31,67,-162,-5,101,-208,-19,132,-217,-28,158,-208,-32
494,721,0,60,0,-6,114,-25,-7,153,-47,-13,183,-81,-18,108,-127,38,142,-163,22,174,-160,1,193,-143,-12,97,-146,28,139,-196,9,173,-189,-17,191,-160,-31,83,-157,13,123,-216,-5,159,-209,-23,180,-180,-31,68,-162,-5,103,-209,-19,135,-215,-29,160,-199,-33
492,720,0,60,2,-6,115,-22,-7,155,-43,-14,184,-78,-21,110,-126,36,147,-163,19,177,-158,-2,195,-140,-14,100,-145,25,144,-195,5,177,-185,-21,193,-154,-34,86,-156,10,128,-215,-9,162,-205,-26,182,-175,-34,70,-160,-8,106,-208,-23,137,-211,-32,163,-194,-36
489,723,0,60,1,-7,114,-21,-9,154,-43,-16,184,-77,-23,110,-121,35,147,-152,18,178,-146,-4,196,-130,-17,101,-140,25,145,-187,3,178,-177,-23,195,-148,-36,87,-154,9,130,-213,-11,164,-203,-28,184,-173,-36,71,-160,-8,106,-205,-24,138,-210,-34,163,-195,-38
486,727,0,60,1,-7,114,-20,-9,155,-42,-16,185,-76,-22,112,-124,35,149,-156,18,180,-148,-3,198,-130,-16,102,-143,25,146,-190,4,179,-180,-21,195,-151,-34,87,-154,9,130,-214,-9,165,-205,-26,185,-176,-34,71,-158,-8,107,-206,-23,139,-210,-32,165,-197,-36
487,729,0,60,2,-7,114,-21,-10,155,-41,-17,185,-75,-23,113,-126,33,149,-162,16,179,-158,-5,196,-141,-17,103,-145,23,145,-195,3,177,-186,-22,193,-157,-35,88,-156,8,128,-216,-10,163,-208,-27,184,-179,-34,72,-159,-9,107,-206,-24,139,-212,-33,164,-197,-37
489,732,0,60,1,-6,114,-22,-7,154,-43,-14,184,-77,-19,112,-129,35,149,-166,19,179,-161,-2,197,-143,-14,101,-148,25,143,-201,6,176,-193,-18,193,-164,-30,87,-159,10,126,-221,-8,162,-215,-24,184,-186,-31,72,-162,-8,107,-210,-22,138,-216,-31,164,-202,-35
490,732,0,61,0,-6,113,-22,-7,155,-42,-14,185,-75,-20,112,-127,36,147,-161,19,178,-157,-1,196,-140,-13,101,-145,26,142,-197,7,175,-191,-17,192,-164,-30,87,-157,10,125,-219,-7,160,-214,-23,183,-187,-30,73,-162,-8,106,-210,-21,138,-217,-29,164,-204,-33
491,731,0,60,3,-5,114,-20,-6,155,-40,-13,186,-73,-19,111,-128,35,145,-165,19,177,-162,-1,195,-145,-13,100,-147,25,140,-202,6,175,-198,-16,193,-170,-28,87,-158,9,125,-222,-8,161,-218,-23,185,-192,-30,73,-160,-9,107,-209,-23,140,-217,-32,167,-202,-35
492,732,0,59,2,-6,113,-20,-8,154,-40,-15,186,-74,-20,110,-128,34,142,-162,17,173,-156,-2,191,-137,-14,101,-147,24,138,-202,5,173,-198,-17,191,-170,-29,87,-159,8,123,-224,-10,160,-221,-25,184,-193,-31,73,-162,-9,106,-210,-24,139,-218,-32,165,-204,-35
491,731,0,59,3,-6,112,-19,-8,155,-38,-16,186,-71,-22,111,-128,35,143,-167,18,175,-163,-2,193,-147,-14,101,-147,24,138,-206,5,173,-201,-18,191,-172,-30,87,-158,8,123,-225,-9,161,-221,-24,185,-192,-31,74,-160,-10,108,-208,-24,141,-216,-32,167,-202,-35
492,732,0,58,4,-6,113,-19,-8,155,-39,-15,186,-72,-21,112,-127,34,144,-165,17,175,-163,-3,192,-147,-15,102,-146,24,139,-203,5,174,-199,-18,192,-172,-30,88,-158,8,124,-223,-10,161,-221,-25,186,-194,-31,74,-161,-10,108,-209,-24,140,-218,-33,166,-205,-35
493,731,0,60,2,-6,113,-20,-8,154,-39,-16,186,-72,-23,112,-129,33,142,-168,15,175,-165,-6,194,-148,-18,102,-148,22,140,-205,2,175,-199,-20,195,-171,-32,89,-160,6,125,-226,-12,163,-221,-27,188,-194,-32,75,-161,-12,108,-210,-27,142,-219,-34,169,-206,-37
493,730,0,58,5,-7,112,-18,-9,154,-38,-17,187,-70,-23,113,-127,31,144,-169,14,175,-169,-6,195,-154,-18,103,-146,21,140,-204,2,174,-200,-21,193,-172,-33,89,-158,6,125,-224,-12,162,-220,-27,186,-194,-32,74,-160,-11,108,-208,-26,141,-218,-34,168,-206,-37
494,729,0,59,5,-6,113,-18,-9,155,-36,-16,187,-69,-23,114,-127,32,145,-167,14,177,-166,-6,197,-152,-18,104,-148,21,141,-206,1,177,-202,-21,196,-174,-33,90,-159,5,126,-228,-13,164,-224,-27,189,-196,-33,76,-161,-12,109,-211,-27,144,-219,-35,170,-207,-38
493,730,0,59,4,-6,113,-19,-8,154,-36,-15,188,-69,-22,112,-127,31,142,-166,14,174,-164,-6,194,-149,-18,102,-147,21,139,-205,1,175,-200,-20,194,-172,-31,90,-158,5,125,-226,-13,163,-223,-27,188,-196,-31,76,-160,-13,110,-209,-27,143,-218,-34,171,-206,-36
494,729,0,59,5,-5,113,-19,-7,155,-35,-15,188,-68,-21,111,-130,31,141,-167,14,174,-166,-6,194,-151,-18,102,-148,20,139,-208,1,175,-204,-20,197,-178,-30,89,-160,4,124,-229,-14,163,-227,-27,190,-202,-32,76,-160,-14,110,-210,-28,145,-219,-36,173,-207,-38
494,728,0,59,6,-4,113,-16,-6,156,-34,-13,188,-67,-19,112,-127,31,143,-170,15,175,-172,-5,197,-159,-16,103,-147,20,138,-209,2,174,-206,-19,195,-179,-30,90,-158,4,124,-229,-14,163,-226,-28,190,-200,-33,77,-159,-14,112,-209,-29,146,-217,-37,174,-203,-40
495,727,0,58,6,-5,114,-17,-7,156,-34,-14,189,-65,-20,112,-128,30,143,-173,12,176,-175,-8,197,-160,-19,102,-147,19,139,-210,0,175,-206,-21,196,-178,-32,89,-158,3,124,-229,-15,163,-225,-29,189,-198,-35,76,-159,-15,111,-208,-29,146,-216,-38,174,-202,-41
493,727,0,58,6,-4,113,-16,-6,156,-33,-13,189,-64,-19,112,-127,32,141,-170,16,174,-172,-4,196,-158,-15,102,-146,21,138,-207,3,175,-205,-18,195,-177,-28,90,-157,4,125,-226,-13,164,-224,-26,190,-197,-32,78,-158,-14,113,-206,-28,147,-214,-35,175,-201,-38
492,726,0,59,6,-2,114,-15,-3,157,-31,-11,190,-62,-17,112,-126,35,142,-168,19,175,-169,0,197,-155,-11,103,-146,22,138,-208,5,176,-204,-15,197,-176,-26,90,-157,5,125,-229,-12,165,-224,-25,191,-197,-31,78,-157,-14,114,-206,-28,149,-213,-35,178,-198,-38
490,726,0,58,6,-4,114,-15,-6,156,-32,-13,190,-63,-19,111,-127,33,142,-171,17,174,-173,-2,196,-159,-14,101,-145,22,138,-208,4,175,-204,-17,196,-175,-28,89,-156,5,125,-226,-12,164,-222,-26,190,-193,-32,77,-156,-13,115,-204,-27,150,-210,-34,177,-197,-37
489,726,0,59,6,-3,114,-15,-4,156,-33,-11,189,-63,-17,111,-127,34,140,-175,19,172,-179,0,194,-166,-11,102,-145,23,137,-210,6,172,-207,-15,194,-179,-26,90,-155,6,125,-226,-11,163,-223,-25,189,-195,-31,78,-155,-13,114,-203,-26,149,-210,-34,177,-197,-37
488,726,0,59,6,-3,114,-16,-5,156,-33,-12,189,-63,-17,111,-128,34,139,-175,19,171,-178,-1,194,-166,-12,101,-147,23,135,-211,5,171,-209,-15,194,-183,-26,89,-156,6,123,-228,-11,163,-224,-25,189,-198,-31,78,-156,-13,114,-204,-26,149,-212,-34,177,-199,-37
486,727,0,59,5,-5,114,-17,-6,156,-34,-13,189,-64,-18,112,-130,33,139,-178,18,172,-183,-1,195,-172,-12,102,-146,22,136,-210,5,172,-209,-15,193,-183,-26,89,-156,6,123,-225,-10,162,-222,-24,188,-196,-30,77,-155,-11,113,-203,-25,148,-210,-32,175,-198,-35
485,726,0,60,6,-3,115,-16,-4,157,-33,-11,190,-61,-16,112,-130,34,141,-177,19,173,-183,1,197,-172,-11,101,-148,23,136,-210,7,172,-210,-13,194,-184,-25,88,-156,6,123,-225,-10,162,-224,-24,188,-199,-29,77,-155,-12,114,-202,-25,149,-210,-32,176,-199,-35
483,726,0,60,6,-2,115,-14,-3,157,-30,-10,191,-58,-16,110,-130,36,140,-176,21,173,-181,2,197,-170,-9,100,-147,23,136,-210,7,173,-207,-14,196,-182,-25,88,-156,6,124,-225,-11,164,-222,-25,191,-195,-30,78,-153,-13,116,-201,-27,152,-207,-34,180,-195,-37
480,727,0,61,7,1,116,-15,0,157,-30,-7,192,-56,-13,107,-132,36,139,-180,23,173,-184,7,198,-172,-4,97,-148,23,135,-212,9,173,-209,-9,197,-182,-18,86,-155,5,125,-224,-9,166,-219,-21,193,-192,-26,78,-150,-14,118,-197,-26,154,-203,-33,183,-190,-35
480,728,0,61,8,3,117,-14,3,159,-30,-5,192,-54,-10,108,-139,36,141,-187,24,176,-190,7,202,-176,-3,97,-155,22,135,-221,9,177,-217,-7,202,-191,-16,87,-161,3,128,-232,-11,171,-226,-23,199,-199,-27,80,-155,-17,123,-201,-29,160,-205,-35,188,-192,-37
481,729,0,60,6,2,116,-14,1,159,-28,-8,193,-50,-15,112,-137,32,146,-187,17,182,-186,-1,206,-167,-11,100,-153,17,139,-224,3,178,-219,-14,202,-189,-23,89,-160,-1,130,-235,-16,172,-226,-27,198,-197,-31,80,-153,-21,122,-203,-34,159,-206,-40,186,-191,-41
473,737,0,62,8,4,119,-13,3,161,-27,-6,194,-45,-13,119,-135,32,155,-184,17,191,-177,-1,213,-154,-11,106,-151,16,148,-223,1,189,-214,-16,210,-180,-25,95,-157,-4,137,-235,-19,180,-223,-30,204,-188,-34,86,-151,-25,128,-202,-39,165,-202,-45,192,-183,-46
470,739,0,63,7,5,120,-14,4,162,-27,-4,194,-45,-12,119,-132,31,155,-183,15,190,-175,-3,212,-149,-12,107,-148,14,148,-219,-2,188,-207,-19,208,-173,-27,95,-153,-7,136,-230,-23,179,-216,-33,202,-181,-37,85,-147,-29,126,-197,-44,163,-197,-50,189,-177,-52
467,741,0,63,7,6,121,-15,6,162,-27,-2,194,-46,-9,119,-134,31,157,-188,14,192,-179,-4,214,-153,-13,106,-149,13,149,-224,-5,190,-211,-21,211,-177,-29,95,-153,-8,137,-231,-25,181,-218,-36,206,-183,-39,86,-146,-31,126,-199,-46,165,-198,-52,192,-178,-54
462,743,0,64,6,8,123,-15,9,163,-29,2,194,-47,-5,123,-134,34,157,-187,17,192,-179,-1,213,-154,-12,110,-149,15,152,-220,-3,192,-206,-22,210,-170,-32,98,-154,-7,140,-229,-23,182,-216,-35,205,-181,-40,88,-147,-30,128,-198,-44,166,-199,-52,193,-181,-54
462,745,0,63,6,5,121,-15,5,161,-29,-3,194,-48,-10,121,-135,32,156,-189,14,191,-180,-5,213,-155,-16,109,-149,14,152,-222,-5,192,-207,-26,210,-170,-37,97,-154,-7,140,-230,-25,181,-215,-39,204,-179,-44,87,-148,-30,128,-199,-45,166,-199,-53,193,-178,-56
461,744,0,64,7,6,121,-15,6,162,-29,-2,194,-49,-9,123,-135,33,159,-186,16,194,-176,-4,214,-151,-15,111,-150,16,154,-220,-4,194,-205,-24,210,-168,-35,99,-156,-6,143,-230,-23,184,-215,-36,206,-179,-42,89,-150,-29,129,-200,-43,168,-200,-50,194,-180,-53
457,746,0,65,5,8,121,-16,9,161,-30,1,193,-50,-5,116,-135,36,152,-185,20,187,-176,1,210,-153,-10,105,-149,18,150,-217,1,190,-202,-18,209,-167,-28,94,-153,-4,139,-227,-20,181,-212,-31,204,-177,-36,87,-147,-27,128,-197,-40,165,-197,-46,192,-177,-48
450,745,0,66,6,7,123,-14,7,163,-27,0,194,-49,-7,117,-134,35,153,-186,19,189,-182,0,212,-161,-10,106,-149,17,150,-218,1,189,-208,-18,209,-176,-28,96,-153,-4,140,-226,-19,181,-214,-31,204,-182,-36,88,-144,-26,130,-191,-39,168,-192,-45,195,-177,-48
447,746,0,65,4,4,122,-15,4,163,-28,-3,193,-50,-8,113,-136,31,150,-186,15,186,-182,-3,211,-164,-14,102,-149,17,149,-216,1,187,-207,-17,208,-178,-26,94,-153,-2,139,-221,-17,179,-213,-28,203,-184,-32,87,-143,-22,128,-188,-35,165,-191,-41,193,-177,-43
446,745,0,64,4,8,121,-16,8,162,-29,1,193,-51,-5,110,-138,36,148,-185,21,185,-180,3,210,-160,-8,99,-153,19,148,-218,4,187,-207,-13,208,-178,-22,91,-155,-2,139,-224,-16,180,-214,-27,205,-184,-31,86,-145,-23,130,-190,-35,167,-192,-41,196,-178,-43
436,742,0,63,3,4,118,-16,1,160,-29,-8,194,-49,-17,100,-139,30,140,-186,16,177,-187,0,204,-173,-10,89,-153,15,137,-216,2,177,-209,-13,200,-184,-21,82,-154,-3,129,-220,-16,170,-213,-24,194,-187,-27,80,-142,-24,122,-187,-34,158,-192,-37,184,-183,-37
433,738,0,61,4,3,117,-14,-1,160,-26,-11,194,-46,-20,100,-137,27,141,-186,12,179,-186,-4,205,-172,-14,90,-152,12,139,-214,-2,178,-206,-16,201,-181,-24,82,-152,-7,131,-218,-19,171,-210,-26,197,-186,-29,80,-140,-26,124,-184,-36,160,-190,-39,186,-181,-38
428,732,0,60,3,1,117,-14,-5,159,-24,-18,195,-43,-29,100,-134,24,141,-180,8,179,-180,-9,205,-167,-20,89,-148,10,138,-207,-5,177,-199,-20,202,-175,-29,82,-148,-8,130,-209,-21,171,-202,-29,197,-179,-32,79,-133,-27,124,-175,-37,157,-181,-39,183,-174,-39
422,712,0,63,3,0,121,-10,-5,162,-19,-16,196,-40,-25,102,-134,23,146,-182,9,183,-180,-7,210,-164,-15,89,-147,10,143,-205,-5,183,-194,-20,206,-164,-27,82,-145,-6,135,-205,-18,176,-194,-25,199,-166,-27,79,-130,-23,126,-171,-31,159,-177,-32,183,-166,-31
427,715,0,61,2,-5,119,-13,-12,161,-23,-23,195,-43,-32,97,-136,20,141,-183,6,178,-182,-9,206,-168,-16,85,-149,11,137,-206,-1,176,-197,-15,200,-170,-21,77,-146,-1,128,-204,-11,168,-197,-16,193,-172,-17,76,-131,-16,120,-171,-22,151,-178,-22,175,-171,-19
428,716,0,62,2,-1,119,-14,-8,161,-25,-19,195,-43,-29,95,-135,22,139,-181,10,176,-184,-3,203,-172,-11,83,-148,11,135,-204,0,174,-197,-12,199,-173,-17,76,-146,-3,128,-204,-12,168,-198,-16,193,-175,-15,76,-130,-19,120,-170,-24,152,-178,-23,176,-173,-20
518,705,0,55,9,-27,113,-10,-37,158,-22,-41,197,-34,-42,94,-130,-6,142,-184,-11,178,-189,-16,203,-180,-18,81,-147,7,129,-210,5,167,-210,2,193,-192,2,73,-146,15,115,-205,14,151,-207,12,177,-193,13,70,-132,21,107,-175,21,135,-184,22,156,-183,26
523,701,0,55,10,-28,113,-7,-38,159,-19,-43,197,-29,-42,95,-128,-9,144,-183,-14,180,-188,-19,207,-179,-20,81,-145,5,132,-210,3,169,-210,0,196,-190,1,73,-145,15,117,-206,14,154,-206,12,178,-190,14,72,-131,23,110,-176,23,138,-183,25,159,-180,29
535,695,0,58,8,-18,115,-7,-26,159,-18,-32,198,-29,-34,96,-137,4,144,-190,-3,181,-192,-9,209,-181,-12,84,-153,9,135,-216,5,173,-212,1,199,-189,0,78,-152,11,124,-214,7,162,-210,5,188,-190,7,79,-136,11,119,-182,9,150,-190,11,174,-184,14
534,693,0,59,9,-17,115,-6,-25,159,-18,-32,197,-29,-35,98,-137,6,144,-190,-2,181,-192,-10,207,-179,-13,85,-153,9,133,-216,5,171,-210,-1,197,-187,-2,77,-150,10,122,-212,5,159,-209,3,185,-188,4,76,-135,7,116,-181,5,146,-188,5,169,-184,9
533,689,0,58,7,-18,116,-6,-25,160,-17,-30,198,-28,-32,99,-138,8,144,-187,3,181,-191,-4,207,-182,-7,86,-153,14,134,-213,10,170,-209,5,195,-186,3,78,-150,15,121,-211,12,157,-210,8,182,-190,9,77,-135,15,116,-181,12,143,-191,13,165,-188,16
513,495,0,62,17,16,115,5,23,157,-7,19,195,-40,16,110,-125,75,146,-164,81,180,-173,73,208,-169,67,104,-143,56,142,-196,61,181,-198,48,209,-176,37,95,-155,32,133,-212,35,172,-212,27,201,-193,21,88,-156,7,125,-201,8,159,-212,7,188,-205,6
515,496,0,59,17,16,113,5,23,156,-8,20,195,-40,17,109,-126,78,145,-166,85,179,-175,79,206,-171,72,102,-145,58,141,-198,66,180,-201,54,208,-179,45,94,-157,35,132,-213,41,171,-215,34,200,-196,28,88,-157,9,125,-202,13,158,-213,13,187,-209,13
515,496,0,61,15,19,115,4,28,158,-7,25,196,-39,22,110,-125,81,144,-167,90,177,-177,83,205,-174,76,104,-144,60,142,-198,68,180,-200,54,208,-177,44,96,-157,35,133,-213,40,172,-213,32,201,-192,25,90,-158,8,127,-202,11,160,-212,10,189,-205,9
513,495,0,62,18,19,115,6,28,159,-6,24,196,-38,22,111,-124,83,145,-164,92,179,-174,86,206,-170,80,105,-143,62,143,-195,71,182,-198,59,210,-174,50,97,-155,36,135,-210,43,173,-211,37,202,-192,32,90,-156,9,128,-200,14,161,-211,14,188,-205,14
515,497,0,61,16,18,115,5,26,158,-7,22,196,-38,19,110,-126,80,146,-167,87,179,-177,80,206,-173,74,104,-145,59,142,-199,67,181,-202,55,209,-178,45,96,-156,34,133,-213,40,173,-214,34,202,-193,28,90,-157,7,127,-201,11,161,-211,12,189,-205,11
515,497,0,62,17,19,115,5,27,158,-7,24,196,-39,22,111,-125,82,145,-165,91,179,-176,85,206,-172,79,105,-144,61,143,-197,70,182,-200,58,210,-177,48,97,-156,35,134,-211,42,174,-211,36,203,-191,30,90,-156,8,127,-199,13,161,-209,13,190,-204,13
516,496,0,62,17,23,115,6,33,158,-6,30,196,-39,28,110,-125,88,146,-164,99,180,-173,95,208,-170,90,103,-144,65,142,-198,76,182,-199,65,210,-176,56,96,-156,38,134,-212,47,174,-211,41,203,-190,36,90,-156,10,128,-200,16,162,-209,17,190,-201,17
517,497,0,61,16,20,114,5,28,157,-6,24,196,-38,21,111,-127,82,146,-166,91,179,-176,86,206,-172,80,105,-146,61,143,-198,70,183,-200,59,211,-176,50,97,-157,35,135,-211,42,175,-210,37,204,-189,32,92,-157,8,128,-200,13,163,-209,14,191,-202,14
519,497,0,61,15,18,114,5,25,158,-6,21,196,-38,17,110,-126,78,145,-168,84,179,-178,77,206,-174,71,103,-145,57,142,-200,62,182,-202,50,210,-178,41,96,-156,31,134,-214,35,175,-214,29,204,-192,24,90,-156,4,127,-201,7,162,-211,7,191,-203,7
520,497,0,62,17,18,115,5,25,158,-7,21,196,-37,18,110,-122,76,143,-168,82,177,-177,75,205,-172,69,103,-141,55,142,-197,60,182,-198,49,209,-172,41,96,-151,30,134,-208,33,175,-208,27,202,-185,23,90,-151,3,128,-196,5,163,-205,5,190,-196,6
524,497,0,60,18,17,115,6,25,159,-7,21,196,-36,19,110,-124,75,144,-169,80,179,-177,74,207,-171,69,104,-144,55,142,-201,60,182,-201,50,209,-175,43,97,-154,30,135,-213,34,175,-211,29,203,-188,26,92,-153,5,130,-199,6,165,-206,7,193,-195,8
608,422,0,63,16,30,114,2,41,158,-9,37,195,-41,33,105,-129,100,142,-169,112,179,-180,108,207,-176,103,101,-147,71,142,-203,83,184,-204,73,211,-180,66,97,-156,39,138,-216,48,180,-211,45,209,-188,42,96,-152,5,138,-198,12,174,-204,15,203,-197,17
609,422,0,63,16,35,114,1,48,157,-10,45,195,-42,42,107,-129,105,143,-170,120,181,-178,117,208,-174,113,102,-148,74,144,-203,87,186,-203,78,213,-178,70,98,-158,39,139,-218,49,182,-212,47,211,-188,44,97,-154,3,138,-201,10,176,-208,14,205,-199,16
608,418,0,64,17,39,115,3,56,157,-9,57,196,-40,58,105,-130,117,143,-168,137,179,-176,136,207,-173,134,102,-149,86,144,-201,104,187,-201,96,214,-175,88,99,-160,50,139,-215,65,183,-209,63,212,-186,60,98,-156,14,140,-200,25,177,-205,30,205,-197,32
610,418,0,63,17,38,116,3,55,157,-9,56,196,-40,56,106,-132,114,143,-170,133,179,-178,132,208,-174,129,102,-152,84,145,-202,101,187,-200,92,214,-174,84,99,-162,49,141,-215,64,184,-209,61,213,-185,57,98,-158,14,141,-201,25,177,-206,30,205,-199,32
608,416,0,64,19,38,115,4,55,158,-9,56,196,-38,57,106,-130,115,143,-169,135,179,-176,134,207,-172,130,103,-150,85,144,-201,104,185,-201,95,213,-176,87,99,-161,50,139,-216,65,183,-210,64,211,-186,60,98,-158,15,139,-202,26,176,-206,31,204,-196,34
607,417,0,64,18,40,116,3,58,158,-10,60,196,-40,61,106,-131,117,142,-171,137,178,-178,136,207,-174,133,102,-150,85,144,-202,104,186,-203,95,213,-177,87,99,-161,49,140,-215,65,183,-211,63,211,-187,59,98,-158,13,140,-202,24,177,-207,29,206,-198,31
606,418,0,64,18,38,116,3,55,158,-10,56,195,-42,56,105,-131,114,142,-171,133,178,-180,132,206,-176,128,102,-150,83,143,-204,101,186,-204,92,214,-179,84,99,-162,48,140,-218,62,184,-212,60,213,-188,56,97,-159,13,139,-204,23,177,-208,28,206,-197,30
603,417,0,63,18,40,116,4,59,158,-10,60,195,-41,62,106,-131,120,142,-169,141,178,-178,141,206,-174,138,102,-151,88,145,-201,108,186,-201,99,213,-176,91,100,-162,52,141,-215,68,183,-209,66,212,-186,62,99,-160,16,141,-202,28,178,-205,33,207,-196,35
601,418,0,63,18,41,115,3,59,158,-9,61,195,-41,62,105,-131,120,142,-170,141,179,-178,141,208,-174,138,102,-152,89,144,-203,109,186,-203,100,214,-177,92,99,-163,52,140,-217,69,184,-211,67,213,-187,63,98,-161,16,141,-204,28,177,-206,33,206,-196,36
599,419,0,64,17,41,116,2,60,158,-11,62,195,-43,63,105,-129,123,141,-170,146,177,-180,146,205,-176,145,102,-149,91,143,-202,113,185,-203,106,213,-179,99,99,-162,55,139,-216,72,182,-212,71,211,-189,68,98,-161,18,139,-204,31,176,-207,36,205,-198,39
596,420,0,65,16,42,115,0,61,158,-12,62,195,-43,61,106,-128,123,141,-168,144,177,-178,144,205,-175,141,102,-147,90,141,-202,110,183,-205,101,211,-181,93,98,-159,51,137,-217,68,181,-212,65,209,-189,61,97,-158,13,138,-202,25,175,-205,30,204,-194,31
593,418,0,65,17,43,116,2,62,158,-10,63,195,-43,64,106,-127,123,141,-167,145,177,-177,146,206,-173,143,102,-147,89,141,-201,110,183,-203,102,211,-179,95,99,-158,51,138,-215,68,180,-210,65,210,-187,61,97,-156,13,138,-201,25,176,-203,30,204,-193,32
588,418,0,64,16,39,116,0,55,158,-11,55,195,-44,54,107,-130,113,142,-172,131,179,-180,129,208,-176,126,103,-148,81,142,-203,98,184,-205,89,212,-180,81,99,-159,45,138,-215,59,181,-211,57,209,-188,53,96,-156,8,137,-201,19,174,-206,24,201,-197,26
335,469,0,64,-3,14,117,-30,19,154,-47,12,183,-81,5,104,-151,58,131,-207,45,164,-214,24,189,-202,11,92,-164,33,124,-231,18,162,-233,-7,185,-205,-22,79,-169,3,111,-236,-11,148,-239,-27,172,-217,-35,67,-160,-29,96,-214,-41,127,-231,-49,152,-228,-53
334,471,0,63,-3,11,118,-30,14,155,-47,6,182,-82,-1,105,-156,52,135,-212,35,167,-219,14,191,-204,2,93,-168,28,126,-237,12,164,-239,-12,187,-208,-26,79,-172,0,112,-242,-14,149,-244,-29,172,-219,-37,67,-163,-30,96,-217,-43,127,-235,-51,151,-231,-54
322,564,0,62,-4,4,114,-30,1,151,-46,-9,182,-82,-18,101,-153,30,126,-213,16,160,-225,-1,188,-215,-12,88,-167,13,116,-241,-1,156,-247,-19,183,-220,-31,75,-171,-8,102,-244,-19,141,-249,-31,168,-226,-39,63,-160,-29,89,-216,-39,120,-235,-46,146,-232,-49
323,564,0,62,-5,3,113,-30,-1,151,-46,-11,182,-82,-21,101,-153,27,126,-214,13,159,-227,-4,187,-218,-15,88,-167,11,115,-241,-3,155,-248,-21,183,-221,-33,74,-170,-9,101,-244,-20,140,-250,-32,168,-226,-39,64,-160,-30,89,-216,-40,121,-236,-47,146,-232,-50
324,563,0,62,-4,2,113,-29,-1,152,-45,-12,182,-82,-22,100,-153,27,126,-214,13,159,-226,-4,186,-218,-14,87,-167,12,115,-241,-2,155,-248,-21,182,-220,-32,74,-171,-8,102,-244,-19,140,-249,-31,168,-226,-38,62,-161,-29,88,-217,-38,121,-236,-45,146,-231,-48
325,563,0,61,-5,1,113,-29,-4,152,-45,-15,183,-81,-25,100,-154,25,124,-215,10,159,-228,-8,186,-220,-18,87,-168,10,115,-243,-5,154,-249,-23,183,-222,-34,73,-172,-9,101,-245,-21,139,-251,-32,166,-229,-39,61,-161,-30,88,-217,-39,119,-238,-45,144,-235,-48
324,563,0,62,-5,2,111,-30,-2,151,-45,-14,182,-81,-25,99,-151,27,122,-212,13,156,-225,-4,184,-218,-15,86,-165,11,112,-238,-3,153,-246,-21,181,-219,-33,72,-168,-9,101,-241,-20,139,-247,-32,167,-224,-39,62,-158,-30,89,-214,-39,120,-233,-45,145,-230,-49
325,564,0,62,-6,3,112,-32,-1,151,-47,-12,182,-82,-22,97,-154,30,121,-212,17,156,-227,0,184,-221,-10,85,-167,13,112,-240,1,152,-246,-17,180,-221,-28,73,-170,-7,100,-242,-17,138,-248,-28,166,-227,-34,62,-160,-29,88,-215,-37,120,-234,-42,145,-230,-44
326,562,0,62,-5,3,112,-30,0,150,-46,-11,182,-82,-21,97,-153,29,122,-212,16,155,-225,0,183,-220,-10,85,-167,13,111,-239,0,152,-245,-17,179,-220,-27,72,-171,-7,99,-242,-17,138,-248,-28,166,-228,-34,62,-160,-28,89,-215,-37,120,-232,-42,146,-229,-44
328,561,0,60,-4,-1,111,-30,-6,151,-47,-17,183,-81,-27,99,-154,22,123,-214,7,157,-228,-10,184,-221,-20,85,-168,8,112,-242,-6,151,-248,-23,179,-224,-33,71,-171,-10,98,-244,-22,136,-250,-32,164,-230,-38,61,-160,-30,86,-215,-40,117,-234,-45,142,-231,-48
328,560,0,60,-4,1,110,-30,-4,150,-47,-16,183,-81,-27,97,-153,23,121,-214,8,155,-229,-9,185,-222,-19,84,-167,7,109,-242,-7,151,-249,-25,180,-222,-35,70,-170,-12,96,-245,-24,137,-251,-35,165,-229,-41,59,-158,-32,87,-214,-43,118,-233,-49,144,-229,-52
326,560,0,61,-5,1,112,-30,-4,150,-46,-16,183,-80,-27,98,-150,23,122,-210,8,155,-225,-9,183,-219,-20,86,-163,8,112,-236,-7,150,-245,-25,179,-221,-36,71,-166,-12,98,-238,-24,136,-247,-35,164,-227,-42,60,-155,-32,86,-210,-42,116,-231,-49,143,-229,-52
326,561,0,61,-5,3,112,-30,-1,150,-47,-12,182,-82,-22,98,-152,26,123,-209,13,157,-224,-3,185,-218,-13,85,-166,10,113,-238,-3,151,-246,-20,179,-222,-31,71,-169,-10,98,-241,-21,136,-248,-32,164,-229,-39,59,-157,-31,87,-212,-41,117,-232,-47,144,-229,-50
327,562,0,62,-7,2,113,-31,-3,150,-49,-14,182,-82,-25,97,-152,24,120,-214,8,154,-228,-9,183,-221,-19,85,-166,8,110,-240,-7,150,-248,-25,179,-223,-36,70,-168,-11,98,-242,-24,137,-249,-36,165,-228,-42,60,-157,-32,87,-213,-43,117,-232,-49,144,-228,-52
328,562,0,62,-6,1,112,-32,-4,151,-48,-16,182,-82,-27,98,-154,22,121,-216,5,156,-231,-12,184,-223,-23,84,-167,6,110,-243,-9,151,-251,-27,179,-226,-38,70,-169,-13,97,-244,-25,136,-251,-37,164,-230,-43,60,-159,-33,86,-214,-44,117,-234,-50,143,-230,-53
328,562,0,61,-5,1,111,-32,-4,149,-48,-15,182,-82,-26,98,-153,21,121,-215,5,155,-229,-12,183,-222,-22,84,-166,6,109,-241,-9,149,-249,-26,178,-225,-36,70,-169,-13,97,-243,-26,135,-251,-36,163,-231,-42,60,-157,-34,86,-213,-44,116,-233,-50,141,-231,-53
327,563,0,60,-6,0,111,-32,-4,149,-49,-16,182,-83,-26,98,-152,23,122,-213,8,156,-228,-9,184,-222,-19,85,-165,8,111,-241,-6,150,-249,-23,179,-225,-33,71,-168,-11,97,-243,-23,135,-252,-33,162,-232,-39,61,-158,-32,87,-214,-42,117,-234,-47,142,-232,-50
326,562,0,62,-5,3,112,-31,-1,150,-48,-12,182,-83,-22,98,-151,26,123,-211,12,157,-226,-4,185,-222,-14,85,-164,10,112,-239,-4,152,-247,-20,181,-223,-31,72,-167,-10,99,-243,-21,137,-251,-32,164,-231,-38,62,-158,-31,89,-214,-41,119,-233,-47,145,-230,-50
325,564,0,61,-6,2,111,-31,-1,149,-49,-12,181,-84,-22,99,-150,27,122,-210,12,154,-225,-4,183,-222,-14,86,-164,11,111,-237,-3,150,-246,-20,179,-224,-30,73,-167,-9,99,-240,-21,137,-249,-32,165,-230,-37,62,-156,-31,88,-213,-41,119,-232,-46,144,-229,-49
324,564,0,62,-6,3,113,-31,0,150,-49,-9,181,-84,-18,100,-152,27,124,-210,13,157,-225,-3,185,-222,-13,87,-166,11,114,-237,-2,153,-246,-19,181,-224,-30,74,-168,-9,101,-240,-21,138,-249,-31,166,-232,-37,62,-158,-30,87,-214,-40,117,-233,-46,142,-231,-49
326,564,0,61,-6,0,112,-32,-4,149,-50,-14,180,-86,-23,100,-154,22,124,-213,6,156,-229,-11,184,-224,-21,86,-167,7,113,-240,-7,151,-248,-23,178,-227,-33,71,-170,-11,100,-242,-23,136,-251,-33,163,-234,-38,61,-159,-31,86,-214,-41,115,-235,-47,139,-234,-49
324,563,0,61,-6,2,112,-32,-2,149,-50,-13,180,-86,-23,99,-151,23,123,-213,7,155,-228,-10,183,-222,-20,86,-165,7,112,-239,-8,151,-247,-24,178,-223,-34,72,-167,-12,99,-241,-24,136,-249,-34,163,-229,-39,60,-156,-33,86,-213,-43,115,-233,-49,139,-230,-50
323,563,0,61,-6,0,112,-31,-4,149,-50,-16,180,-86,-26,98,-152,22,122,-213,6,154,-228,-11,183,-224,-21,84,-165,7,111,-239,-7,149,-248,-24,178,-225,-34,71,-167,-12,99,-240,-23,135,-250,-33,163,-233,-38,61,-156,-32,87,-212,-42,116,-233,-46,140,-232,-48
322,562,0,61,-6,1,113,-30,-2,151,-50,-12,181,-85,-21,98,-153,23,122,-213,8,155,-228,-8,183,-223,-18,84,-165,8,112,-238,-6,151,-247,-21,178,-224,-31,71,-168,-10,100,-239,-22,136,-249,-31,162,-232,-36,60,-158,-30,87,-212,-39,116,-233,-44,140,-233,-46
323,563,0,61,-7,1,112,-32,-3,150,-51,-14,180,-87,-24,98,-153,22,121,-214,6,154,-230,-11,182,-224,-21,84,-165,7,111,-240,-8,150,-247,-25,178,-224,-35,71,-168,-12,99,-240,-25,135,-250,-35,162,-232,-40,59,-158,-33,85,-213,-43,114,-235,-48,138,-234,-50
322,563,0,62,-7,1,113,-32,-3,150,-50,-14,180,-87,-24,98,-152,22,121,-214,6,154,-229,-11,182,-223,-21,85,-165,7,112,-238,-9,150,-246,-26,178,-224,-36,71,-167,-13,99,-239,-25,136,-249,-35,163,-232,-41,61,-156,-33,86,-213,-43,115,-234,-48,139,-233,-51
323,561,0,61,-5,2,112,-30,-2,150,-48,-12,181,-85,-22,97,-152,25,122,-214,10,155,-229,-6,184,-224,-16,84,-165,10,112,-241,-4,150,-250,-20,179,-225,-30,71,-168,-9,98,-244,-20,135,-252,-30,162,-232,-35,60,-159,-30,86,-217,-39,115,-236,-44,140,-233,-46
321,563,0,60,-6,1,111,-32,-3,149,-50,-14,180,-86,-24,97,-151,24,120,-212,9,152,-228,-8,180,-225,-19,84,-164,8,110,-238,-6,149,-248,-23,177,-225,-33,71,-167,-10,98,-240,-22,135,-250,-32,162,-232,-38,60,-156,-31,85,-213,-40,115,-233,-46,140,-232,-49
322,563,0,60,-4,-1,112,-30,-5,150,-50,-15,180,-87,-24,98,-152,22,121,-214,7,153,-229,-9,182,-226,-20,84,-165,8,112,-239,-6,150,-249,-22,178,-227,-33,71,-168,-10,98,-241,-21,134,-252,-32,161,-234,-38,59,-158,-29,85,-215,-39,113,-235,-45,138,-235,-48
321,563,0,60,-4,0,111,-30,-4,150,-49,-15,180,-87,-24,96,-151,22,120,-213,7,153,-229,-9,181,-225,-19,83,-164,8,110,-238,-6,149,-248,-23,177,-226,-33,69,-166,-11,97,-240,-22,134,-250,-32,161,-232,-37,59,-157,-30,84,-213,-40,114,-234,-45,138,-232,-48
319,566,0,60,-6,-1,111,-32,-5,149,-51,-16,179,-88,-27,98,-151,20,120,-213,4,151,-229,-13,180,-225,-23,84,-163,6,110,-238,-9,149,-248,-26,176,-226,-37,71,-166,-13,98,-240,-25,134,-251,-36,161,-233,-42,59,-155,-33,84,-213,-44,113,-234,-50,137,-233,-52
316,565,0,59,-4,-6,112,-31,-12,150,-51,-22,180,-86,-32,100,-151,16,124,-212,-2,155,-228,-20,183,-225,-31,86,-164,4,113,-235,-11,149,-247,-28,177,-227,-38,72,-166,-11,100,-236,-24,133,-249,-34,160,-235,-39,59,-156,-29,84,-210,-39,111,-233,-45,133,-236,-47
315,564,0,58,-5,-3,112,-31,-8,150,-51,-17,179,-88,-26,99,-150,20,123,-211,4,153,-227,-13,181,-226,-23,85,-164,7,113,-235,-7,149,-246,-24,178,-228,-34,71,-167,-9,100,-237,-22,134,-249,-32,162,-235,-38,58,-157,-28,85,-212,-38,113,-234,-43,136,-235,-46
312,561,0,59,-3,-5,112,-31,-9,151,-52,-17,179,-89,-24,100,-152,19,125,-212,4,156,-228,-13,182,-226,-24,87,-165,9,116,-234,-6,152,-246,-23,179,-227,-34,71,-168,-6,100,-238,-19,134,-251,-31,162,-236,-37,58,-161,-23,83,-216,-34,111,-239,-40,134,-241,-43
306,558,0,57,-3,-9,111,-31,-12,150,-53,-20,178,-91,-26,99,-152,19,124,-211,3,153,-228,-15,180,-227,-25,87,-164,10,115,-231,-4,149,-244,-21,176,-230,-31,71,-169,-3,100,-235,-16,133,-250,-25,160,-242,-30,57,-163,-18,83,-216,-29,109,-239,-34,132,-245,-36
280,524,0,53,-2,-14,107,-32,-21,148,-55,-31,175,-96,-39,97,-154,11,122,-212,-8,150,-228,-27,176,-227,-39,84,-168,5,112,-235,-12,145,-248,-29,172,-237,-40,67,-171,-7,95,-236,-21,125,-253,-31,152,-250,-36,49,-164,-21,74,-217,-33,100,-242,-39,124,-251,-41
279,522,0,54,-1,-14,108,-31,-20,147,-55,-30,175,-96,-38,97,-155,15,122,-212,-3,150,-226,-23,176,-224,-35,84,-168,8,114,-233,-8,145,-245,-26,173,-236,-38,67,-172,-4,97,-236,-18,127,-252,-29,153,-248,-35,50,-165,-19,76,-217,-31,101,-243,-37,126,-253,-40
280,521,0,53,-2,-15,108,-32,-21,147,-55,-31,175,-97,-39,97,-156,12,122,-213,-7,151,-227,-27,177,-225,-39,83,-169,6,112,-234,-11,144,-248,-29,171,-236,-40,67,-172,-6,96,-236,-21,125,-253,-32,152,-248,-37,48,-164,-21,75,-217,-33,99,-242,-39,123,-251,-41
281,518,0,53,-2,-15,107,-31,-22,147,-55,-32,175,-96,-40,97,-155,11,123,-212,-8,152,-227,-28,178,-224,-40,83,-168,5,112,-236,-12,145,-249,-30,173,-237,-41,67,-172,-7,95,-238,-22,126,-254,-32,153,-249,-37,48,-164,-22,75,-217,-34,100,-243,-40,124,-251,-42
282,517,0,53,-3,-15,108,-32,-22,147,-56,-31,175,-96,-39,97,-154,11,122,-211,-8,150,-226,-28,177,-224,-40,82,-167,5,111,-235,-12,143,-248,-30,171,-237,-41,66,-170,-7,94,-236,-22,124,-254,-33,151,-249,-38,49,-162,-22,75,-215,-34,99,-241,-41,123,-249,-43
283,515,0,54,-3,-15,108,-31,-22,148,-55,-31,175,-96,-39,97,-155,12,122,-212,-7,150,-226,-27,175,-224,-39,83,-168,6,112,-233,-11,144,-246,-29,170,-235,-41,66,-171,-5,95,-235,-20,125,-252,-32,151,-248,-38,48,-164,-20,74,-214,-32,99,-240,-39,123,-248,-42
287,512,0,53,-4,-15,110,-32,-21,148,-55,-30,176,-95,-38,98,-156,12,123,-214,-8,150,-230,-28,176,-227,-40,83,-170,5,111,-237,-12,142,-252,-30,170,-240,-41,66,-172,-7,94,-239,-23,124,-257,-34,152,-251,-40,49,-164,-21,75,-217,-35,99,-242,-42,123,-248,-45
288,509,0,54,-2,-14,110,-31,-21,149,-54,-30,176,-94,-38,98,-156,13,123,-214,-7,151,-228,-27,178,-225,-39,83,-169,6,112,-237,-11,145,-250,-29,172,-238,-41,67,-173,-7,95,-239,-22,127,-256,-34,154,-250,-40,49,-164,-22,75,-217,-35,101,-242,-42,126,-249,-45
288,509,0,53,-1,-14,109,-31,-21,149,-54,-31,176,-95,-39,98,-155,11,123,-215,-9,152,-230,-29,177,-226,-41,84,-170,4,112,-240,-13,145,-253,-32,172,-238,-43,68,-173,-8,96,-241,-24,127,-257,-36,154,-248,-42,50,-164,-23,75,-218,-37,102,-243,-45,126,-248,-48
288,510,0,54,-2,-15,109,-32,-22,148,-55,-32,176,-95,-41,98,-155,10,122,-215,-11,152,-230,-32,177,-226,-45,83,-169,2,111,-239,-15,144,-253,-34,171,-239,-46,67,-172,-10,94,-241,-26,126,-257,-39,153,-249,-45,49,-164,-25,75,-218,-40,102,-243,-47,126,-247,-51
287,510,0,54,-2,-14,109,-32,-21,149,-55,-31,176,-95,-40,98,-156,10,122,-216,-10,152,-232,-31,177,-227,-44,83,-170,3,111,-240,-15,145,-254,-34,172,-238,-46,67,-173,-10,95,-243,-27,127,-258,-39,154,-249,-46,49,-164,-25,76,-219,-40,103,-243,-48,127,-249,-52
286,510,0,53,-2,-14,108,-32,-21,149,-54,-31,176,-95,-40,98,-157,10,123,-216,-10,152,-232,-31,178,-227,-44,84,-171,3,112,-241,-15,145,-254,-34,172,-238,-45,67,-173,-10,95,-243,-26,127,-259,-39,154,-248,-45,50,-164,-26,76,-219,-41,103,-243,-48,127,-247,-52
284,511,0,53,-3,-14,109,-33,-21,149,-55,-32,176,-95,-42,98,-157,10,124,-218,-11,152,-233,-33,178,-226,-45,84,-171,2,112,-241,-16,145,-254,-36,172,-238,-48,67,-173,-11,95,-243,-28,128,-258,-41,155,-247,-48,50,-164,-27,77,-219,-42,103,-243,-50,128,-247,-54
283,512,0,54,-3,-14,108,-33,-21,147,-56,-31,175,-97,-41,98,-157,11,123,-217,-10,152,-232,-32,177,-226,-44,84,-171,3,111,-241,-15,145,-254,-35,171,-238,-46,68,-173,-10,95,-244,-27,127,-259,-40,154,-248,-46,50,-165,-26,76,-219,-41,103,-244,-49,127,-247,-52
282,513,0,54,-4,-13,109,-33,-21,147,-56,-31,175,-97,-40,98,-156,9,122,-217,-13,152,-232,-34,177,-226,-47,84,-171,1,110,-242,-17,144,-256,-36,170,-239,-48,67,-173,-12,93,-245,-29,125,-260,-42,151,-248,-48,50,-163,-28,75,-218,-43,102,-242,-51,127,-246,-54
282,513,0,54,-4,-14,108,-34,-21,148,-56,-32,175,-96,-41,98,-158,9,123,-217,-12,153,-233,-34,179,-227,-46,83,-172,1,110,-243,-17,143,-257,-36,170,-240,-48,66,-174,-12,92,-246,-29,124,-261,-42,151,-249,-48,50,-165,-28,76,-220,-43,102,-244,-51,127,-247,-54
281,512,0,54,-3,-13,110,-32,-20,148,-55,-30,176,-95,-39,99,-157,11,123,-216,-10,153,-232,-31,179,-227,-44,84,-172,2,111,-244,-16,145,-257,-35,172,-239,-47,67,-175,-12,94,-246,-28,127,-261,-41,153,-248,-48,50,-165,-28,77,-220,-43,104,-244,-51,129,-246,-54
283,513,0,54,-3,-12,109,-33,-18,148,-56,-28,176,-95,-36,98,-157,12,121,-217,-9,151,-232,-30,178,-228,-43,83,-172,2,109,-244,-15,143,-257,-34,170,-242,-45,67,-174,-12,93,-246,-28,125,-261,-40,152,-250,-46,50,-165,-28,76,-220,-43,104,-244,-50,128,-247,-53
285,513,0,54,-5,-11,110,-34,-17,148,-56,-27,177,-93,-35,98,-157,13,121,-217,-7,151,-232,-28,178,-226,-40,83,-171,4,110,-243,-13,144,-256,-32,171,-239,-43,68,-174,-10,93,-245,-26,126,-260,-39,153,-249,-45,52,-166,-27,77,-221,-41,102,-245,-48,127,-247,-51
296,505,0,55,-4,-11,109,-30,-18,149,-50,-29,180,-87,-39,103,-154,13,127,-214,-8,158,-227,-30,185,-220,-43,89,-168,3,118,-239,-16,152,-250,-36,179,-231,-47,73,-171,-12,101,-243,-29,135,-255,-42,162,-240,-48,57,-163,-29,83,-219,-44,111,-241,-51,136,-240,-54
298,503,0,55,-3,-11,110,-29,-18,150,-48,-29,181,-86,-39,105,-155,13,130,-216,-9,160,-228,-30,186,-219,-43,90,-170,3,119,-241,-16,154,-251,-35,181,-232,-47,74,-172,-12,102,-246,-28,136,-256,-41,162,-241,-47,57,-164,-29,83,-220,-43,111,-241,-50,136,-241,-53
296,501,0,55,-3,-9,110,-29,-16,151,-47,-27,181,-84,-38,105,-153,15,131,-213,-7,163,-226,-28,189,-218,-41,92,-169,4,119,-241,-14,155,-252,-33,182,-231,-45,76,-173,-12,103,-247,-28,137,-258,-40,164,-241,-47,59,-165,-30,84,-222,-44,114,-243,-51,138,-241,-54
295,499,0,56,-1,-9,110,-28,-16,151,-46,-27,181,-83,-37,104,-152,16,130,-213,-5,162,-227,-27,188,-218,-40,91,-167,4,119,-240,-13,155,-251,-33,181,-230,-45,75,-171,-12,104,-244,-27,138,-256,-40,165,-238,-46,60,-163,-30,86,-220,-43,115,-242,-51,140,-239,-54
294,500,0,56,-2,-10,111,-29,-17,150,-48,-28,181,-86,-38,104,-153,13,130,-214,-8,161,-226,-30,188,-218,-43,90,-168,3,118,-240,-15,154,-251,-35,181,-230,-46,74,-171,-13,102,-244,-29,136,-256,-41,163,-240,-47,58,-163,-31,85,-219,-45,113,-240,-52,138,-240,-55
293,500,0,56,-2,-11,111,-28,-18,150,-48,-30,181,-86,-41,104,-153,12,130,-214,-10,161,-226,-32,187,-218,-44,90,-167,2,118,-240,-16,154,-251,-36,180,-231,-47,74,-171,-13,101,-245,-29,136,-256,-42,163,-240,-48,58,-162,-31,85,-219,-45,113,-240,-52,138,-239,-55
292,501,0,55,-1,-11,110,-29,-18,150,-48,-30,180,-86,-40,104,-153,13,129,-212,-8,161,-226,-30,188,-218,-43,90,-168,3,118,-240,-15,153,-251,-35,180,-231,-47,74,-171,-13,102,-245,-29,136,-256,-41,163,-240,-48,58,-164,-30,85,-219,-45,115,-241,-52,140,-239,-55
291,502,0,56,-2,-9,111,-28,-16,151,-48,-27,180,-87,-37,105,-153,14,130,-214,-7,162,-227,-29,188,-219,-41,91,-168,3,118,-243,-15,155,-253,-34,181,-232,-46,75,-173,-13,102,-248,-29,137,-259,-41,164,-242,-48,59,-164,-31,86,-221,-45,115,-243,-52,140,-241,-55
290,504,0,56,-2,-10,110,-29,-17,151,-48,-28,180,-87,-38,104,-152,13,130,-213,-8,161,-226,-30,187,-219,-42,91,-167,2,119,-241,-16,154,-252,-35,181,-231,-47,75,-172,-13,103,-246,-30,136,-258,-43,163,-241,-50,58,-164,-31,85,-220,-46,114,-242,-54,140,-241,-57
289,503,0,57,-2,-8,111,-28,-13,150,-48,-24,181,-86,-34,105,-152,17,130,-212,-4,161,-225,-25,188,-219,-37,91,-167,5,119,-241,-13,155,-252,-32,181,-231,-44,75,-171,-12,103,-246,-27,138,-258,-41,164,-240,-47,59,-164,-31,87,-220,-44,117,-241,-52,142,-240,-56
288,505,0,56,-2,-8,112,-28,-13,150,-49,-23,180,-87,-33,105,-153,17,130,-213,-3,162,-226,-23,189,-219,-36,91,-168,6,119,-242,-11,155,-253,-31,182,-232,-43,75,-173,-11,104,-248,-26,138,-258,-40,165,-241,-47,59,-166,-29,88,-222,-43,117,-243,-51,143,-240,-55
288,507,0,56,-1,-8,111,-29,-13,150,-50,-24,179,-88,-32,105,-155,17,130,-215,-3,161,-228,-24,187,-220,-36,90,-170,6,119,-244,-12,155,-254,-31,181,-232,-43,75,-174,-11,103,-248,-27,138,-259,-40,165,-240,-47,59,-165,-29,87,-222,-44,116,-243,-52,142,-242,-56
287,509,0,54,-1,-10,110,-30,-15,149,-52,-25,179,-88,-33,104,-154,16,129,-213,-4,159,-226,-25,184,-218,-38,91,-169,6,118,-239,-12,154,-250,-31,179,-231,-42,74,-173,-10,102,-244,-26,136,-256,-39,163,-241,-45,57,-164,-27,85,-220,-42,114,-241,-50,139,-241,-53
287,508,0,56,-1,-8,111,-30,-14,149,-50,-24,180,-88,-33,102,-153,17,127,-211,-3,158,-225,-23,185,-218,-35,89,-167,6,116,-239,-11,152,-249,-30,179,-229,-42,73,-171,-10,102,-243,-26,136,-254,-39,163,-239,-45,58,-163,-29,85,-219,-43,115,-239,-50,140,-239,-54
288,507,0,55,-1,-10,111,-29,-17,150,-49,-28,180,-87,-37,103,-155,13,128,-214,-9,160,-228,-30,186,-220,-43,90,-170,2,117,-241,-16,154,-252,-35,181,-232,-47,74,-173,-13,102,-246,-29,137,-257,-42,164,-241,-48,57,-164,-30,84,-219,-45,113,-241,-53,138,-241,-56
287,506,0,56,-2,-9,111,-29,-16,150,-48,-26,180,-88,-36,103,-154,16,128,-212,-5,159,-226,-27,185,-218,-39,90,-168,5,118,-239,-12,154,-250,-32,180,-230,-44,74,-172,-11,103,-243,-26,137,-255,-39,163,-239,-45,58,-164,-29,85,-220,-42,113,-241,-50,139,-240,-53
287,506,0,55,-1,-10,111,-30,-15,150,-51,-26,179,-88,-35,102,-153,16,127,-213,-5,159,-226,-26,185,-219,-38,89,-169,6,117,-240,-12,152,-250,-32,178,-230,-44,73,-173,-10,101,-245,-26,136,-255,-39,162,-238,-46,57,-165,-28,85,-220,-42,114,-241,-50,139,-239,-53
285,507,0,56,-1,-9,111,-30,-14,149,-51,-24,179,-89,-33,102,-152,19,126,-210,0,158,-225,-21,184,-219,-33,89,-166,8,116,-237,-9,152,-248,-29,179,-229,-41,73,-171,-8,102,-242,-24,136,-253,-37,163,-239,-44,58,-163,-27,85,-219,-41,114,-239,-48,139,-239,-52
286,507,0,54,0,-11,110,-28,-17,149,-50,-28,179,-89,-36,102,-155,16,128,-213,-4,159,-227,-26,185,-217,-38,88,-170,6,117,-241,-11,153,-251,-31,179,-230,-42,72,-173,-8,102,-245,-24,137,-256,-37,163,-239,-43,57,-165,-26,85,-221,-40,114,-242,-48,139,-240,-51
284,509,0,56,-1,-9,110,-29,-15,150,-51,-24,179,-88,-33,101,-153,19,127,-212,0,157,-227,-20,184,-220,-33,88,-169,8,116,-240,-8,152,-250,-27,178,-230,-38,72,-173,-7,101,-244,-22,135,-256,-35,162,-242,-41,57,-164,-26,85,-219,-39,114,-242,-46,138,-242,-49
283,509,0,55,-1,-10,111,-28,-15,151,-48,-25,180,-87,-34,101,-154,18,128,-212,-1,159,-225,-22,185,-217,-34,88,-169,8,117,-240,-8,152,-250,-27,178,-230,-39,72,-173,-8,102,-244,-22,137,-255,-35,163,-240,-41,57,-165,-25,86,-219,-38,115,-241,-46,139,-241,-48
278,510,0,57,-1,-9,111,-28,-15,150,-49,-25,180,-87,-35,101,-151,18,127,-210,-1,158,-223,-23,184,-216,-35,87,-166,6,117,-237,-11,152,-247,-31,179,-227,-44,72,-170,-10,102,-239,-26,137,-250,-40,164,-235,-47,57,-161,-29,86,-215,-43,116,-236,-52,141,-236,-56
274,511,0,58,-3,-5,113,-30,-9,150,-49,-19,180,-87,-27,101,-152,23,128,-209,4,159,-222,-17,185,-216,-30,88,-166,9,118,-236,-7,154,-246,-28,181,-226,-40,72,-169,-10,104,-238,-25,138,-249,-38,165,-236,-45,58,-160,-30,88,-213,-44,117,-236,-52,141,-237,-56
270,509,0,58,-2,-4,113,-30,-8,151,-49,-17,180,-87,-26,103,-152,24,130,-209,5,160,-222,-15,186,-214,-28,89,-166,10,120,-235,-6,156,-244,-27,182,-222,-39,73,-169,-9,105,-239,-23,140,-248,-37,167,-232,-44,59,-161,-29,88,-215,-42,117,-236,-50,143,-236,-53
221,511,0,55,-5,-13,111,-35,-19,147,-60,-29,175,-97,-38,96,-158,14,120,-217,-8,149,-231,-30,174,-223,-43,80,-171,5,108,-240,-14,142,-251,-35,167,-233,-48,64,-173,-8,92,-242,-26,124,-256,-40,148,-243,-48,47,-165,-24,72,-218,-40,98,-241,-49,123,-242,-53
222,512,0,55,-5,-14,109,-36,-21,146,-60,-32,175,-96,-41,95,-158,12,118,-218,-10,148,-233,-33,172,-225,-46,80,-170,4,107,-239,-17,142,-250,-39,167,-230,-53,63,-173,-10,90,-242,-28,123,-254,-44,149,-240,-52,46,-164,-26,71,-219,-42,98,-242,-51,123,-242,-56
224,512,0,54,-5,-14,109,-35,-20,147,-59,-30,175,-96,-39,96,-159,12,119,-220,-10,148,-234,-32,173,-227,-45,80,-172,3,108,-242,-17,142,-252,-38,167,-233,-51,64,-175,-10,91,-245,-28,123,-258,-43,148,-243,-50,46,-166,-26,71,-221,-41,98,-244,-51,123,-245,-55
225,513,0,54,-5,-13,110,-34,-20,148,-58,-30,176,-94,-39,97,-162,12,120,-223,-10,149,-238,-32,173,-229,-45,81,-175,4,109,-244,-16,143,-254,-38,168,-233,-51,65,-177,-9,93,-247,-26,125,-259,-42,150,-245,-50,47,-168,-25,71,-223,-40,98,-247,-49,123,-249,-53
226,515,0,54,-5,-13,110,-35,-20,147,-58,-30,176,-95,-39,96,-160,13,119,-223,-9,148,-237,-32,172,-228,-45,80,-173,4,108,-243,-16,142,-251,-38,168,-230,-51,64,-175,-10,92,-245,-27,124,-256,-42,150,-241,-49,47,-167,-26,70,-222,-40,97,-245,-49,123,-247,-53
225,518,0,55,-5,-12,109,-35,-18,148,-58,-28,176,-94,-37,96,-159,15,118,-221,-6,148,-235,-28,172,-228,-41,81,-172,5,108,-242,-14,142,-251,-36,168,-229,-49,65,-174,-9,92,-244,-26,124,-256,-41,150,-242,-48,48,-166,-26,71,-220,-40,98,-244,-49,123,-246,-53
241,746,0,65,-17,20,114,-48,26,149,-66,19,174,-98,13,91,-153,53,113,-210,43,143,-222,27,171,-219,17,78,-161,27,104,-233,13,140,-239,-5,166,-219,-15,66,-160,-4,94,-231,-17,129,-236,-28,155,-216,-32,58,-148,-35,87,-202,-47,117,-219,-52,143,-217,-54
242,750,0,65,-17,21,114,-50,26,149,-67,20,174,-98,14,91,-154,53,113,-210,41,144,-223,26,170,-219,16,78,-162,26,104,-234,11,141,-240,-7,167,-219,-17,66,-160,-5,94,-232,-19,129,-237,-29,155,-216,-33,58,-148,-37,87,-203,-48,117,-220,-54,143,-218,-56
240,752,0,67,-19,26,114,-50,33,149,-67,27,174,-97,21,91,-153,64,113,-208,56,143,-221,42,169,-219,31,78,-161,34,104,-229,24,140,-237,6,166,-219,-4,67,-161,0,94,-228,-10,129,-233,-18,155,-216,-22,59,-148,-34,88,-200,-43,117,-218,-46,142,-218,-47
240,752,0,67,-18,24,115,-50,31,149,-68,25,174,-98,19,93,-152,56,114,-210,44,144,-224,28,171,-219,18,79,-160,27,104,-233,11,141,-240,-8,167,-219,-18,67,-159,-6,94,-232,-22,131,-236,-34,158,-215,-38,59,-146,-40,88,-201,-53,118,-219,-60,144,-215,-63
239,753,0,65,-17,22,114,-49,29,148,-67,23,174,-99,18,92,-152,60,114,-207,51,144,-220,35,170,-218,25,79,-161,33,106,-229,20,142,-235,1,168,-217,-10,67,-161,1,95,-228,-11,131,-232,-22,156,-214,-27,60,-150,-31,89,-201,-41,119,-218,-46,144,-217,-48
238,754,0,67,-18,25,114,-51,33,149,-68,29,173,-99,24,93,-153,59,114,-209,49,144,-222,34,170,-219,24,80,-161,30,105,-232,15,141,-239,-3,168,-219,-13,68,-159,-4,95,-230,-18,131,-235,-29,157,-215,-33,61,-147,-37,89,-201,-50,120,-218,-56,146,-215,-58
236,754,0,66,-16,24,114,-49,33,150,-67,28,175,-97,24,93,-151,64,114,-206,56,144,-219,42,170,-217,32,80,-160,35,107,-229,24,142,-235,6,168,-216,-5,69,-160,3,97,-227,-9,132,-232,-19,158,-213,-23,62,-149,-30,92,-200,-40,122,-216,-44,147,-216,-46
240,753,0,65,-16,21,114,-49,27,149,-67,22,174,-98,16,93,-154,54,115,-210,43,145,-223,27,172,-219,17,80,-162,28,106,-234,13,142,-240,-6,168,-218,-16,68,-162,-3,95,-232,-17,131,-236,-28,157,-216,-32,61,-151,-34,89,-203,-45,119,-220,-51,144,-217,-54
239,752,0,66,-17,22,114,-48,29,149,-67,24,174,-98,20,93,-153,58,114,-208,49,144,-222,35,170,-219,25,80,-161,31,105,-231,19,141,-238,3,167,-219,-7,68,-161,0,95,-230,-12,130,-234,-20,155,-216,-24,61,-149,-31,90,-201,-41,120,-218,-45,145,-217,-46
240,751,0,67,-17,24,114,-48,31,149,-66,27,175,-96,22,93,-153,61,115,-209,52,145,-222,36,171,-219,26,80,-162,33,106,-232,19,143,-238,-1,168,-217,-12,68,-162,1,96,-231,-13,132,-235,-25,157,-215,-31,61,-151,-32,89,-203,-43,120,-219,-50,146,-217,-53
240,752,0,66,-17,25,114,-49,34,149,-67,29,174,-98,25,92,-154,66,114,-209,59,144,-221,45,170,-218,35,80,-163,37,105,-232,26,142,-237,9,167,-218,-1,68,-162,4,95,-231,-7,130,-235,-17,156,-215,-21,61,-151,-29,90,-203,-39,119,-219,-44,145,-217,-45
240,753,0,66,-17,22,113,-50,28,149,-67,23,174,-99,17,93,-153,56,115,-209,46,145,-222,30,171,-218,19,80,-162,28,105,-232,15,141,-238,-5,167,-217,-16,68,-161,-3,94,-231,-17,130,-235,-28,155,-215,-34,60,-149,-35,88,-202,-46,117,-219,-53,143,-217,-56
239,753,0,66,-17,25,114,-50,32,149,-67,27,174,-98,21,93,-153,62,114,-209,53,144,-221,37,169,-218,26,80,-162,32,105,-232,19,142,-238,-1,168,-218,-14,68,-162,-1,95,-231,-15,131,-235,-27,158,-215,-34,60,-151,-35,89,-203,-46,119,-219,-53,145,-217,-56
239,753,0,66,-17,24,114,-49,31,148,-67,25,174,-98,20,93,-153,59,114,-210,48,144,-223,33,170,-219,22,80,-161,29,105,-233,15,142,-238,-5,169,-217,-16,69,-161,-3,95,-232,-18,132,-235,-30,158,-214,-36,61,-149,-36,89,-204,-49,119,-220,-56,146,-216,-59
238,754,0,64,-17,21,113,-49,28,148,-67,22,174,-98,16,92,-153,60,113,-208,50,143,-220,34,170,-217,23,79,-161,32,105,-230,20,142,-236,0,167,-217,-12,67,-162,1,95,-230,-12,131,-233,-23,156,-214,-29,60,-151,-31,89,-202,-41,119,-219,-47,145,-217,-50
239,754,0,65,-16,20,113,-49,26,148,-67,19,174,-98,13,92,-154,54,114,-211,43,145,-223,26,172,-219,16,79,-162,27,105,-233,13,142,-238,-6,168,-218,-18,67,-161,-3,94,-232,-17,131,-235,-29,157,-215,-35,60,-150,-35,88,-203,-46,118,-220,-53,144,-218,-56
239,755,0,65,-17,21,113,-49,28,148,-67,22,174,-99,16,91,-153,58,114,-208,49,144,-220,33,171,-218,21,78,-162,31,105,-230,18,142,-237,-1,168,-217,-13,66,-162,-1,94,-230,-13,129,-234,-24,155,-216,-30,59,-151,-33,87,-202,-43,117,-219,-48,142,-218,-51
239,755,0,66,-17,23,113,-49,29,148,-67,23,174,-98,16,92,-153,58,113,-210,47,145,-222,31,171,-217,20,80,-161,29,106,-233,15,144,-238,-5,170,-217,-17,68,-161,-3,95,-233,-17,133,-235,-29,160,-214,-35,60,-150,-36,89,-204,-47,121,-220,-54,146,-217,-57
238,755,0,65,-17,24,114,-48,31,149,-66,24,175,-96,18,92,-153,62,114,-208,53,145,-220,38,172,-217,27,79,-161,33,107,-230,21,144,-237,2,171,-216,-10,68,-161,0,96,-230,-11,133,-234,-22,158,-214,-28,61,-150,-33,90,-202,-43,120,-219,-48,146,-217,-50
239,756,0,64,-16,18,113,-48,22,149,-66,15,175,-97,9,93,-153,52,117,-211,40,147,-223,23,173,-218,12,80,-162,26,107,-233,12,143,-238,-8,168,-217,-21,68,-161,-4,95,-232,-17,129,-236,-29,154,-216,-35,60,-149,-34,88,-202,-45,117,-220,-52,142,-218,-55
237,756,0,66,-16,25,114,-48,32,150,-66,27,175,-96,21,93,-152,64,114,-207,57,144,-220,42,170,-217,32,81,-160,35,108,-229,24,144,-235,5,170,-216,-6,69,-161,2,98,-229,-9,133,-232,-20,159,-213,-25,63,-150,-32,93,-202,-41,122,-218,-46,148,-216,-48
239,756,0,64,-16,18,114,-49,23,150,-66,17,175,-97,11,93,-152,51,116,-210,39,146,-223,23,172,-219,13,80,-161,25,106,-233,11,143,-239,-8,169,-217,-19,68,-160,-4,95,-232,-18,131,-236,-29,156,-215,-33,60,-149,-34,89,-202,-46,119,-220,-52,145,-217,-54
239,756,0,65,-17,22,114,-49,28,150,-67,22,175,-97,16,92,-153,59,115,-208,50,146,-220,35,172,-217,25,79,-161,31,106,-231,20,143,-236,1,169,-216,-9,68,-161,0,96,-230,-11,132,-233,-21,157,-213,-25,61,-149,-32,90,-201,-41,120,-218,-45,146,-216,-47
242,754,0,65,-17,21,113,-48,26,150,-66,20,175,-96,14,91,-152,55,115,-209,46,145,-221,31,172,-219,21,78,-160,29,106,-231,16,142,-238,-2,168,-218,-12,67,-159,-1,95,-230,-13,130,-234,-23,155,-215,-27,61,-148,-32,89,-201,-42,119,-219,-47,144,-217,-48
243,754,0,66,-17,23,114,-48,30,150,-65,25,175,-97,19,92,-153,64,115,-207,57,146,-220,42,173,-218,32,78,-162,36,106,-231,26,143,-238,8,169,-218,-3,67,-162,4,96,-230,-6,132,-235,-15,158,-216,-19,61,-150,-28,92,-202,-36,121,-219,-40,147,-218,-41
242,755,0,66,-17,22,115,-48,29,152,-65,23,176,-95,18,92,-152,60,117,-206,53,148,-219,39,174,-217,29,79,-161,33,108,-228,24,144,-236,7,170,-219,-2,68,-159,3,97,-227,-7,131,-232,-14,157,-217,-18,61,-146,-29,91,-197,-36,119,-216,-39,144,-217,-40
338,752,0,64,-8,13,115,-36,17,154,-54,12,183,-81,8,90,-146,53,122,-197,47,156,-205,35,183,-198,28,79,-158,34,116,-224,28,154,-226,15,180,-206,9,72,-158,12,111,-223,5,151,-223,-1,176,-203,-2,71,-147,-12,109,-194,-17,141,-206,-17,166,-203,-16
338,750,0,64,-8,14,116,-35,19,155,-53,14,182,-82,10,90,-149,57,119,-200,54,153,-210,43,181,-203,36,79,-160,39,114,-227,36,151,-231,25,177,-212,19,73,-160,17,111,-226,14,149,-227,10,175,-209,10,74,-148,-7,111,-194,-8,141,-207,-7,166,-205,-4
338,753,0,63,-10,14,114,-38,17,153,-55,11,182,-81,7,88,-148,60,116,-198,57,149,-208,46,176,-201,39,77,-158,41,111,-223,39,147,-228,28,173,-211,22,71,-158,19,108,-223,16,145,-225,13,171,-207,13,71,-146,-6,108,-192,-6,139,-205,-5,164,-203,-2
339,752,0,64,-9,15,115,-37,19,154,-55,14,182,-81,9,89,-149,59,118,-199,56,152,-208,44,178,-201,37,79,-159,39,112,-225,36,150,-229,24,175,-210,18,72,-159,16,109,-223,12,147,-225,9,173,-206,8,71,-147,-9,109,-192,-11,140,-206,-10,163,-204,-7
338,755,0,64,-10,18,115,-39,22,153,-56,15,182,-83,9,89,-148,60,117,-198,55,151,-206,43,177,-199,35,78,-157,38,112,-224,33,149,-228,20,175,-208,14,72,-157,12,109,-223,7,148,-224,4,174,-205,3,71,-144,-14,109,-191,-18,140,-205,-17,165,-202,-14
338,756,0,65,-10,21,115,-39,27,153,-56,20,182,-82,15,89,-150,67,118,-199,65,151,-206,53,178,-198,45,79,-159,44,115,-224,40,152,-226,26,178,-204,19,73,-159,16,111,-224,12,151,-223,8,176,-202,7,73,-146,-12,111,-192,-14,143,-205,-14,168,-201,-11
338,756,0,65,-10,19,116,-39,24,155,-57,17,182,-82,11,91,-150,63,119,-200,58,154,-207,45,180,-198,37,81,-160,40,115,-226,33,155,-228,18,180,-205,10,74,-160,13,112,-225,7,152,-225,1,177,-203,-1,73,-146,-15,111,-193,-19,143,-206,-20,168,-201,-18
338,757,0,64,-9,19,115,-39,23,153,-57,15,182,-82,8,89,-148,63,117,-197,58,151,-204,44,177,-195,36,79,-157,40,114,-222,32,153,-223,16,178,-200,8,72,-157,12,110,-222,6,150,-221,-1,176,-198,-3,72,-144,-16,109,-191,-20,141,-203,-20,167,-197,-19
336,759,0,63,-12,16,114,-40,19,153,-58,12,181,-83,5,87,-146,60,114,-196,54,148,-204,41,174,-196,33,77,-155,38,111,-220,32,148,-224,17,174,-204,9,71,-154,13,108,-218,7,147,-219,1,173,-200,0,71,-141,-14,107,-187,-17,140,-201,-17,164,-199,-15
338,758,0,64,-10,17,114,-39,19,153,-58,10,182,-82,2,88,-148,58,117,-199,50,152,-204,36,179,-194,27,78,-157,35,113,-223,26,153,-223,10,178,-200,2,71,-157,8,110,-223,0,150,-221,-6,176,-198,-8,71,-143,-20,108,-190,-25,141,-201,-26,167,-196,-25
336,760,0,65,-11,20,115,-41,24,153,-58,16,182,-83,8,89,-147,65,117,-195,59,151,-203,46,178,-195,36,79,-156,40,115,-220,32,153,-222,16,178,-199,7,72,-157,12,111,-220,6,150,-220,-1,175,-198,-4,72,-144,-18,110,-189,-21,142,-202,-22,167,-198,-21
335,762,0,64,-12,21,113,-41,25,152,-59,17,182,-82,10,86,-145,66,115,-194,61,149,-202,48,175,-194,40,76,-155,41,112,-218,36,150,-221,21,175,-200,13,70,-154,12,109,-216,8,148,-216,3,174,-197,1,70,-142,-17,109,-186,-19,140,-198,-18,163,-195,-16
336,763,0,65,-12,21,113,-42,24,151,-60,15,182,-83,6,86,-150,66,115,-197,60,149,-204,46,177,-195,37,76,-158,40,113,-222,33,151,-223,17,177,-200,8,70,-158,11,109,-221,5,149,-220,-1,175,-198,-5,71,-145,-19,110,-189,-22,143,-200,-23,168,-196,-22
335,766,0,66,-14,24,114,-43,29,152,-61,21,181,-84,14,85,-152,65,114,-202,61,149,-211,49,176,-204,40,75,-161,40,112,-227,34,150,-230,21,176,-211,13,70,-160,10,109,-224,6,148,-226,2,174,-207,0,71,-146,-19,111,-192,-20,143,-205,-19,166,-202,-17
339,770,0,63,-12,15,111,-41,16,150,-60,6,182,-83,-3,82,-146,55,112,-196,48,147,-205,35,173,-201,26,72,-156,34,108,-219,27,147,-224,14,174,-208,6,66,-155,9,106,-218,3,145,-221,-2,172,-204,-5,68,-142,-17,107,-186,-19,138,-199,-19,163,-197,-18
384,830,0,58,-8,0,109,-36,-6,152,-54,-18,185,-74,-27,77,-149,15,117,-206,1,155,-212,-12,182,-205,-18,66,-158,3,113,-230,-11,155,-232,-19,181,-214,-21,63,-152,-11,112,-220,-24,153,-224,-26,181,-209,-24,68,-135,-27,111,-183,-34,144,-198,-34,170,-199,-31
387,830,0,56,-7,-9,112,-32,-18,155,-50,-27,187,-70,-33,79,-144,2,123,-200,-10,159,-206,-21,185,-201,-25,67,-156,-2,117,-228,-14,156,-230,-21,181,-213,-22,62,-151,-8,110,-216,-19,149,-223,-20,175,-213,-18,66,-134,-16,109,-180,-22,139,-197,-21,162,-201,-17
388,832,0,57,-8,-5,110,-33,-13,153,-51,-23,186,-74,-30,79,-145,7,122,-201,-5,159,-207,-16,184,-202,-20,67,-156,0,117,-228,-11,157,-229,-18,182,-211,-19,63,-151,-9,113,-217,-19,152,-221,-20,177,-209,-16,67,-134,-20,110,-181,-25,142,-197,-23,165,-199,-18
389,833,0,55,-7,-12,110,-32,-23,154,-51,-34,185,-75,-41,79,-143,-1,125,-198,-15,161,-201,-26,187,-193,-30,67,-153,-4,120,-224,-16,159,-224,-23,184,-207,-23,63,-149,-9,114,-214,-19,153,-218,-20,179,-206,-16,67,-133,-16,111,-180,-22,142,-195,-20,166,-195,-15
393,836,0,57,-11,-1,110,-37,-8,152,-55,-19,184,-77,-28,77,-150,13,120,-206,0,158,-211,-11,184,-203,-16,66,-159,3,117,-231,-9,158,-231,-17,183,-213,-18,62,-154,-10,113,-220,-20,154,-225,-21,180,-211,-18,67,-136,-24,112,-184,-29,145,-200,-27,169,-200,-23
392,835,0,57,-9,-6,110,-35,-16,153,-54,-28,185,-76,-37,78,-147,6,122,-203,-8,160,-205,-19,186,-197,-23,67,-157,-1,120,-227,-13,160,-226,-20,185,-208,-20,63,-151,-10,115,-218,-20,156,-221,-20,181,-207,-16,68,-133,-20,112,-182,-26,144,-197,-23,168,-198,-18
393,837,0,57,-11,0,110,-38,-9,153,-55,-22,184,-78,-32,76,-151,12,120,-207,-3,158,-208,-15,184,-199,-21,66,-159,0,119,-229,-14,160,-227,-22,185,-208,-24,63,-152,-13,115,-220,-25,157,-222,-26,183,-205,-23,69,-133,-29,114,-183,-35,146,-197,-33,171,-198,-28
392,836,0,57,-10,-5,111,-35,-14,152,-54,-26,185,-76,-35,78,-148,6,123,-204,-8,160,-207,-18,186,-200,-22,68,-158,-1,120,-229,-14,160,-228,-20,185,-211,-20,64,-152,-11,115,-219,-21,155,-222,-21,180,-208,-16,68,-134,-22,113,-182,-28,144,-198,-25,168,-200,-19
395,836,0,58,-12,2,110,-37,-6,153,-55,-18,184,-77,-28,77,-152,14,120,-208,0,158,-211,-11,184,-202,-16,66,-159,1,119,-231,-12,160,-229,-19,185,-211,-19,62,-153,-13,115,-222,-23,157,-223,-23,183,-208,-19,69,-134,-29,114,-184,-34,147,-199,-31,172,-199,-26
396,837,0,59,-12,4,110,-38,-2,152,-57,-14,184,-79,-24,76,-154,16,119,-211,2,157,-214,-9,184,-205,-14,66,-161,2,119,-233,-11,161,-232,-18,185,-214,-18,63,-155,-14,116,-223,-24,158,-225,-24,184,-210,-20,70,-136,-31,115,-185,-36,149,-200,-34,173,-200,-28
396,839,0,58,-13,0,110,-39,-7,151,-57,-19,183,-80,-29,76,-152,11,118,-209,-3,156,-212,-14,183,-203,-18,66,-160,1,118,-231,-13,159,-231,-20,185,-213,-20,63,-153,-13,114,-223,-24,155,-226,-24,181,-211,-19,68,-134,-27,113,-184,-33,145,-201,-30,170,-201,-24
396,839,0,57,-11,-4,110,-36,-13,153,-55,-25,184,-78,-34,77,-150,6,121,-207,-9,159,-207,-19,184,-197,-23,66,-159,-2,118,-231,-16,160,-228,-22,184,-209,-22,62,-153,-12,114,-222,-23,155,-223,-23,181,-208,-19,68,-136,-23,113,-185,-29,145,-200,-27,170,-200,-22
397,841,0,58,-11,-4,110,-37,-13,152,-56,-25,182,-82,-34,76,-152,9,119,-209,-5,157,-209,-16,183,-198,-21,65,-160,1,118,-232,-13,159,-229,-20,184,-210,-21,62,-154,-10,114,-223,-21,155,-225,-21,181,-209,-18,67,-135,-22,112,-185,-27,144,-200,-25,169,-201,-20
398,844,0,56,-12,-2,108,-38,-10,151,-57,-22,182,-82,-31,75,-154,12,118,-212,-2,156,-211,-14,181,-198,-19,65,-163,2,116,-233,-11,158,-230,-19,184,-212,-21,63,-157,-10,115,-226,-22,156,-226,-22,182,-210,-19,69,-138,-24,114,-186,-30,146,-201,-28,171,-201,-23
396,847,0,57,-11,-1,110,-38,-8,152,-58,-18,182,-83,-26,75,-154,15,118,-209,2,155,-207,-10,179,-195,-16,65,-162,5,116,-231,-8,158,-227,-17,183,-208,-20,63,-155,-7,114,-224,-18,154,-225,-20,180,-209,-18,68,-137,-21,113,-185,-26,147,-199,-25,171,-200,-21
387,870,0,60,-13,6,111,-42,1,152,-59,-11,183,-80,-21,75,-153,18,115,-213,3,153,-213,-10,178,-200,-15,63,-158,3,113,-230,-12,155,-226,-21,180,-207,-22,61,-151,-14,112,-223,-26,154,-223,-27,179,-205,-24,67,-131,-32,112,-184,-38,145,-198,-36,169,-197,-32
387,872,0,60,-14,6,111,-41,0,151,-59,-12,183,-80,-21,74,-152,16,117,-209,2,154,-211,-10,179,-203,-15,63,-158,2,114,-229,-12,155,-227,-20,180,-210,-22,60,-150,-15,112,-220,-26,153,-222,-27,178,-207,-24,67,-131,-32,111,-182,-38,143,-198,-36,167,-199,-31
387,875,0,61,-13,8,112,-41,3,153,-60,-8,182,-82,-17,76,-155,18,119,-214,4,157,-216,-7,183,-207,-12,64,-162,2,117,-234,-11,158,-233,-18,184,-215,-20,62,-155,-15,115,-225,-26,157,-226,-26,183,-211,-23,69,-135,-34,114,-187,-39,147,-201,-36,170,-202,-31
389,877,0,60,-15,7,111,-42,1,151,-59,-11,184,-79,-22,76,-152,18,118,-209,3,155,-213,-10,181,-204,-16,64,-159,2,115,-228,-11,157,-228,-20,183,-212,-23,62,-152,-16,113,-221,-26,154,-223,-27,179,-208,-25,68,-134,-35,111,-184,-39,143,-199,-36,166,-199,-32
391,916,0,61,-18,11,109,-46,7,149,-65,-3,180,-87,-12,77,-147,24,115,-199,13,149,-208,2,175,-204,-4,64,-155,7,113,-225,-3,149,-229,-10,173,-215,-12,60,-149,-12,108,-213,-19,144,-221,-18,169,-212,-15,65,-130,-31,106,-177,-34,134,-194,-29,155,-197,-25
393,916,0,60,-17,10,108,-45,5,148,-65,-6,180,-87,-15,76,-147,24,115,-201,13,149,-210,2,174,-206,-4,63,-155,7,113,-226,-2,148,-230,-9,172,-217,-11,59,-149,-11,108,-216,-17,144,-223,-16,168,-213,-13,64,-131,-30,105,-180,-31,133,-196,-26,154,-199,-21
394,916,0,60,-17,12,109,-45,9,149,-64,-2,180,-86,-10,77,-149,27,116,-202,18,151,-211,7,176,-208,2,65,-157,10,114,-229,1,150,-234,-5,174,-221,-7,61,-151,-9,109,-218,-15,146,-227,-13,170,-218,-11,66,-134,-28,107,-182,-29,136,-199,-24,157,-202,-19
395,916,0,59,-17,10,108,-45,6,149,-64,-4,179,-88,-12,77,-147,24,117,-200,13,150,-209,3,175,-205,-2,64,-156,8,113,-228,-2,150,-232,-8,172,-218,-10,60,-150,-11,107,-216,-17,143,-224,-16,167,-215,-13,65,-132,-29,105,-180,-31,134,-197,-26,154,-200,-21
397,915,0,61,-18,11,109,-45,9,150,-64,-2,180,-87,-10,76,-148,29,116,-201,20,150,-209,10,175,-205,4,64,-157,12,113,-227,4,150,-231,-3,173,-217,-5,60,-151,-7,109,-216,-12,145,-224,-11,169,-214,-8,66,-133,-27,106,-181,-27,135,-198,-23,157,-201,-17
399,917,0,62,-18,14,110,-47,13,150,-65,4,181,-86,-4,76,-154,32,116,-207,21,151,-215,10,177,-210,4,64,-161,13,113,-230,2,152,-234,-6,177,-219,-9,61,-154,-8,110,-221,-15,149,-228,-15,174,-217,-13,68,-135,-29,109,-184,-31,138,-201,-27,162,-203,-23
409,916,0,61,-14,9,112,-41,5,153,-57,-4,185,-74,-11,81,-153,20,125,-203,10,161,-207,-1,188,-200,-6,69,-163,5,121,-229,-5,161,-231,-12,186,-213,-14,64,-156,-11,117,-218,-19,156,-223,-19,181,-211,-17,69,-137,-27,113,-183,-31,144,-199,-27,167,-201,-23
410,914,0,62,-14,12,111,-42,10,152,-57,0,185,-75,-8,79,-154,25,122,-205,15,159,-210,5,185,-204,0,67,-162,8,119,-230,-2,159,-233,-9,184,-217,-10,64,-155,-11,115,-218,-19,155,-224,-18,182,-212,-15,70,-135,-31,113,-183,-34,144,-198,-29,167,-200,-24
412,912,0,61,-12,12,111,-40,9,153,-58,-1,185,-75,-9,79,-157,24,122,-208,12,160,-213,1,187,-205,-5,67,-165,6,119,-234,-6,161,-235,-13,187,-218,-16,64,-158,-13,116,-223,-22,158,-227,-23,184,-214,-21,70,-137,-33,114,-185,-37,146,-201,-34,170,-202,-29
409,910,0,64,-13,14,113,-42,13,153,-60,5,184,-79,-2,79,-158,27,122,-211,16,160,-218,5,188,-213,-1,68,-165,8,120,-235,-3,162,-236,-11,189,-220,-14,65,-157,-12,117,-224,-20,159,-230,-21,185,-218,-20,72,-136,-32,115,-185,-36,148,-203,-33,172,-205,-29
409,909,0,62,-13,12,112,-41,10,153,-61,2,183,-81,-4,79,-158,24,122,-211,13,160,-216,2,187,-210,-3,67,-166,7,120,-235,-4,162,-236,-12,188,-219,-14,64,-159,-11,116,-223,-19,158,-228,-20,184,-217,-18,71,-138,-29,114,-186,-32,146,-202,-28,169,-204,-24
407,908,0,62,-12,7,110,-41,4,150,-62,-6,182,-82,-13,75,-148,15,119,-198,3,156,-204,-7,182,-199,-13,63,-157,1,115,-225,-12,155,-228,-19,181,-213,-20,59,-150,-14,110,-215,-24,149,-221,-25,176,-210,-23,66,-131,-31,107,-179,-35,138,-194,-32,161,-196,-28
406,908,0,61,-11,6,110,-40,2,151,-61,-7,182,-82,-15,77,-148,15,120,-198,3,157,-205,-8,184,-199,-14,65,-158,2,116,-227,-11,156,-230,-19,182,-214,-22,61,-151,-14,110,-217,-23,151,-223,-25,176,-213,-23,67,-131,-29,108,-180,-33,139,-197,-31,162,-199,-27
406,911,0,62,-15,14,110,-45,13,150,-64,4,180,-87,-3,75,-153,26,116,-207,16,153,-213,5,178,-207,-1,63,-160,8,114,-231,-3,154,-233,-11,180,-217,-13,61,-153,-12,111,-219,-20,151,-225,-21,178,-213,-19,68,-132,-32,110,-182,-36,141,-199,-33,164,-200,-29
404,911,0,61,-15,10,109,-44,7,149,-65,-3,180,-86,-11,75,-149,21,116,-200,9,153,-206,-4,180,-202,-10,64,-157,4,114,-226,-8,154,-229,-17,179,-214,-20,61,-150,-14,109,-216,-24,149,-223,-25,175,-213,-24,67,-130,-33,108,-178,-37,137,-195,-35,160,-198,-31
401,912,0,63,-15,13,111,-45,11,150,-65,3,180,-86,-4,76,-148,23,118,-199,12,153,-207,1,179,-203,-4,64,-157,6,114,-226,-6,153,-230,-13,178,-215,-16,61,-150,-13,110,-216,-22,149,-223,-23,175,-213,-21,68,-130,-33,107,-180,-36,137,-196,-33,160,-199,-29
401,912,0,62,-15,15,110,-46,13,149,-64,3,181,-86,-6,74,-150,26,115,-203,15,150,-210,4,177,-206,-2,63,-157,7,113,-229,-5,152,-231,-13,177,-216,-15,60,-150,-15,110,-218,-23,149,-224,-23,175,-213,-22,67,-130,-36,108,-179,-40,138,-196,-37,160,-199,-33
400,912,0,60,-16,10,108,-45,7,149,-64,-3,180,-86,-11,76,-147,19,117,-199,7,153,-205,-4,178,-199,-9,63,-156,2,114,-226,-9,153,-228,-16,176,-211,-18,60,-149,-16,110,-216,-24,147,-221,-24,172,-209,-21,65,-131,-34,106,-179,-38,135,-194,-34,156,-195,-30
398,914,0,62,-17,15,108,-47,13,148,-66,2,179,-88,-7,74,-149,25,113,-202,13,148,-210,2,175,-205,-3,62,-156,5,112,-227,-7,151,-230,-13,176,-215,-15,59,-148,-17,108,-216,-25,147,-223,-25,173,-212,-22,66,-129,-39,107,-179,-43,136,-197,-39,158,-199,-35
396,913,0,60,-17,12,108,-45,9,148,-64,-2,180,-87,-10,76,-145,22,115,-197,11,150,-205,1,175,-201,-4,63,-154,4,113,-225,-6,150,-229,-12,173,-215,-12,60,-148,-15,108,-215,-22,144,-222,-20,169,-212,-16,66,-129,-34,105,-178,-37,132,-195,-32,153,-198,-26
396,914,0,62,-18,18,108,-48,16,148,-66,5,178,-91,-5,71,-151,29,110,-205,18,146,-212,7,172,-205,1,61,-156,7,112,-229,-4,151,-229,-12,175,-212,-14,59,-148,-17,109,-218,-24,148,-222,-23,174,-209,-20,67,-128,-41,107,-180,-44,137,-197,-40,160,-199,-35
393,916,0,61,-19,16,108,-48,13,147,-66,1,180,-87,-9,73,-148,27,111,-202,15,146,-211,4,172,-207,-1,62,-155,6,110,-226,-5,148,-229,-12,172,-215,-14,60,-147,-17,107,-215,-25,145,-222,-23,169,-211,-20,67,-127,-39,105,-178,-42,134,-195,-38,156,-199,-33
