279,1088,0,44,-42,-8,74,-91,-29,96,-126,-57,99,-174,-88,13,-176,-19,14,-265,-50,26,-319,-77,30,-363,-98,-5,-168,-42,7,-254,-97,59,-244,-137,88,-212,-156,-17,-150,-65,-5,-230,-110,48,-224,-131,79,-197,-138,-24,-123,-89,-8,-183,-121,33,-197,-135,63,-188,-141
277,1087,0,45,-39,-12,76,-88,-32,98,-126,-60,101,-173,-89,17,-179,-22,19,-264,-53,30,-318,-78,34,-362,-98,-1,-172,-41,11,-256,-95,62,-246,-131,92,-215,-149,-14,-155,-61,-1,-232,-106,51,-226,-125,82,-199,-129,-22,-127,-82,-4,-186,-113,36,-198,-125,67,-190,-130
278,1085,0,46,-39,-11,76,-88,-30,97,-125,-56,99,-174,-84,13,-176,-13,15,-264,-42,29,-318,-68,34,-362,-88,-4,-168,-33,8,-254,-85,59,-246,-124,89,-215,-143,-16,-151,-54,-2,-228,-98,50,-223,-119,81,-198,-125,-21,-126,-76,-3,-185,-106,36,-197,-119,65,-187,-125
282,1086,0,45,-39,-12,74,-88,-31,95,-126,-57,97,-175,-85,10,-176,-15,13,-264,-45,26,-320,-70,32,-364,-89,-7,-169,-34,5,-256,-86,57,-248,-123,88,-216,-140,-18,-153,-54,-5,-231,-96,48,-225,-116,79,-199,-121,-23,-127,-74,-6,-188,-103,34,-200,-115,64,-189,-119
278,1084,0,47,-39,-6,77,-88,-23,99,-125,-49,101,-173,-76,14,-178,-7,17,-264,-35,30,-319,-60,35,-362,-80,-3,-170,-29,9,-256,-82,60,-247,-121,91,-215,-140,-14,-154,-53,-1,-230,-97,51,-225,-119,82,-200,-126,-21,-128,-77,-3,-188,-107,38,-199,-120,67,-188,-126
284,1087,0,44,-39,-13,74,-89,-34,94,-128,-60,95,-176,-89,10,-176,-20,12,-265,-52,25,-321,-78,30,-365,-98,-7,-169,-38,4,-256,-92,57,-247,-130,86,-215,-147,-19,-152,-58,-7,-231,-102,45,-226,-122,77,-199,-127,-25,-126,-78,-10,-187,-109,31,-200,-121,61,-191,-126
280,1087,0,44,-40,-12,75,-89,-32,96,-126,-59,98,-175,-87,13,-176,-18,16,-263,-48,29,-318,-73,33,-361,-93,-4,-169,-37,6,-256,-90,58,-248,-127,88,-217,-144,-16,-153,-57,-4,-231,-101,48,-225,-120,80,-200,-125,-21,-126,-78,-6,-186,-108,35,-199,-120,64,-189,-125
279,1086,0,45,-39,-13,76,-89,-33,98,-126,-59,98,-174,-88,14,-177,-24,15,-266,-56,28,-320,-82,33,-365,-101,-3,-169,-43,8,-257,-97,60,-247,-134,90,-216,-151,-16,-151,-63,-5,-230,-107,48,-224,-127,80,-199,-132,-23,-124,-83,-8,-185,-115,32,-199,-128,63,-190,-133
277,1091,0,45,-40,-10,75,-90,-29,97,-128,-55,98,-175,-83,14,-176,-19,15,-266,-51,29,-322,-77,35,-366,-96,-3,-168,-40,7,-256,-95,59,-248,-132,89,-217,-150,-16,-151,-62,-5,-231,-107,48,-226,-127,80,-201,-133,-23,-124,-85,-8,-186,-117,32,-200,-130,62,-192,-135
182,927,0,44,-53,40,62,-104,55,78,-144,48,78,-184,38,16,-162,112,18,-220,125,22,-257,126,26,-287,122,3,-162,67,4,-235,64,23,-264,45,41,-278,34,-8,-155,17,-2,-221,1,33,-225,-23,61,-210,-34,-14,-144,-31,-6,-202,-44,19,-216,-56,43,-212,-65
181,929,0,45,-55,48,63,-106,66,78,-146,61,80,-184,52,18,-163,117,20,-223,132,24,-261,133,29,-291,129,5,-163,68,5,-235,65,26,-263,45,44,-275,33,-7,-156,15,1,-221,-2,35,-225,-27,62,-210,-40,-13,-145,-37,-5,-204,-51,20,-217,-65,44,-213,-74
203,874,0,37,-43,4,62,-103,0,79,-144,-15,82,-183,-32,16,-173,30,14,-245,18,20,-288,5,24,-321,-6,3,-169,3,7,-244,-36,44,-240,-68,69,-212,-79,-9,-157,-25,-4,-227,-58,35,-225,-78,62,-202,-84,-17,-140,-54,-11,-199,-78,17,-212,-90,40,-203,-95
204,873,0,38,-45,6,62,-103,1,79,-144,-15,81,-183,-32,17,-173,32,15,-244,20,21,-286,7,25,-320,-4,3,-168,5,7,-243,-34,44,-240,-66,69,-213,-78,-9,-156,-25,-3,-226,-57,36,-224,-78,62,-201,-83,-16,-139,-54,-10,-198,-78,19,-210,-90,42,-202,-95
206,871,0,38,-45,7,62,-103,3,79,-143,-13,82,-183,-31,17,-173,33,15,-244,22,21,-286,10,25,-321,-1,3,-169,5,8,-243,-34,45,-239,-65,69,-211,-77,-8,-157,-25,-2,-226,-57,37,-223,-77,63,-200,-82,-16,-140,-55,-9,-199,-78,19,-211,-89,42,-202,-93
209,871,0,38,-46,6,62,-104,2,78,-144,-15,81,-183,-33,16,-173,33,14,-243,22,20,-285,10,24,-319,-1,3,-168,5,7,-243,-32,43,-240,-63,68,-213,-75,-8,-157,-24,-2,-226,-56,36,-224,-76,62,-201,-81,-15,-139,-55,-10,-199,-77,18,-211,-89,41,-202,-93
209,871,0,38,-46,7,62,-104,3,79,-144,-14,81,-183,-32,16,-171,34,15,-242,24,20,-283,12,24,-317,1,3,-167,6,7,-241,-31,43,-238,-62,67,-212,-73,-7,-155,-24,-1,-224,-55,37,-222,-75,62,-199,-81,-14,-138,-55,-8,-197,-77,19,-210,-88,41,-201,-93
212,866,0,38,-45,7,63,-103,3,80,-143,-14,82,-183,-31,17,-172,34,15,-243,24,21,-285,12,25,-320,2,4,-168,6,8,-243,-31,44,-239,-61,68,-212,-72,-7,-156,-23,0,-226,-54,37,-224,-73,63,-200,-78,-15,-140,-54,-8,-200,-75,20,-212,-86,42,-203,-90
218,862,0,38,-45,5,62,-104,0,79,-144,-15,81,-183,-33,16,-172,30,14,-243,18,20,-286,5,24,-319,-6,3,-167,3,6,-242,-36,42,-239,-67,66,-213,-79,-9,-155,-26,-4,-224,-59,34,-223,-79,60,-201,-84,-16,-137,-56,-11,-196,-79,17,-210,-91,40,-202,-96
220,859,0,37,-45,2,62,-103,-3,80,-143,-19,81,-183,-37,16,-173,28,14,-244,16,20,-287,3,24,-320,-8,3,-168,3,6,-243,-36,42,-239,-68,66,-212,-79,-9,-156,-25,-4,-224,-58,34,-223,-78,60,-201,-84,-16,-138,-54,-10,-197,-77,17,-210,-89,40,-202,-94
221,855,0,38,-44,3,63,-103,-2,80,-144,-17,82,-183,-34,16,-173,28,14,-244,16,20,-287,3,24,-321,-8,3,-168,3,8,-243,-36,44,-239,-67,68,-212,-78,-9,-157,-25,-2,-225,-58,36,-223,-78,62,-201,-82,-16,-140,-53,-9,-198,-77,19,-210,-89,42,-201,-93
343,846,0,44,-49,25,70,-103,26,91,-138,12,102,-172,-4,19,-170,47,25,-240,40,34,-282,30,41,-316,19,8,-168,11,29,-240,-19,66,-240,-44,89,-218,-54,3,-159,-26,28,-226,-52,67,-221,-66,90,-197,-70,4,-143,-63,23,-202,-79,55,-210,-85,78,-198,-87
344,847,0,43,-49,27,70,-103,30,90,-138,17,102,-172,2,19,-170,52,25,-238,47,34,-280,37,41,-313,27,9,-168,15,27,-239,-12,64,-241,-37,87,-220,-46,3,-159,-23,28,-225,-47,68,-220,-62,90,-195,-66,4,-143,-60,23,-201,-76,55,-209,-83,79,-197,-84
346,846,0,44,-49,26,70,-103,28,90,-139,14,101,-173,0,18,-171,48,24,-241,41,33,-282,32,40,-316,22,7,-168,12,28,-240,-17,66,-241,-42,89,-219,-52,2,-159,-26,28,-226,-51,67,-220,-66,90,-197,-70,3,-142,-62,23,-201,-78,55,-210,-85,78,-197,-87
347,851,0,43,-48,25,69,-103,26,90,-139,12,100,-173,-2,17,-170,44,26,-239,37,35,-281,28,42,-314,18,6,-168,8,26,-241,-18,62,-246,-41,84,-232,-51,1,-158,-29,26,-225,-53,66,-222,-68,90,-200,-72,3,-142,-64,22,-201,-81,54,-210,-87,77,-200,-90
351,851,0,42,-48,20,69,-103,20,88,-140,6,98,-174,-8,16,-170,39,23,-240,30,33,-283,19,40,-317,9,5,-168,6,27,-240,-25,64,-240,-49,87,-221,-59,0,-158,-28,25,-226,-55,64,-222,-70,87,-198,-73,1,-143,-61,21,-201,-80,52,-211,-87,76,-200,-89
351,853,0,42,-49,23,69,-104,23,91,-140,9,100,-173,-6,16,-171,41,24,-240,32,34,-282,21,41,-315,10,5,-168,6,29,-239,-26,67,-237,-51,91,-215,-62,0,-158,-30,27,-225,-57,66,-220,-71,88,-196,-75,2,-142,-65,22,-200,-83,54,-210,-90,77,-200,-92
350,854,0,43,-50,28,70,-104,29,90,-140,14,100,-173,-2,16,-170,45,25,-239,37,36,-281,26,43,-314,15,6,-167,6,30,-238,-25,69,-236,-51,92,-214,-62,1,-157,-32,28,-224,-58,67,-219,-72,90,-195,-76,4,-141,-70,23,-200,-87,55,-210,-93,77,-199,-94
351,855,0,43,-49,26,70,-104,27,91,-138,12,101,-173,-4,16,-170,44,25,-239,36,35,-281,25,43,-314,14,6,-167,6,31,-238,-25,70,-235,-50,93,-212,-62,1,-158,-32,28,-225,-57,67,-219,-71,89,-195,-74,3,-142,-69,23,-201,-85,55,-210,-91,77,-200,-93
353,856,0,41,-50,27,69,-104,28,90,-140,13,99,-174,-3,16,-169,47,24,-238,40,34,-278,29,42,-311,19,6,-167,9,31,-237,-21,69,-234,-46,92,-212,-56,1,-157,-29,28,-224,-54,66,-218,-68,88,-194,-72,3,-142,-66,23,-200,-82,54,-209,-88,77,-198,-89
355,858,0,42,-50,27,69,-105,29,89,-141,15,99,-174,0,15,-170,45,23,-239,38,33,-280,29,41,-313,18,6,-168,8,30,-238,-23,69,-236,-48,92,-214,-58,1,-158,-30,27,-224,-56,66,-219,-70,88,-195,-74,3,-142,-67,23,-200,-84,53,-210,-91,75,-200,-93
354,858,0,42,-50,27,69,-105,29,90,-140,15,100,-174,0,16,-169,46,25,-238,38,35,-278,28,42,-312,17,6,-167,8,31,-238,-22,69,-234,-47,92,-212,-58,1,-158,-29,28,-225,-54,66,-219,-69,88,-195,-73,4,-142,-66,24,-201,-82,55,-209,-89,77,-199,-91
359,858,0,42,-50,26,68,-105,26,89,-140,12,98,-174,-3,13,-170,40,22,-239,31,32,-280,20,40,-313,8,3,-167,3,29,-238,-29,69,-234,-54,93,-211,-64,-2,-157,-34,26,-224,-60,65,-219,-74,87,-195,-77,2,-141,-69,22,-200,-87,52,-210,-94,75,-200,-95
359,858,0,42,-50,25,69,-105,26,89,-140,11,99,-174,-6,14,-169,41,23,-238,32,34,-280,20,41,-312,9,4,-165,4,28,-237,-28,68,-235,-55,92,-212,-67,0,-155,-33,25,-222,-59,65,-218,-74,87,-194,-78,3,-139,-68,22,-198,-86,53,-208,-92,75,-197,-93
371,858,0,45,-50,25,72,-105,25,92,-141,11,96,-176,-6,15,-168,37,23,-239,26,34,-281,14,41,-314,2,4,-165,0,29,-237,-33,70,-231,-59,92,-206,-70,0,-154,-36,27,-221,-65,67,-212,-79,87,-187,-82,4,-136,-71,24,-195,-91,55,-200,-97,76,-187,-98
374,861,0,43,-50,20,70,-104,19,90,-142,4,94,-177,-11,15,-169,34,22,-239,22,33,-280,9,40,-313,-2,4,-166,1,28,-237,-34,68,-232,-59,89,-207,-69,0,-155,-33,25,-221,-63,64,-213,-77,86,-189,-79,2,-138,-66,23,-195,-85,54,-201,-92,75,-188,-92
375,860,0,43,-50,21,70,-105,20,90,-142,5,95,-176,-10,15,-169,35,22,-239,24,33,-281,11,40,-315,-1,4,-166,2,29,-237,-33,69,-232,-59,91,-208,-70,0,-155,-32,25,-222,-63,65,-213,-77,87,-189,-79,2,-139,-66,23,-196,-86,54,-201,-92,75,-189,-93
372,861,0,44,-51,25,71,-105,25,91,-142,11,97,-175,-4,16,-170,36,24,-240,24,35,-282,12,41,-316,0,5,-166,0,30,-239,-36,70,-232,-62,92,-207,-72,1,-155,-36,27,-222,-67,67,-213,-80,88,-189,-82,4,-138,-71,24,-195,-92,55,-201,-97,77,-189,-98
374,862,0,43,-51,24,70,-105,25,90,-142,10,95,-176,-6,16,-171,37,21,-242,25,33,-284,11,40,-318,-1,5,-166,1,27,-240,-36,67,-234,-63,89,-208,-74,0,-155,-36,24,-222,-67,65,-214,-82,86,-189,-84,2,-137,-71,22,-195,-92,54,-201,-98,75,-188,-99
373,862,0,44,-52,26,69,-106,28,89,-141,13,96,-176,-3,16,-170,39,21,-242,28,32,-283,15,39,-317,3,6,-166,1,26,-240,-34,67,-234,-64,89,-208,-77,1,-154,-37,23,-220,-66,64,-214,-84,85,-191,-89,3,-135,-74,20,-193,-94,52,-202,-102,73,-192,-106
369,863,0,45,-53,27,71,-107,28,90,-142,13,95,-176,-5,18,-171,39,22,-242,27,33,-285,13,40,-320,-1,8,-166,0,27,-240,-37,68,-234,-68,90,-207,-82,3,-154,-39,23,-221,-69,64,-214,-88,85,-189,-93,3,-135,-76,20,-192,-97,52,-201,-106,73,-191,-110
361,853,0,36,-37,-12,62,-98,-20,77,-143,-35,79,-184,-50,21,-173,-3,18,-249,-24,24,-295,-39,27,-331,-51,6,-168,-18,10,-245,-63,48,-238,-91,71,-211,-101,-7,-155,-36,-5,-226,-75,34,-222,-91,60,-198,-93,-19,-135,-55,-13,-195,-84,15,-205,-96,37,-198,-99
361,849,0,36,-37,-13,62,-98,-22,77,-143,-38,79,-184,-53,21,-172,-3,17,-249,-25,23,-295,-41,26,-331,-54,6,-168,-19,10,-246,-64,48,-238,-93,72,-210,-103,-7,-154,-36,-6,-228,-75,34,-223,-92,59,-198,-93,-19,-136,-55,-13,-195,-85,16,-206,-97,38,-198,-100
360,848,0,36,-37,-12,62,-97,-22,77,-142,-38,79,-184,-53,22,-173,-4,18,-252,-26,24,-298,-43,27,-335,-55,6,-169,-20,10,-248,-66,49,-240,-95,72,-211,-105,-7,-156,-38,-6,-230,-78,35,-224,-94,60,-199,-95,-19,-137,-58,-13,-197,-88,16,-209,-100,39,-201,-102
359,847,0,37,-37,-13,63,-97,-23,77,-141,-39,80,-183,-56,21,-172,-5,18,-249,-27,24,-295,-44,27,-332,-57,6,-167,-21,10,-247,-67,48,-239,-97,72,-212,-107,-7,-154,-39,-5,-228,-78,34,-224,-95,61,-200,-97,-18,-135,-58,-13,-195,-89,16,-207,-101,39,-200,-104
357,848,0,37,-37,-12,63,-97,-22,79,-141,-38,83,-182,-54,21,-171,-3,18,-248,-24,25,-295,-41,28,-331,-54,6,-167,-19,11,-246,-65,50,-239,-95,73,-212,-106,-7,-154,-38,-4,-228,-77,36,-223,-94,63,-199,-97,-18,-135,-58,-11,-194,-88,19,-207,-101,42,-201,-104
356,847,0,37,-37,-13,63,-97,-23,79,-140,-40,83,-182,-56,21,-171,-3,19,-248,-25,25,-294,-42,28,-331,-55,7,-167,-19,11,-245,-66,50,-238,-96,73,-210,-106,-7,-154,-37,-4,-227,-77,36,-222,-95,62,-197,-97,-17,-135,-57,-11,-195,-88,18,-207,-100,41,-200,-104
355,846,0,37,-38,-12,64,-97,-23,80,-140,-39,82,-183,-56,21,-172,-4,18,-250,-26,25,-297,-43,28,-335,-57,6,-168,-20,11,-247,-67,50,-240,-97,74,-212,-108,-7,-155,-38,-4,-228,-78,36,-224,-96,63,-199,-98,-17,-136,-58,-11,-196,-88,18,-208,-101,42,-202,-105
355,846,0,37,-37,-13,63,-97,-24,78,-141,-40,80,-184,-57,21,-172,-3,18,-250,-26,25,-298,-43,27,-335,-56,6,-169,-19,11,-247,-66,49,-239,-96,72,-211,-106,-7,-156,-37,-5,-229,-77,35,-224,-95,61,-199,-97,-18,-137,-57,-12,-197,-87,17,-209,-100,40,-202,-103
354,847,0,36,-36,-14,63,-97,-24,78,-143,-40,78,-185,-55,21,-175,-5,19,-252,-27,24,-300,-44,26,-337,-56,5,-170,-20,11,-249,-66,49,-240,-95,72,-211,-105,-8,-157,-37,-6,-231,-77,34,-225,-94,61,-200,-95,-20,-139,-55,-14,-198,-86,15,-210,-98,37,-203,-102
353,845,0,36,-37,-14,63,-97,-25,77,-142,-41,78,-184,-58,21,-177,-8,19,-258,-30,25,-306,-47,27,-345,-60,5,-173,-23,12,-252,-70,50,-243,-100,74,-215,-110,-9,-160,-40,-6,-234,-81,35,-229,-98,62,-204,-100,-21,-141,-59,-15,-202,-90,14,-215,-102,37,-207,-106
351,850,0,36,-37,-14,62,-97,-25,76,-143,-41,75,-186,-57,22,-176,-7,19,-256,-29,25,-304,-46,27,-342,-58,6,-173,-21,11,-251,-69,49,-242,-98,72,-214,-107,-8,-160,-38,-7,-234,-79,33,-228,-96,60,-203,-97,-21,-141,-57,-16,-202,-88,12,-214,-100,35,-207,-103
351,850,0,36,-37,-15,62,-97,-26,76,-142,-42,74,-186,-59,22,-176,-7,20,-257,-29,26,-304,-45,27,-342,-58,6,-173,-21,10,-252,-68,48,-243,-97,71,-214,-108,-9,-161,-38,-8,-234,-77,32,-228,-94,58,-203,-97,-23,-141,-56,-19,-201,-86,8,-213,-98,30,-207,-102
353,849,0,38,-35,-26,63,-93,-41,71,-142,-60,64,-190,-79,32,-186,-6,30,-261,-26,33,-307,-44,32,-342,-58,11,-183,-14,9,-260,-55,38,-251,-86,58,-218,-98,-9,-169,-25,-16,-243,-56,15,-239,-73,38,-212,-77,-30,-148,-38,-33,-207,-63,-11,-220,-75,9,-212,-79
354,850,0,38,-35,-26,62,-93,-41,70,-142,-59,62,-190,-77,32,-185,-6,30,-260,-25,32,-305,-42,31,-340,-56,11,-182,-13,9,-260,-54,38,-250,-84,57,-217,-96,-9,-169,-24,-17,-242,-55,15,-239,-71,37,-212,-74,-31,-147,-37,-33,-207,-61,-11,-220,-73,9,-212,-77
354,849,0,38,-35,-27,64,-95,-42,70,-143,-59,61,-191,-77,33,-186,-7,30,-262,-26,33,-307,-44,32,-343,-59,12,-184,-13,10,-261,-55,37,-251,-85,57,-218,-98,-9,-171,-23,-16,-244,-55,13,-242,-71,36,-214,-75,-31,-149,-36,-34,-208,-61,-13,-222,-72,7,-214,-76
355,847,0,38,-34,-27,63,-94,-43,71,-143,-61,61,-191,-79,33,-187,-9,30,-263,-29,32,-309,-46,31,-344,-60,12,-184,-16,9,-262,-56,38,-251,-85,56,-217,-95,-9,-170,-26,-17,-245,-56,12,-242,-70,34,-214,-73,-32,-148,-39,-34,-209,-63,-13,-222,-73,7,-212,-76
355,844,0,39,-34,-30,63,-95,-45,68,-144,-62,59,-192,-80,33,-186,-9,30,-262,-28,33,-307,-47,31,-341,-62,12,-183,-14,9,-261,-55,35,-249,-88,52,-215,-102,-10,-171,-22,-19,-244,-53,8,-242,-71,29,-213,-77,-33,-148,-33,-37,-207,-57,-18,-222,-71,1,-213,-76
356,843,0,37,-34,-28,61,-95,-43,67,-144,-59,57,-192,-76,32,-186,-7,29,-262,-25,31,-307,-43,29,-343,-57,11,-183,-12,8,-258,-51,33,-247,-82,50,-215,-96,-11,-170,-20,-19,-244,-50,8,-240,-68,28,-211,-74,-34,-148,-32,-37,-208,-56,-17,-221,-69,1,-211,-75
355,845,0,38,-35,-30,61,-95,-45,67,-143,-62,57,-192,-79,33,-183,-5,30,-257,-23,31,-302,-42,28,-337,-58,12,-181,-10,8,-254,-49,32,-246,-82,49,-215,-98,-10,-169,-17,-19,-240,-47,7,-238,-68,27,-210,-75,-33,-147,-28,-37,-205,-52,-18,-220,-67,1,-210,-74
354,841,0,39,-33,-32,63,-95,-46,67,-145,-62,57,-192,-78,33,-185,-7,31,-261,-25,32,-306,-44,30,-341,-59,12,-182,-11,9,-257,-50,32,-248,-84,48,-217,-100,-10,-170,-17,-18,-242,-47,7,-241,-69,26,-213,-78,-34,-148,-27,-37,-207,-51,-19,-221,-66,0,-211,-74
355,840,0,39,-33,-30,62,-94,-45,67,-144,-61,56,-192,-78,34,-186,-7,31,-262,-25,32,-308,-44,29,-344,-60,11,-183,-11,8,-259,-50,32,-248,-85,48,-215,-101,-11,-170,-18,-19,-244,-48,7,-241,-70,25,-212,-79,-35,-148,-29,-38,-207,-53,-19,-221,-68,-2,-211,-76
353,841,0,39,-33,-32,63,-95,-47,67,-144,-63,56,-192,-80,34,-186,-7,32,-262,-24,33,-307,-44,30,-343,-60,12,-184,-10,8,-258,-50,32,-248,-84,49,-215,-101,-11,-171,-17,-19,-244,-48,7,-240,-69,25,-211,-78,-34,-148,-27,-38,-207,-52,-19,-221,-67,-2,-210,-75
352,841,0,39,-33,-31,62,-95,-46,66,-145,-62,55,-193,-78,33,-187,-8,31,-263,-25,32,-309,-44,29,-344,-60,11,-184,-11,8,-259,-50,31,-248,-83,48,-215,-99,-12,-171,-18,-20,-244,-49,5,-241,-69,24,-212,-78,-35,-148,-28,-39,-208,-53,-20,-220,-68,-3,-210,-76
348,841,0,39,-33,-31,63,-95,-45,67,-144,-61,56,-192,-77,35,-187,-8,32,-263,-26,32,-309,-45,30,-344,-60,12,-184,-12,8,-259,-51,32,-248,-83,47,-215,-98,-10,-171,-18,-19,-244,-49,6,-241,-68,24,-213,-76,-34,-149,-28,-38,-207,-53,-19,-220,-68,-2,-210,-75
347,840,0,39,-32,-29,63,-96,-41,66,-146,-56,55,-193,-70,34,-189,-8,31,-266,-26,32,-312,-45,29,-349,-60,11,-186,-12,7,-262,-51,31,-250,-83,47,-218,-98,-11,-172,-19,-20,-247,-50,6,-242,-70,24,-213,-77,-35,-150,-30,-38,-209,-55,-20,-221,-70,-3,-211,-77
347,840,0,39,-33,-29,62,-96,-43,67,-146,-58,55,-193,-73,33,-187,-10,29,-264,-28,30,-310,-48,27,-346,-63,10,-184,-14,6,-260,-53,30,-249,-85,46,-216,-100,-12,-170,-21,-20,-244,-52,5,-240,-71,23,-212,-78,-36,-148,-32,-40,-207,-56,-21,-220,-71,-4,-210,-78
346,838,0,39,-33,-30,63,-94,-44,67,-145,-59,56,-192,-75,33,-187,-11,30,-265,-29,30,-311,-48,27,-348,-63,11,-184,-14,6,-260,-53,30,-250,-84,47,-218,-98,-12,-171,-21,-21,-244,-51,5,-242,-69,23,-214,-76,-36,-149,-31,-40,-208,-55,-21,-221,-69,-4,-211,-76
347,837,0,39,-33,-30,63,-94,-45,67,-144,-61,55,-193,-78,32,-188,-12,29,-266,-31,30,-313,-50,26,-350,-66,10,-185,-16,5,-261,-54,30,-250,-86,46,-218,-101,-13,-171,-23,-22,-245,-53,4,-242,-71,22,-213,-78,-37,-149,-33,-41,-208,-57,-22,-220,-71,-5,-211,-78
346,837,0,40,-33,-30,63,-95,-44,67,-145,-60,55,-193,-76,33,-188,-10,30,-265,-29,30,-312,-48,27,-348,-64,10,-185,-14,6,-261,-53,31,-249,-86,46,-217,-102,-12,-171,-21,-21,-245,-52,5,-241,-71,23,-212,-79,-36,-149,-31,-40,-209,-56,-21,-220,-70,-3,-210,-78
347,836,0,39,-33,-30,63,-94,-44,67,-144,-60,55,-193,-77,32,-188,-12,29,-266,-31,29,-312,-50,26,-349,-66,10,-184,-16,5,-261,-55,30,-250,-87,46,-218,-102,-13,-171,-23,-22,-245,-53,4,-241,-72,23,-213,-80,-37,-149,-33,-40,-207,-58,-21,-220,-72,-4,-212,-79
347,835,0,39,-33,-30,62,-94,-45,67,-144,-62,56,-192,-79,32,-188,-11,29,-265,-29,29,-312,-48,26,-348,-63,10,-184,-15,5,-262,-54,31,-250,-85,48,-218,-99,-12,-171,-22,-21,-245,-53,7,-240,-71,26,-211,-77,-36,-149,-32,-39,-209,-57,-19,-221,-71,-1,-211,-77
346,836,0,38,-33,-30,63,-94,-45,67,-143,-61,57,-192,-78,32,-186,-10,29,-264,-29,30,-310,-47,27,-347,-63,10,-183,-14,7,-261,-55,32,-251,-87,49,-219,-101,-12,-170,-22,-21,-244,-53,7,-241,-71,27,-213,-77,-35,-149,-33,-38,-207,-58,-18,-221,-71,0,-213,-78
347,835,0,38,-33,-28,62,-94,-43,67,-143,-59,57,-192,-76,32,-187,-9,28,-265,-29,29,-311,-47,27,-348,-62,10,-183,-15,7,-261,-56,33,-251,-88,51,-219,-101,-12,-170,-23,-21,-245,-55,8,-241,-73,29,-214,-78,-35,-148,-34,-38,-207,-60,-18,-221,-73,1,-213,-79
347,835,0,38,-32,-26,62,-93,-40,69,-142,-57,60,-191,-74,31,-187,-9,28,-265,-28,29,-311,-45,27,-348,-59,9,-183,-16,6,-262,-56,34,-251,-86,52,-219,-97,-12,-170,-26,-21,-245,-57,9,-241,-72,31,-213,-75,-34,-147,-39,-37,-206,-63,-16,-220,-75,3,-212,-79
347,836,0,38,-33,-28,63,-93,-44,70,-142,-62,61,-191,-81,31,-186,-9,28,-262,-28,29,-309,-47,26,-345,-61,9,-182,-15,6,-260,-57,33,-250,-88,52,-218,-101,-12,-169,-25,-20,-244,-56,9,-239,-73,32,-212,-77,-34,-147,-37,-37,-206,-62,-16,-219,-74,4,-210,-79
347,835,0,38,-33,-28,63,-92,-43,70,-141,-61,62,-190,-80,30,-186,-10,27,-263,-30,29,-309,-48,26,-347,-63,9,-182,-16,7,-261,-58,35,-250,-89,55,-219,-101,-12,-169,-26,-20,-243,-58,11,-239,-74,34,-212,-77,-33,-147,-39,-36,-207,-64,-14,-219,-75,5,-210,-79
348,835,0,38,-32,-29,63,-92,-45,70,-141,-64,62,-190,-83,29,-186,-11,26,-264,-31,28,-311,-50,25,-348,-65,8,-182,-17,5,-260,-60,35,-250,-91,55,-218,-104,-13,-169,-27,-20,-243,-60,11,-238,-76,35,-212,-80,-34,-146,-39,-36,-206,-65,-15,-218,-77,5,-209,-81
348,839,0,37,-33,-28,61,-93,-44,69,-142,-63,61,-191,-82,28,-184,-9,25,-261,-30,27,-307,-48,24,-344,-63,8,-180,-17,5,-259,-59,34,-249,-90,53,-217,-102,-12,-167,-27,-20,-240,-60,11,-236,-75,34,-210,-79,-33,-145,-40,-36,-204,-66,-14,-217,-77,5,-209,-81
348,842,0,37,-33,-27,62,-94,-43,70,-142,-62,62,-191,-82,27,-185,-9,24,-262,-30,25,-308,-48,24,-345,-62,6,-181,-17,4,-259,-60,33,-250,-89,53,-221,-101,-14,-168,-28,-21,-241,-62,12,-236,-77,36,-211,-80,-33,-145,-42,-35,-204,-68,-13,-216,-80,6,-208,-83
348,842,0,36,-34,-25,61,-94,-41,68,-143,-59,63,-190,-77,26,-183,-8,23,-260,-29,25,-306,-46,23,-342,-59,6,-179,-17,3,-257,-59,34,-248,-88,55,-219,-98,-13,-166,-28,-20,-239,-62,13,-234,-76,38,-209,-78,-32,-144,-42,-35,-202,-69,-12,-214,-79,8,-206,-82
347,845,0,36,-35,-24,61,-95,-38,69,-143,-57,63,-190,-75,26,-183,-8,23,-260,-29,25,-305,-47,23,-341,-60,6,-179,-17,4,-258,-61,35,-248,-90,56,-218,-101,-12,-165,-29,-19,-239,-64,14,-234,-78,38,-209,-80,-31,-144,-44,-33,-203,-71,-11,-215,-82,10,-208,-85
348,844,0,36,-34,-23,61,-95,-38,68,-143,-56,64,-190,-74,24,-182,-10,20,-259,-32,23,-305,-50,22,-342,-64,5,-177,-20,3,-257,-66,36,-247,-98,58,-216,-109,-13,-163,-33,-20,-237,-70,15,-232,-86,40,-206,-88,-31,-141,-49,-33,-200,-77,-10,-213,-89,11,-206,-93
346,848,0,35,-37,-18,60,-98,-29,69,-145,-46,66,-189,-62,20,-176,-5,16,-254,-26,20,-299,-43,20,-336,-56,3,-173,-17,3,-250,-62,37,-243,-91,58,-216,-102,-12,-160,-33,-16,-231,-69,20,-228,-83,45,-204,-84,-26,-139,-50,-27,-197,-77,-3,-211,-88,17,-206,-91
375,813,0,-23,-71,60,-21,-132,68,-4,-174,61,18,-200,51,-31,-167,11,-17,-255,-1,-7,-304,-2,0,-338,1,-13,-164,-27,23,-251,-33,49,-247,-18,58,-224,-3,14,-151,-59,44,-239,-62,67,-233,-31,75,-210,-5,45,-132,-86,65,-209,-78,82,-212,-46,89,-198,-19
376,813,0,-23,-70,58,-22,-132,65,-5,-174,57,17,-200,46,-31,-166,8,-17,-253,-4,-7,-302,-5,0,-335,-1,-13,-163,-30,23,-249,-36,48,-244,-20,57,-223,-5,15,-150,-61,44,-237,-63,67,-231,-31,74,-208,-6,45,-131,-87,64,-207,-78,80,-209,-46,87,-195,-19
376,814,0,-22,-71,56,-20,-132,62,-4,-173,54,18,-200,42,-31,-164,7,-16,-251,-6,-6,-299,-7,1,-332,-5,-13,-161,-30,23,-247,-38,49,-243,-24,58,-223,-10,15,-149,-61,44,-235,-64,67,-229,-34,75,-207,-10,45,-130,-88,64,-205,-80,80,-207,-48,88,-193,-22
378,814,0,-23,-71,58,-21,-131,64,-5,-174,56,17,-200,44,-31,-165,6,-17,-252,-7,-7,-301,-9,1,-334,-6,-14,-161,-32,23,-248,-39,50,-244,-25,60,-224,-10,14,-148,-63,44,-235,-66,68,-230,-35,76,-207,-11,44,-130,-89,64,-206,-80,81,-207,-48,88,-193,-21
379,811,0,-24,-71,57,-22,-131,64,-6,-173,55,16,-200,44,-32,-165,6,-17,-252,-7,-7,-301,-9,0,-335,-6,-14,-161,-31,23,-249,-38,49,-244,-24,57,-224,-10,14,-149,-62,45,-235,-64,67,-228,-33,74,-205,-9,44,-130,-88,64,-206,-78,80,-206,-45,85,-190,-18
378,811,0,-23,-71,57,-22,-132,63,-5,-174,54,18,-200,42,-32,-165,7,-16,-251,-6,-5,-300,-8,2,-333,-6,-14,-161,-31,23,-248,-38,49,-243,-24,58,-222,-11,14,-148,-62,45,-235,-64,68,-228,-34,76,-205,-11,44,-130,-88,64,-205,-78,80,-206,-47,87,-190,-20
378,810,0,-23,-71,55,-21,-132,60,-4,-173,50,18,-200,38,-31,-165,7,-16,-251,-6,-5,-301,-9,2,-335,-8,-14,-161,-30,23,-249,-38,50,-244,-26,59,-224,-15,14,-149,-61,45,-235,-62,69,-228,-34,76,-206,-13,44,-132,-87,64,-206,-77,81,-206,-47,88,-190,-22
378,810,0,-23,-71,58,-21,-132,64,-4,-173,56,18,-200,45,-31,-165,9,-16,-252,-4,-4,-301,-6,3,-335,-3,-14,-161,-29,25,-249,-36,52,-245,-23,61,-225,-9,13,-149,-60,45,-236,-62,69,-230,-33,78,-208,-9,44,-131,-87,64,-206,-78,81,-207,-47,89,-193,-21
376,809,0,-22,-71,54,-21,-132,59,-4,-173,50,19,-200,38,-30,-164,6,-15,-252,-7,-3,-301,-9,3,-335,-7,-12,-161,-31,26,-250,-38,53,-246,-27,62,-226,-15,15,-150,-60,46,-237,-63,70,-230,-36,78,-208,-14,45,-132,-86,65,-207,-78,82,-209,-48,89,-194,-24
374,808,0,-21,-72,59,-20,-132,66,-3,-174,58,21,-199,46,-29,-166,9,-13,-253,-3,-2,-301,-4,6,-334,-2,-13,-162,-30,28,-250,-38,56,-245,-25,66,-224,-12,14,-149,-63,47,-236,-66,72,-230,-39,81,-207,-17,44,-130,-90,64,-208,-83,83,-209,-53,92,-195,-28
372,807,0,-21,-73,57,-19,-134,64,0,-175,56,23,-199,44,-29,-168,11,-12,-254,0,0,-302,-2,7,-336,0,-12,-165,-28,29,-252,-35,57,-246,-24,66,-225,-13,15,-152,-60,48,-238,-62,73,-231,-36,81,-208,-16,45,-133,-87,66,-210,-79,84,-211,-51,92,-195,-27
369,806,0,-20,-72,57,-17,-133,64,0,-174,56,23,-199,44,-27,-166,9,-10,-252,-2,2,-301,-2,9,-333,0,-11,-162,-29,31,-250,-37,60,-245,-26,71,-224,-15,15,-150,-61,49,-236,-64,76,-230,-39,85,-208,-18,46,-132,-88,66,-208,-81,86,-210,-53,96,-196,-30
363,805,0,-18,-71,57,-15,-132,63,3,-172,53,26,-199,40,-25,-168,11,-8,-252,-1,5,-300,-3,11,-334,-3,-11,-163,-29,34,-250,-40,66,-242,-33,79,-222,-25,13,-150,-63,50,-237,-69,80,-228,-48,92,-206,-30,41,-133,-92,64,-209,-88,86,-211,-63,99,-196,-43
365,881,0,49,-39,27,75,-89,40,94,-127,34,104,-171,28,44,-159,116,53,-213,132,58,-249,131,61,-279,125,31,-164,79,38,-228,73,59,-243,52,76,-243,41,19,-162,36,33,-225,16,67,-219,-6,91,-195,-15,10,-157,-8,27,-209,-25,54,-218,-38,78,-211,-46
358,885,0,48,-40,27,75,-90,39,93,-127,32,104,-171,24,45,-159,113,53,-215,128,58,-251,126,61,-281,118,32,-164,76,40,-227,66,64,-237,42,82,-230,30,20,-162,33,34,-225,13,67,-219,-9,92,-194,-18,11,-155,-11,27,-208,-28,53,-218,-40,76,-212,-48
356,885,0,47,-40,22,73,-90,31,93,-128,22,102,-172,13,42,-158,108,51,-213,121,55,-248,119,58,-278,112,31,-161,73,37,-224,64,60,-238,41,78,-234,29,18,-159,32,33,-222,12,66,-217,-10,91,-193,-20,10,-152,-10,25,-205,-26,51,-216,-39,74,-211,-46
352,885,0,48,-41,24,74,-91,35,93,-128,26,102,-172,18,41,-159,110,50,-213,123,55,-249,121,59,-279,114,30,-162,74,37,-224,64,61,-234,41,81,-227,30,19,-160,33,33,-222,14,67,-215,-7,91,-190,-15,11,-153,-10,27,-206,-24,53,-216,-35,77,-208,-41
197,808,0,35,-32,-21,64,-88,-32,81,-134,-49,84,-182,-66,28,-160,31,38,-218,20,46,-260,7,51,-290,-6,13,-165,18,25,-226,-18,54,-229,-49,75,-209,-62,-3,-162,0,3,-227,-29,31,-233,-51,56,-217,-59,-18,-152,-23,-13,-206,-44,9,-225,-60,33,-226,-67
196,807,0,35,-31,-21,63,-88,-32,80,-134,-49,83,-182,-66,28,-159,31,39,-217,21,47,-258,7,51,-290,-5,14,-165,18,26,-226,-17,53,-230,-49,75,-209,-61,-3,-162,-1,4,-227,-29,31,-233,-51,55,-218,-59,-18,-153,-23,-14,-207,-44,8,-227,-59,31,-226,-67
194,806,0,35,-32,-20,63,-88,-31,81,-134,-48,83,-182,-66,28,-160,32,39,-217,21,47,-259,7,52,-290,-5,14,-165,18,26,-226,-18,53,-229,-51,74,-208,-64,-3,-163,-1,3,-227,-30,31,-234,-53,56,-219,-62,-18,-152,-25,-14,-206,-46,8,-227,-62,32,-228,-71
193,806,0,35,-32,-20,63,-88,-30,80,-134,-47,82,-183,-64,29,-159,33,39,-217,24,47,-258,10,52,-288,-3,14,-164,20,26,-225,-16,53,-229,-48,74,-209,-61,-3,-162,0,3,-225,-28,31,-233,-50,56,-219,-60,-18,-152,-24,-13,-205,-45,9,-225,-61,32,-226,-69
194,804,0,35,-32,-20,63,-88,-30,80,-134,-48,82,-183,-65,29,-161,33,39,-218,23,47,-259,10,51,-290,-2,14,-166,19,26,-226,-16,52,-230,-48,73,-210,-61,-3,-163,-1,3,-226,-29,31,-234,-51,55,-219,-61,-19,-152,-24,-14,-205,-46,8,-226,-62,31,-227,-71
193,805,0,36,-32,-19,63,-87,-29,81,-133,-46,82,-182,-64,29,-159,38,40,-216,29,47,-256,16,50,-287,3,14,-164,23,25,-224,-11,52,-229,-45,72,-210,-59,-2,-161,3,2,-225,-25,29,-232,-49,54,-217,-59,-18,-151,-22,-13,-203,-43,8,-224,-60,31,-226,-70
195,805,0,35,-31,-19,63,-87,-29,81,-134,-46,82,-182,-63,29,-160,35,39,-218,26,47,-258,14,50,-289,2,14,-165,21,26,-226,-13,53,-231,-44,74,-213,-57,-3,-163,1,3,-227,-27,31,-234,-49,56,-219,-58,-18,-153,-23,-14,-206,-45,8,-226,-61,31,-228,-70
196,805,0,36,-32,-18,64,-88,-27,81,-134,-44,83,-182,-62,29,-161,38,40,-217,30,47,-258,17,51,-288,4,14,-165,23,26,-227,-11,52,-230,-44,73,-211,-58,-3,-163,1,3,-227,-26,31,-233,-50,56,-218,-61,-18,-153,-24,-14,-206,-46,8,-226,-63,31,-227,-73
199,803,0,35,-32,-22,63,-87,-33,81,-134,-50,82,-183,-67,29,-161,29,40,-219,19,47,-260,5,51,-291,-8,14,-166,18,25,-227,-17,51,-231,-49,72,-209,-63,-3,-163,0,1,-228,-28,28,-235,-50,52,-219,-58,-19,-152,-21,-15,-206,-43,7,-226,-58,30,-226,-66
200,803,0,35,-33,-22,64,-88,-34,82,-134,-52,83,-182,-70,29,-161,29,40,-219,18,47,-260,3,52,-291,-10,14,-166,17,25,-228,-19,51,-231,-51,73,-211,-65,-3,-163,-1,2,-228,-29,30,-235,-50,55,-219,-58,-18,-152,-22,-15,-206,-44,7,-227,-59,31,-228,-67
200,802,0,35,-32,-21,64,-88,-30,81,-134,-46,83,-182,-61,29,-160,31,40,-218,20,48,-259,5,53,-290,-8,14,-166,19,26,-226,-17,52,-230,-50,72,-208,-64,-3,-163,1,2,-227,-28,30,-233,-51,55,-217,-59,-18,-153,-20,-14,-206,-43,8,-227,-59,32,-226,-67
204,803,0,35,-32,-21,64,-88,-31,83,-134,-47,84,-182,-63,29,-162,31,40,-220,21,47,-261,6,52,-291,-8,14,-167,19,24,-229,-17,52,-232,-50,73,-213,-65,-3,-163,0,1,-228,-29,29,-236,-52,55,-221,-62,-18,-152,-22,-15,-206,-45,7,-227,-62,30,-228,-71
205,805,0,36,-32,-19,64,-88,-28,83,-134,-45,84,-182,-61,29,-162,33,40,-219,23,47,-260,9,53,-290,-4,14,-166,20,24,-229,-15,52,-233,-48,74,-213,-62,-3,-163,0,1,-229,-27,29,-237,-50,55,-221,-59,-18,-153,-23,-14,-207,-44,8,-228,-60,32,-229,-69
207,803,0,36,-31,-19,64,-89,-28,82,-134,-43,85,-181,-58,29,-163,29,40,-223,17,48,-263,2,54,-294,-11,14,-167,16,25,-230,-21,53,-232,-55,74,-209,-70,-3,-164,-2,1,-229,-32,30,-235,-56,56,-219,-66,-17,-152,-24,-13,-207,-48,9,-228,-64,33,-228,-73
208,805,0,36,-32,-17,65,-89,-25,83,-135,-41,85,-181,-56,29,-164,33,40,-223,22,49,-265,7,54,-295,-6,14,-169,18,25,-231,-18,53,-233,-52,75,-210,-67,-2,-165,-1,2,-230,-31,32,-236,-55,57,-219,-64,-17,-153,-24,-14,-208,-47,8,-229,-64,32,-230,-72
207,808,0,36,-32,-15,64,-89,-23,82,-134,-39,86,-181,-55,29,-162,38,40,-220,29,48,-260,15,54,-290,2,14,-166,22,26,-227,-12,53,-230,-47,75,-208,-63,-1,-163,1,2,-226,-28,32,-233,-53,58,-217,-64,-16,-152,-24,-12,-206,-46,10,-226,-64,33,-226,-73
206,810,0,37,-33,-15,64,-89,-22,83,-134,-39,86,-181,-55,29,-161,43,40,-218,37,48,-258,23,53,-287,10,15,-165,27,26,-226,-7,53,-229,-42,75,-207,-58,-1,-162,4,4,-226,-23,33,-232,-50,58,-216,-62,-15,-152,-21,-11,-206,-43,11,-226,-61,35,-225,-72
209,809,0,35,-32,-16,64,-89,-24,82,-134,-41,86,-181,-57,28,-163,37,39,-220,29,48,-261,16,53,-291,3,14,-166,22,25,-228,-13,54,-229,-47,75,-206,-62,-2,-163,0,2,-227,-28,32,-233,-53,58,-216,-63,-16,-152,-24,-11,-206,-46,10,-226,-63,34,-226,-73
210,811,0,36,-33,-15,64,-90,-22,82,-135,-38,85,-181,-53,28,-164,38,40,-222,29,48,-262,15,54,-292,2,14,-168,22,25,-230,-14,54,-231,-48,76,-207,-64,-2,-164,0,2,-229,-29,32,-234,-55,58,-216,-65,-16,-152,-25,-12,-207,-48,10,-227,-66,35,-226,-75
212,812,0,36,-33,-15,64,-90,-23,82,-135,-38,85,-181,-54,28,-165,36,40,-223,26,48,-263,11,54,-294,-3,13,-168,20,25,-231,-16,53,-232,-52,76,-209,-67,-3,-164,-1,1,-230,-31,31,-235,-57,58,-219,-67,-17,-152,-26,-13,-208,-50,10,-228,-67,34,-227,-77
214,812,0,36,-33,-16,64,-91,-23,82,-135,-38,85,-181,-52,28,-165,33,39,-223,23,48,-262,8,54,-293,-6,13,-168,18,24,-230,-17,53,-232,-51,75,-210,-65,-3,-163,-1,1,-229,-31,31,-235,-54,58,-219,-63,-16,-151,-24,-13,-207,-47,10,-226,-63,34,-226,-71
215,812,0,35,-32,-15,63,-91,-22,82,-135,-36,85,-181,-51,28,-166,33,39,-224,23,48,-264,9,54,-294,-4,13,-169,18,24,-232,-18,53,-232,-52,76,-207,-66,-3,-165,-2,1,-230,-32,31,-236,-55,58,-220,-64,-17,-153,-26,-13,-207,-48,10,-228,-64,33,-228,-73
396,940,0,47,-67,-3,72,-119,-37,90,-147,-86,105,-171,-139,12,-211,-45,23,-297,-101,33,-351,-144,37,-402,-177,-10,-192,-87,26,-248,-178,77,-217,-225,102,-183,-245,-21,-160,-128,6,-217,-203,59,-197,-217,89,-169,-215,-24,-116,-170,-3,-163,-223,37,-167,-233,68,-157,-233
397,893,0,48,-67,6,73,-120,-22,88,-152,-67,100,-174,-116,16,-210,-36,26,-296,-86,35,-351,-123,38,-400,-152,-6,-193,-80,30,-243,-164,78,-214,-205,99,-180,-222,-18,-162,-123,11,-215,-192,59,-198,-201,87,-171,-197,-22,-121,-166,0,-169,-215,38,-171,-221,67,-161,-218
394,895,0,48,-67,4,73,-119,-26,90,-150,-72,103,-172,-123,18,-210,-39,27,-297,-90,37,-351,-129,40,-399,-160,-4,-193,-83,32,-244,-168,79,-216,-212,101,-181,-232,-15,-162,-125,11,-217,-194,60,-199,-207,88,-172,-204,-20,-120,-167,0,-169,-215,38,-173,-222,67,-162,-221
396,897,0,47,-66,5,71,-119,-24,87,-150,-70,102,-172,-119,16,-209,-37,25,-294,-89,35,-348,-127,39,-395,-157,-5,-191,-81,29,-244,-166,78,-217,-208,100,-183,-227,-16,-159,-124,9,-215,-192,58,-199,-205,87,-173,-202,-21,-118,-166,0,-167,-214,38,-170,-220,66,-160,-218
397,898,0,48,-66,0,73,-119,-34,88,-150,-82,101,-173,-134,15,-210,-45,26,-295,-99,36,-350,-139,39,-399,-170,-7,-192,-87,29,-244,-174,77,-215,-218,100,-181,-237,-19,-160,-128,9,-215,-199,58,-198,-212,87,-171,-209,-23,-118,-169,0,-166,-218,38,-169,-225,67,-159,-223
396,899,0,48,-66,-3,73,-119,-37,88,-150,-86,102,-172,-138,16,-209,-46,25,-294,-100,36,-349,-140,39,-397,-172,-7,-192,-87,29,-244,-175,77,-214,-219,99,-178,-238,-19,-161,-127,9,-214,-198,58,-198,-211,87,-171,-209,-23,-118,-167,0,-165,-216,39,-168,-223,67,-158,-222
396,901,0,48,-66,-3,73,-119,-38,88,-149,-86,101,-173,-138,15,-210,-45,26,-295,-98,36,-349,-137,40,-396,-168,-7,-193,-86,29,-245,-172,77,-218,-216,99,-183,-236,-19,-161,-125,8,-215,-196,58,-200,-210,88,-173,-208,-23,-118,-166,0,-165,-214,38,-169,-223,68,-160,-222
398,960,0,47,-66,-4,72,-118,-37,87,-147,-82,102,-172,-132,10,-208,-37,21,-292,-90,34,-345,-129,42,-393,-160,-13,-191,-75,22,-249,-160,74,-224,-203,101,-190,-221,-23,-160,-114,5,-218,-184,57,-202,-196,87,-174,-192,-26,-116,-153,-4,-165,-202,36,-168,-209,65,-158,-206
398,960,0,46,-66,-2,70,-118,-33,86,-147,-79,101,-173,-127,10,-208,-35,21,-289,-87,34,-342,-126,41,-390,-157,-12,-190,-74,22,-247,-157,74,-222,-200,100,-188,-218,-23,-160,-113,5,-217,-182,56,-200,-193,86,-172,-189,-26,-117,-152,-6,-166,-200,34,-169,-207,63,-159,-205
397,959,0,45,-66,-4,68,-118,-36,83,-148,-81,100,-174,-129,8,-208,-35,20,-291,-86,34,-344,-125,41,-391,-154,-14,-192,-73,22,-249,-154,73,-223,-197,98,-191,-215,-24,-161,-110,5,-219,-178,55,-201,-191,84,-173,-188,-27,-119,-149,-4,-168,-195,35,-172,-203,65,-163,-202
397,957,0,46,-66,-4,71,-118,-35,86,-147,-79,100,-173,-127,9,-207,-34,19,-290,-86,33,-343,-126,41,-391,-156,-13,-191,-71,24,-247,-154,75,-221,-196,100,-187,-213,-24,-162,-108,5,-218,-176,56,-201,-187,86,-172,-182,-28,-121,-145,-5,-169,-192,34,-170,-198,63,-160,-194
411,857,0,42,-67,8,66,-121,-9,81,-152,-36,90,-179,-67,5,-189,-16,11,-267,-48,22,-315,-72,28,-356,-90,-14,-174,-47,13,-240,-102,58,-219,-131,80,-188,-142,-23,-148,-78,0,-209,-124,47,-195,-132,73,-171,-129,-23,-112,-108,-5,-164,-139,31,-174,-144,56,-169,-143
409,856,0,42,-65,5,65,-118,-11,81,-150,-38,91,-178,-68,5,-182,-14,12,-257,-46,22,-303,-70,27,-344,-89,-13,-168,-44,13,-230,-99,56,-209,-128,76,-179,-139,-21,-142,-74,0,-199,-120,45,-187,-128,69,-163,-126,-22,-108,-103,-5,-158,-135,29,-165,-140,53,-160,-139
409,859,0,43,-67,7,67,-120,-8,81,-152,-34,90,-179,-63,6,-192,-12,12,-269,-43,23,-318,-66,29,-360,-85,-14,-177,-43,12,-239,-95,57,-219,-122,78,-189,-133,-22,-150,-72,0,-209,-116,46,-197,-124,71,-173,-121,-23,-114,-101,-5,-165,-131,30,-173,-136,55,-166,-135
408,859,0,43,-65,4,67,-118,-12,84,-151,-37,87,-180,-65,5,-186,-13,12,-260,-43,24,-307,-67,28,-348,-85,-13,-172,-41,12,-231,-93,55,-211,-121,75,-181,-133,-22,-146,-70,1,-202,-113,45,-190,-121,68,-165,-119,-23,-111,-98,-5,-160,-128,29,-166,-132,53,-158,-131
402,855,0,46,-63,3,70,-118,-13,85,-150,-40,90,-179,-68,11,-193,-15,16,-272,-46,27,-320,-70,33,-361,-89,-9,-178,-43,14,-239,-98,59,-216,-127,80,-184,-140,-20,-150,-71,0,-208,-117,46,-195,-129,73,-170,-128,-22,-113,-99,-4,-163,-131,32,-171,-139,58,-165,-140
400,855,0,45,-63,4,69,-115,-11,85,-149,-38,91,-178,-67,10,-185,-14,14,-260,-46,26,-307,-69,30,-348,-88,-11,-171,-44,15,-230,-98,59,-207,-127,78,-175,-138,-19,-144,-73,2,-200,-118,48,-185,-127,72,-160,-125,-21,-109,-101,-3,-158,-133,31,-164,-138,56,-156,-137
401,855,0,45,-63,1,70,-116,-15,84,-149,-42,91,-178,-71,11,-191,-15,15,-268,-47,25,-316,-71,30,-358,-90,-9,-177,-42,14,-237,-98,58,-214,-127,79,-182,-139,-19,-149,-70,0,-206,-117,46,-192,-128,72,-167,-126,-22,-113,-97,-5,-162,-130,31,-169,-137,56,-163,-137
398,856,0,46,-64,4,70,-117,-13,84,-149,-40,92,-178,-69,9,-190,-17,15,-267,-51,26,-315,-75,32,-357,-94,-10,-175,-47,17,-237,-103,62,-213,-132,82,-181,-143,-20,-149,-76,4,-206,-123,51,-191,-133,76,-164,-130,-22,-112,-105,-3,-163,-137,32,-170,-143,59,-164,-143
400,856,0,45,-63,2,70,-116,-16,86,-149,-44,89,-179,-74,8,-185,-19,14,-261,-52,25,-308,-77,30,-349,-97,-12,-171,-47,15,-233,-104,59,-209,-134,78,-176,-146,-21,-144,-76,2,-202,-123,47,-187,-133,71,-161,-130,-22,-109,-104,-3,-159,-137,31,-166,-142,56,-159,-141
401,859,0,44,-64,3,68,-117,-14,83,-149,-40,88,-180,-69,7,-191,-14,14,-267,-46,25,-316,-71,31,-358,-90,-13,-177,-42,15,-239,-97,59,-216,-127,80,-185,-139,-21,-151,-70,3,-208,-117,48,-194,-127,73,-168,-125,-23,-115,-99,-4,-164,-130,32,-171,-137,57,-163,-136
403,862,0,45,-64,3,69,-117,-14,84,-151,-40,87,-180,-68,5,-187,-16,13,-262,-47,25,-311,-72,30,-352,-90,-14,-173,-44,13,-235,-98,57,-213,-126,77,-180,-136,-23,-147,-71,2,-204,-117,47,-189,-125,71,-164,-121,-23,-111,-99,-4,-161,-131,30,-167,-135,55,-160,-133
405,865,0,43,-64,2,66,-117,-15,81,-151,-41,83,-182,-70,5,-184,-16,13,-258,-47,24,-305,-72,28,-346,-91,-14,-170,-44,12,-231,-98,54,-209,-126,74,-179,-138,-22,-144,-71,0,-202,-117,44,-187,-125,67,-163,-122,-23,-109,-99,-4,-159,-131,30,-165,-136,53,-158,-134
450,908,0,45,-59,40,64,-112,48,80,-147,38,92,-178,26,4,-160,65,19,-221,64,35,-257,56,45,-288,45,-4,-157,25,26,-223,3,65,-219,-17,86,-197,-25,-3,-146,-14,27,-210,-32,65,-205,-38,84,-184,-37,7,-130,-52,28,-186,-60,56,-192,-58,75,-180,-55
450,909,0,45,-59,40,65,-112,48,82,-146,39,94,-177,28,5,-161,64,22,-221,63,37,-259,55,46,-290,45,-3,-157,23,28,-224,2,66,-220,-19,87,-197,-27,-1,-146,-16,29,-210,-34,67,-204,-39,86,-182,-38,9,-130,-54,31,-186,-62,58,-191,-59,76,-177,-55
460,904,0,45,-59,38,66,-111,43,85,-145,32,94,-177,20,5,-163,52,22,-226,49,38,-265,40,47,-296,30,-4,-160,12,28,-228,-9,68,-225,-27,89,-203,-35,-2,-148,-26,30,-213,-44,69,-206,-47,88,-183,-45,10,-129,-62,31,-188,-70,59,-189,-65,76,-173,-59
458,905,0,46,-58,37,67,-111,42,85,-145,33,96,-176,21,7,-163,47,24,-226,42,39,-265,34,48,-297,24,-2,-159,8,29,-230,-16,69,-226,-34,91,-203,-42,0,-147,-29,30,-215,-51,69,-208,-55,89,-187,-52,10,-129,-65,33,-187,-76,60,-189,-72,78,-173,-68
459,903,0,46,-59,40,67,-112,47,86,-146,39,94,-177,29,7,-164,51,23,-228,46,39,-267,37,49,-299,26,-2,-160,11,28,-232,-14,70,-227,-33,91,-202,-41,0,-148,-27,30,-217,-49,70,-210,-53,89,-187,-51,10,-130,-63,32,-189,-75,61,-191,-71,79,-174,-67
460,901,0,46,-61,41,68,-112,48,86,-146,40,93,-177,30,8,-162,54,23,-225,51,38,-264,42,47,-295,32,-2,-159,14,28,-230,-10,68,-226,-29,89,-201,-36,-2,-146,-26,28,-215,-46,68,-208,-51,86,-184,-49,8,-129,-63,31,-187,-75,59,-190,-72,77,-175,-68
461,891,0,46,-62,47,68,-113,56,87,-145,46,94,-177,35,7,-164,60,23,-226,58,39,-264,50,49,-293,40,-3,-159,14,28,-231,-9,70,-227,-29,91,-203,-38,-2,-147,-29,29,-213,-49,70,-204,-54,88,-182,-53,8,-128,-70,31,-186,-80,59,-187,-77,75,-171,-73
461,888,0,46,-62,48,68,-113,58,88,-145,49,96,-176,38,7,-165,62,24,-227,60,39,-265,51,49,-296,41,-2,-160,16,29,-232,-8,72,-228,-29,93,-203,-39,-1,-148,-29,30,-214,-49,71,-206,-56,90,-183,-55,9,-129,-70,32,-187,-82,61,-188,-80,77,-171,-77
570,868,0,52,-53,74,78,-101,89,101,-130,77,116,-163,61,21,-167,90,44,-231,89,63,-268,78,77,-298,64,16,-162,26,58,-226,-2,97,-215,-28,118,-186,-40,17,-149,-35,53,-209,-53,93,-198,-59,113,-177,-59,27,-131,-93,55,-180,-99,85,-183,-96,105,-173,-94
571,868,0,52,-54,78,78,-102,94,101,-130,83,116,-163,67,22,-167,95,44,-231,95,63,-267,85,76,-298,72,16,-161,28,57,-226,3,96,-214,-22,117,-186,-33,18,-149,-35,52,-208,-52,92,-198,-56,112,-176,-56,27,-131,-94,55,-179,-101,85,-182,-97,104,-172,-94
569,871,0,51,-54,69,78,-101,81,101,-130,69,116,-163,52,20,-166,82,44,-231,80,63,-267,68,77,-296,54,14,-161,21,58,-225,-8,98,-213,-36,118,-185,-48,16,-148,-37,53,-208,-56,92,-198,-63,112,-176,-64,27,-130,-92,55,-178,-98,84,-183,-96,105,-173,-94
567,871,0,53,-54,77,78,-102,92,101,-129,81,117,-162,64,23,-167,93,47,-230,93,65,-266,84,78,-296,70,17,-161,26,58,-225,0,96,-213,-25,117,-185,-36,19,-148,-37,53,-208,-54,92,-196,-58,112,-175,-58,28,-130,-96,55,-178,-104,85,-181,-101,103,-172,-98
567,870,0,52,-55,78,78,-103,95,101,-131,84,117,-163,68,21,-168,94,43,-232,93,63,-267,82,77,-297,67,14,-163,27,57,-227,-2,97,-214,-30,119,-185,-43,16,-150,-37,52,-210,-56,93,-198,-63,113,-175,-64,25,-132,-97,54,-181,-105,84,-185,-104,103,-174,-103
563,869,0,53,-56,84,78,-102,103,101,-130,93,117,-162,77,23,-167,105,45,-230,108,64,-266,98,77,-295,84,17,-162,35,57,-225,10,96,-212,-16,118,-184,-29,18,-150,-33,52,-209,-49,92,-197,-54,112,-176,-55,26,-133,-95,54,-180,-103,83,-183,-100,102,-173,-98
350,870,0,44,-56,35,67,-109,42,87,-143,31,96,-175,19,12,-166,51,30,-234,45,45,-273,35,55,-305,24,1,-162,10,26,-233,-18,65,-234,-44,88,-215,-55,-3,-151,-29,21,-217,-54,61,-215,-68,84,-198,-73,2,-133,-67,20,-191,-85,50,-201,-91,71,-194,-94
349,873,0,43,-56,33,67,-109,38,85,-144,26,94,-177,13,11,-166,47,28,-233,41,44,-271,30,53,-303,19,0,-161,8,26,-233,-21,64,-234,-46,87,-216,-58,-4,-150,-31,20,-217,-56,59,-215,-70,83,-197,-74,1,-133,-68,19,-191,-86,48,-202,-93,70,-195,-95
344,874,0,41,-54,25,66,-108,27,85,-143,15,93,-178,3,10,-165,44,26,-233,36,41,-273,25,52,-305,14,-1,-162,10,22,-234,-20,59,-238,-45,84,-221,-56,-5,-152,-25,17,-220,-50,57,-220,-65,82,-202,-69,-2,-137,-59,17,-194,-77,47,-206,-83,69,-199,-86
338,871,0,43,-55,29,67,-110,34,87,-144,23,96,-176,11,14,-169,46,29,-238,37,44,-278,26,54,-310,15,2,-165,8,24,-239,-21,62,-243,-47,87,-224,-58,-3,-155,-29,18,-223,-56,59,-224,-71,85,-206,-75,0,-137,-65,18,-196,-84,49,-206,-91,71,-198,-93
335,872,0,43,-54,27,67,-109,31,87,-143,20,95,-176,7,14,-170,44,29,-238,36,44,-278,24,54,-311,12,3,-166,8,23,-239,-21,61,-242,-47,86,-224,-59,-3,-155,-28,18,-222,-53,59,-223,-68,85,-205,-73,0,-137,-63,17,-196,-81,47,-207,-88,69,-200,-91
324,875,0,43,-53,26,66,-109,31,85,-144,21,96,-176,9,17,-168,49,29,-234,41,41,-274,29,50,-306,17,5,-164,13,23,-236,-16,61,-238,-43,85,-219,-57,-2,-154,-23,16,-220,-49,55,-220,-66,81,-201,-72,-3,-136,-58,14,-193,-77,44,-203,-86,66,-195,-90
323,875,0,43,-53,25,67,-109,29,85,-144,17,97,-175,5,17,-168,45,28,-234,37,41,-274,25,50,-307,12,5,-164,10,23,-236,-20,61,-238,-48,86,-219,-62,-2,-153,-26,16,-220,-53,55,-220,-70,81,-201,-76,-3,-135,-61,14,-192,-81,44,-204,-90,67,-197,-95
322,877,0,42,-53,28,66,-109,34,84,-144,23,96,-175,10,17,-169,50,28,-234,43,41,-274,31,49,-307,18,5,-164,13,23,-235,-17,60,-237,-46,85,-218,-60,-2,-153,-25,16,-219,-51,55,-220,-69,81,-201,-77,-3,-135,-62,14,-193,-82,43,-204,-92,66,-197,-97
321,877,0,42,-52,27,65,-107,31,84,-144,19,96,-176,5,15,-166,48,27,-233,41,40,-273,29,48,-305,16,4,-162,11,23,-234,-20,61,-235,-49,87,-215,-63,-3,-152,-27,16,-218,-52,55,-218,-69,81,-199,-76,-2,-134,-63,15,-191,-82,45,-203,-91,68,-196,-96
322,877,0,41,-50,23,65,-107,26,83,-144,14,94,-177,1,15,-165,45,27,-232,37,41,-272,25,50,-305,13,3,-162,11,21,-234,-18,58,-237,-44,84,-218,-57,-4,-152,-23,15,-219,-48,54,-220,-64,79,-201,-69,-3,-136,-57,14,-193,-75,45,-202,-82,67,-195,-85
321,876,0,41,-50,23,66,-106,24,84,-143,12,95,-176,-3,15,-166,40,29,-234,30,42,-275,17,51,-308,4,4,-162,5,23,-235,-27,60,-237,-55,85,-217,-67,-3,-152,-30,16,-220,-57,55,-219,-73,80,-200,-78,-3,-135,-64,14,-192,-84,44,-204,-92,67,-197,-95
322,877,0,41,-50,23,65,-106,26,82,-143,14,95,-176,0,16,-166,43,28,-233,34,41,-274,22,50,-306,10,4,-163,8,21,-236,-21,58,-239,-47,82,-222,-60,-3,-153,-26,15,-220,-52,54,-220,-67,80,-202,-72,-3,-136,-60,14,-193,-79,44,-204,-87,67,-197,-90
322,876,0,41,-50,26,65,-106,29,83,-143,17,94,-177,3,15,-166,46,28,-233,39,41,-274,27,50,-306,15,3,-163,11,22,-235,-19,59,-238,-45,84,-220,-58,-3,-153,-25,15,-221,-50,55,-220,-66,80,-201,-72,-3,-136,-61,14,-194,-79,45,-204,-86,68,-196,-90
320,877,0,42,-50,27,65,-107,31,83,-144,20,95,-176,7,17,-167,51,29,-233,45,42,-273,33,51,-306,21,5,-164,15,23,-234,-14,60,-237,-41,84,-217,-53,-2,-155,-22,16,-221,-46,56,-220,-62,81,-200,-67,-2,-138,-57,16,-195,-75,46,-203,-83,69,-195,-86
310,838,0,20,-51,2,22,-115,1,23,-160,-10,14,-200,-20,-33,-150,44,-48,-204,42,-55,-241,37,-61,-271,30,-45,-142,23,-63,-201,4,-43,-224,-15,-20,-229,-21,-52,-129,-2,-66,-188,-25,-37,-209,-39,-8,-211,-44,-54,-114,-29,-63,-167,-46,-45,-193,-54,-24,-204,-58
311,841,0,20,-52,2,22,-116,1,23,-161,-10,14,-200,-20,-33,-151,42,-49,-204,40,-57,-241,34,-62,-271,28,-44,-143,21,-63,-201,0,-40,-223,-19,-16,-226,-26,-51,-129,-4,-66,-189,-28,-37,-210,-43,-7,-212,-47,-53,-114,-31,-63,-168,-48,-45,-194,-57,-25,-205,-61
319,837,0,20,-53,5,21,-116,7,22,-161,-2,12,-200,-10,-33,-150,49,-50,-202,48,-60,-238,44,-68,-267,37,-44,-143,27,-64,-201,8,-45,-226,-11,-24,-233,-19,-51,-129,0,-68,-189,-22,-38,-210,-38,-10,-211,-43,-53,-115,-27,-65,-168,-45,-48,-194,-55,-28,-204,-59
321,837,0,20,-53,4,22,-116,5,23,-161,-4,13,-200,-13,-32,-149,48,-48,-201,48,-58,-236,45,-66,-265,40,-44,-142,25,-64,-201,14,-54,-234,2,-41,-251,-5,-50,-129,-2,-66,-189,-22,-37,-210,-35,-9,-212,-39,-52,-114,-31,-63,-167,-47,-47,-193,-56,-27,-204,-60
307,821,0,20,-52,-1,21,-116,-3,22,-162,-14,10,-200,-25,-35,-151,41,-52,-204,39,-62,-240,34,-69,-270,27,-46,-144,22,-66,-202,-1,-43,-222,-21,-18,-223,-27,-54,-129,-2,-71,-188,-26,-42,-210,-43,-13,-212,-48,-57,-113,-28,-69,-166,-46,-54,-193,-57,-34,-205,-62
307,823,0,19,-52,-1,21,-116,-3,22,-162,-14,9,-200,-25,-34,-151,43,-51,-203,40,-60,-238,35,-67,-268,28,-46,-143,23,-66,-201,2,-45,-222,-18,-21,-224,-25,-54,-128,-1,-70,-187,-24,-41,-209,-41,-13,-212,-46,-57,-113,-26,-68,-165,-44,-52,-192,-54,-32,-204,-59
307,823,0,19,-52,-1,21,-115,-3,21,-161,-14,9,-200,-24,-34,-152,41,-52,-204,39,-61,-239,33,-68,-268,26,-46,-144,22,-66,-201,0,-44,-222,-20,-20,-224,-27,-54,-129,-2,-70,-187,-26,-41,-209,-42,-12,-211,-47,-57,-113,-27,-68,-165,-46,-52,-192,-56,-32,-204,-61
307,824,0,19,-52,-1,21,-116,-3,21,-162,-14,9,-200,-25,-35,-152,42,-52,-204,39,-61,-240,33,-68,-268,25,-46,-144,22,-64,-202,-3,-38,-219,-24,-12,-217,-32,-54,-129,-2,-70,-188,-27,-41,-209,-44,-13,-212,-49,-57,-113,-28,-68,-166,-46,-52,-193,-57,-32,-205,-62
307,823,0,19,-51,-2,21,-115,-5,22,-161,-16,10,-200,-27,-34,-152,38,-51,-204,33,-61,-241,27,-68,-270,20,-46,-144,18,-66,-203,-4,-45,-226,-22,-23,-230,-29,-53,-129,-5,-70,-188,-30,-41,-209,-44,-12,-211,-48,-56,-112,-30,-68,-164,-49,-52,-192,-59,-32,-204,-63
307,819,0,19,-51,-4,21,-115,-8,22,-161,-20,10,-200,-32,-34,-152,34,-52,-206,28,-62,-243,20,-70,-272,12,-46,-144,15,-64,-204,-12,-37,-220,-35,-11,-216,-43,-54,-129,-7,-71,-189,-33,-42,-209,-50,-14,-211,-55,-57,-112,-31,-70,-164,-51,-54,-192,-62,-34,-205,-67
307,818,0,19,-51,-3,21,-115,-7,22,-161,-19,10,-200,-32,-35,-152,37,-52,-206,33,-62,-242,26,-70,-271,18,-46,-143,18,-65,-202,-9,-38,-219,-32,-11,-215,-39,-54,-129,-5,-71,-188,-31,-42,-209,-48,-13,-211,-53,-57,-112,-30,-70,-165,-49,-53,-192,-60,-33,-204,-65
305,818,0,20,-52,-2,22,-115,-6,23,-161,-18,11,-200,-31,-34,-152,38,-51,-206,34,-61,-243,28,-69,-272,20,-46,-144,18,-64,-203,-7,-37,-220,-30,-11,-216,-37,-53,-129,-5,-70,-188,-30,-41,-209,-47,-13,-211,-52,-56,-112,-30,-69,-165,-49,-52,-192,-59,-33,-204,-64
306,817,0,19,-51,-4,21,-115,-8,22,-161,-22,10,-200,-35,-35,-152,34,-53,-207,29,-62,-244,22,-70,-273,14,-47,-144,15,-64,-203,-13,-36,-219,-37,-8,-213,-45,-55,-129,-8,-71,-188,-34,-43,-209,-51,-14,-211,-57,-57,-112,-32,-70,-165,-51,-54,-193,-63,-34,-205,-68
304,817,0,20,-52,-5,22,-115,-9,22,-161,-21,11,-200,-34,-34,-152,33,-51,-206,28,-60,-244,22,-68,-273,15,-45,-144,15,-64,-203,-10,-39,-221,-30,-14,-220,-37,-54,-128,-6,-70,-188,-32,-41,-209,-48,-13,-211,-52,-57,-112,-30,-69,-164,-49,-54,-192,-60,-33,-205,-64
304,815,0,19,-51,-5,21,-115,-10,22,-160,-23,10,-200,-36,-35,-152,31,-53,-207,25,-62,-245,17,-70,-275,9,-46,-144,13,-63,-204,-17,-35,-219,-41,-7,-212,-49,-54,-129,-9,-72,-188,-36,-43,-209,-55,-14,-211,-60,-57,-112,-32,-70,-164,-53,-55,-193,-65,-35,-205,-70
302,811,0,20,-51,-5,22,-115,-9,22,-160,-22,10,-200,-34,-35,-153,31,-53,-208,24,-62,-246,16,-70,-276,8,-46,-145,12,-63,-204,-17,-35,-219,-41,-6,-213,-48,-55,-130,-9,-73,-188,-37,-43,-210,-53,-14,-211,-58,-58,-112,-32,-72,-165,-53,-56,-192,-65,-35,-205,-69
300,810,0,20,-51,-5,22,-114,-9,23,-161,-22,11,-200,-35,-35,-154,32,-52,-209,26,-62,-247,19,-70,-277,11,-47,-145,13,-63,-205,-15,-35,-220,-38,-7,-214,-45,-54,-130,-8,-72,-189,-35,-42,-210,-51,-13,-211,-55,-58,-112,-31,-71,-166,-52,-55,-193,-63,-35,-205,-67
299,812,0,20,-50,-4,23,-114,-8,23,-161,-21,11,-200,-33,-34,-153,33,-51,-208,28,-61,-246,22,-68,-277,14,-46,-145,15,-63,-204,-13,-35,-221,-35,-7,-215,-42,-54,-130,-8,-72,-189,-34,-42,-211,-51,-12,-213,-55,-58,-113,-31,-70,-166,-52,-54,-194,-63,-33,-206,-68
299,811,0,20,-50,-5,22,-114,-10,23,-161,-22,11,-200,-35,-35,-153,31,-52,-209,26,-61,-247,20,-68,-277,12,-46,-145,14,-64,-204,-13,-37,-221,-34,-10,-217,-41,-55,-129,-7,-72,-189,-33,-43,-211,-50,-14,-214,-54,-58,-112,-30,-71,-166,-50,-55,-193,-61,-35,-206,-66
297,811,0,20,-50,-5,22,-115,-9,23,-161,-21,11,-200,-33,-34,-154,30,-52,-209,24,-61,-247,18,-68,-278,10,-46,-145,13,-63,-204,-15,-35,-220,-38,-7,-215,-45,-54,-129,-8,-71,-189,-36,-42,-210,-53,-12,-213,-57,-58,-112,-30,-71,-166,-52,-55,-193,-63,-34,-206,-68
298,811,0,20,-49,-7,22,-114,-12,23,-160,-25,11,-200,-37,-35,-153,27,-53,-209,21,-62,-248,13,-69,-278,6,-47,-144,11,-64,-205,-18,-36,-221,-40,-8,-216,-47,-55,-129,-9,-72,-189,-36,-43,-211,-53,-13,-213,-57,-58,-112,-31,-71,-165,-52,-55,-193,-63,-35,-206,-67
295,814,0,20,-50,-5,23,-114,-9,24,-160,-20,12,-200,-32,-33,-153,31,-50,-208,26,-59,-246,19,-65,-277,12,-45,-145,14,-63,-204,-12,-38,-222,-33,-11,-220,-40,-53,-130,-7,-71,-189,-33,-42,-211,-48,-13,-213,-52,-57,-113,-30,-69,-166,-50,-53,-193,-61,-32,-206,-65
292,816,0,21,-50,-5,24,-114,-8,25,-161,-20,15,-200,-31,-31,-154,29,-48,-211,22,-55,-249,14,-61,-280,5,-43,-146,12,-61,-205,-17,-33,-222,-40,-6,-218,-48,-52,-131,-9,-70,-190,-37,-40,-212,-53,-11,-214,-58,-56,-114,-31,-68,-167,-53,-51,-195,-64,-30,-207,-69
286,819,0,22,-50,-3,26,-114,-6,29,-160,-18,19,-200,-29,-28,-155,34,-42,-212,29,-48,-250,20,-53,-281,12,-39,-147,16,-55,-206,-11,-28,-222,-35,0,-215,-43,-48,-133,-6,-65,-192,-32,-36,-212,-48,-8,-213,-52,-53,-117,-29,-63,-169,-50,-46,-196,-60,-25,-207,-65
214,813,0,38,-49,6,59,-105,4,72,-145,-9,72,-187,-23,11,-164,46,10,-228,39,13,-269,28,17,-302,17,-2,-161,21,2,-227,-11,35,-230,-42,62,-209,-55,-13,-151,-7,-9,-216,-35,25,-223,-56,53,-208,-64,-20,-137,-36,-15,-194,-56,9,-212,-69,32,-212,-75
121,806,0,50,-39,13,81,-88,9,105,-123,-8,115,-164,-28,43,-169,32,62,-240,20,78,-282,4,89,-317,-12,28,-167,-2,47,-241,-42,85,-229,-81,109,-196,-101,13,-158,-38,32,-223,-72,73,-215,-99,100,-189,-112,2,-141,-73,20,-196,-100,50,-207,-119,73,-198,-131
123,805,0,48,-39,10,80,-87,7,103,-123,-10,113,-165,-29,42,-169,35,59,-239,24,75,-280,9,85,-316,-6,27,-168,3,46,-239,-35,83,-227,-72,105,-194,-91,12,-159,-31,32,-223,-63,71,-214,-89,97,-187,-101,1,-143,-65,20,-198,-90,49,-207,-107,72,-198,-118
124,805,0,47,-38,7,79,-88,3,102,-123,-14,113,-165,-34,41,-169,29,59,-240,17,74,-282,2,85,-317,-12,25,-168,-1,45,-240,-40,82,-228,-76,105,-195,-94,11,-159,-33,31,-223,-66,71,-215,-91,97,-188,-102,0,-142,-65,18,-198,-90,47,-208,-107,70,-199,-118
122,805,0,49,-38,14,80,-88,13,103,-123,-2,114,-165,-22,42,-169,39,59,-240,29,76,-282,15,87,-316,-1,26,-168,5,45,-240,-33,83,-229,-71,106,-196,-91,12,-159,-32,31,-223,-65,72,-215,-92,97,-188,-105,1,-143,-68,20,-199,-94,50,-207,-112,73,-197,-124
122,807,0,49,-38,15,79,-88,14,102,-124,-2,112,-166,-22,41,-169,41,58,-240,32,74,-281,17,84,-316,2,26,-167,6,44,-241,-32,81,-229,-70,105,-197,-90,12,-159,-31,31,-224,-64,71,-216,-92,97,-189,-105,1,-144,-69,19,-199,-94,49,-208,-113,72,-198,-124
127,826,0,50,-46,32,76,-96,37,96,-130,23,106,-170,5,35,-168,68,47,-237,65,60,-277,54,69,-310,39,21,-165,24,37,-236,-11,73,-228,-49,97,-198,-69,8,-156,-23,26,-219,-53,65,-213,-83,90,-188,-97,1,-141,-68,17,-197,-91,45,-208,-109,68,-199,-121
130,829,0,49,-46,27,76,-97,31,96,-132,18,105,-171,1,32,-168,62,44,-236,57,57,-276,46,68,-307,34,19,-165,20,34,-237,-13,70,-231,-47,94,-203,-64,7,-155,-23,26,-218,-53,64,-213,-78,90,-190,-90,-1,-139,-65,15,-196,-87,43,-208,-103,66,-201,-112
141,836,0,46,-47,26,71,-99,32,89,-136,21,97,-175,7,28,-168,72,36,-231,71,47,-269,61,57,-301,50,15,-165,34,27,-236,6,61,-234,-26,85,-210,-41,3,-156,-7,20,-218,-34,57,-215,-59,83,-192,-70,-5,-142,-47,10,-197,-67,37,-208,-82,59,-201,-90
150,854,0,47,-51,31,69,-102,41,87,-140,33,92,-178,23,28,-167,84,34,-227,86,43,-264,80,52,-293,72,15,-165,46,23,-236,26,51,-245,2,74,-233,-9,4,-157,4,19,-219,-19,54,-217,-38,80,-196,-45,-4,-144,-37,10,-199,-53,35,-210,-63,57,-205,-68
151,854,0,46,-49,29,70,-101,38,88,-140,30,92,-178,20,28,-167,84,34,-227,88,44,-264,82,52,-293,74,15,-166,48,23,-235,30,51,-246,7,74,-236,-4,4,-158,7,19,-219,-14,54,-218,-34,81,-198,-41,-3,-145,-32,11,-199,-47,35,-211,-57,58,-206,-62
162,853,0,44,-48,21,68,-101,26,85,-140,16,90,-179,4,27,-168,68,34,-228,66,43,-265,58,51,-295,49,14,-167,35,23,-236,12,53,-239,-14,76,-220,-25,3,-158,0,16,-221,-23,51,-219,-41,77,-197,-48,-5,-144,-36,7,-199,-51,31,-211,-61,52,-206,-65
162,850,0,44,-48,19,67,-101,23,85,-140,12,88,-180,0,27,-167,67,32,-226,67,42,-263,58,50,-292,49,14,-166,35,22,-234,14,52,-236,-11,75,-218,-22,3,-157,0,14,-219,-21,49,-219,-39,74,-199,-46,-5,-143,-35,6,-196,-50,30,-209,-59,51,-206,-64
164,848,0,41,-47,16,65,-101,18,83,-139,5,86,-181,-9,25,-166,63,31,-225,60,39,-262,51,48,-291,41,12,-164,32,18,-231,8,49,-233,-19,72,-214,-31,1,-155,-2,11,-216,-25,46,-216,-43,72,-197,-50,-8,-141,-36,3,-194,-52,27,-208,-61,48,-205,-66
184,841,0,36,-44,-2,60,-101,-7,75,-145,-22,72,-187,-38,17,-168,34,21,-232,24,30,-272,11,36,-304,-1,3,-166,13,6,-234,-21,36,-232,-51,60,-209,-64,-11,-156,-11,-7,-219,-39,27,-222,-59,54,-204,-66,-21,-141,-37,-15,-195,-57,8,-211,-70,28,-209,-76
187,838,0,37,-45,-3,60,-102,-9,75,-146,-24,70,-188,-40,17,-170,33,20,-234,21,29,-274,7,35,-307,-6,3,-167,12,4,-236,-24,35,-232,-56,59,-209,-69,-11,-157,-12,-10,-220,-42,24,-223,-63,51,-206,-70,-22,-141,-38,-18,-195,-59,4,-212,-73,26,-211,-80
190,832,0,39,-45,-2,63,-103,-8,80,-148,-24,72,-187,-41,19,-176,32,21,-244,21,29,-285,7,35,-317,-4,4,-172,10,5,-245,-25,35,-240,-55,59,-214,-67,-10,-162,-15,-11,-230,-44,22,-232,-64,49,-212,-71,-22,-146,-42,-21,-204,-62,2,-221,-76,24,-217,-83
193,832,0,38,-45,-4,65,-105,-11,82,-152,-27,71,-187,-44,18,-179,26,18,-249,14,28,-290,1,35,-322,-11,3,-176,5,3,-250,-30,34,-244,-60,59,-215,-71,-11,-165,-19,-14,-234,-48,20,-238,-69,48,-218,-76,-23,-148,-44,-26,-208,-65,-3,-227,-80,20,-224,-88
214,825,0,45,-45,-7,77,-110,-18,95,-165,-38,74,-186,-59,24,-196,18,24,-267,3,37,-314,-15,47,-347,-28,7,-193,-1,3,-273,-36,36,-268,-63,59,-233,-73,-10,-182,-23,-17,-257,-49,20,-258,-66,45,-229,-71,-25,-162,-47,-32,-228,-65,-6,-243,-76,19,-229,-81
235,836,0,43,-56,51,62,-111,61,80,-147,50,84,-182,39,-3,-154,78,12,-217,76,32,-249,66,49,-271,57,-10,-149,31,14,-225,13,50,-234,-7,75,-217,-15,-8,-142,-15,16,-215,-25,53,-220,-29,76,-205,-29,5,-133,-60,21,-194,-61,47,-206,-56,67,-201,-52
238,835,0,43,-56,52,61,-110,63,78,-147,54,84,-182,44,-4,-155,80,11,-217,79,31,-249,69,49,-271,60,-11,-151,33,11,-227,17,46,-239,-2,72,-227,-9,-8,-144,-14,15,-216,-22,53,-222,-26,77,-208,-25,6,-135,-58,22,-194,-59,48,-207,-54,68,-203,-50
241,835,0,43,-55,50,62,-109,61,78,-146,52,87,-180,41,-4,-156,79,10,-216,78,31,-249,66,48,-269,56,-11,-151,34,14,-226,16,49,-233,-5,75,-216,-14,-8,-144,-12,17,-216,-22,54,-220,-26,78,-205,-26,6,-135,-56,24,-194,-58,50,-206,-53,70,-202,-49
244,838,0,42,-55,48,60,-109,57,77,-145,46,84,-182,34,-5,-152,79,10,-212,78,30,-244,67,47,-265,57,-12,-148,34,13,-222,18,48,-231,-2,73,-217,-12,-9,-141,-11,15,-213,-19,51,-219,-23,75,-206,-23,4,-133,-54,21,-191,-54,47,-204,-49,66,-201,-45
301,841,0,43,-45,35,60,-101,53,75,-143,54,81,-183,55,20,-157,102,23,-212,119,25,-245,125,28,-271,125,7,-159,67,7,-224,76,17,-259,70,27,-282,66,-2,-153,27,8,-215,18,41,-220,6,67,-211,0,-6,-145,-13,8,-200,-23,34,-213,-29,58,-215,-34
306,839,0,42,-43,22,61,-100,35,75,-143,33,81,-183,32,22,-161,81,25,-216,92,26,-250,95,27,-276,94,9,-162,52,7,-229,57,16,-264,51,25,-289,46,-2,-155,18,6,-219,6,39,-224,-7,64,-211,-13,-8,-147,-17,3,-202,-30,28,-217,-39,52,-217,-44
306,839,0,42,-42,19,61,-101,32,76,-144,30,81,-183,28,22,-163,76,24,-220,85,25,-255,86,27,-283,83,9,-164,48,6,-231,49,18,-264,39,29,-285,32,-2,-156,16,5,-222,2,38,-226,-13,65,-212,-19,-8,-147,-17,3,-204,-32,28,-218,-41,52,-217,-47
306,837,0,42,-42,18,61,-100,29,75,-144,26,80,-184,24,22,-161,73,24,-219,81,26,-253,81,27,-280,79,9,-163,46,6,-230,46,16,-266,38,27,-288,31,-2,-155,14,5,-221,0,38,-224,-14,64,-209,-20,-8,-146,-18,2,-202,-33,27,-217,-42,50,-216,-48
307,836,0,41,-42,16,61,-100,25,75,-144,21,79,-184,18,21,-161,71,22,-217,79,24,-252,80,26,-278,78,7,-162,46,4,-230,47,14,-264,39,25,-287,34,-4,-154,15,3,-220,1,36,-224,-12,63,-209,-18,-9,-145,-16,2,-201,-31,27,-215,-39,50,-214,-45
306,836,0,42,-44,20,61,-100,31,76,-144,28,79,-184,25,20,-161,78,22,-217,87,23,-252,88,25,-278,86,7,-162,50,4,-229,52,15,-264,44,26,-286,38,-3,-154,17,3,-220,4,36,-224,-10,62,-210,-17,-8,-145,-17,2,-201,-31,27,-215,-40,51,-213,-46
283,828,0,41,-59,57,60,-111,68,78,-145,56,85,-181,42,-2,-159,83,7,-224,91,12,-263,88,13,-294,81,-8,-156,30,22,-222,13,57,-224,-6,79,-206,-14,-6,-146,-21,20,-214,-34,56,-214,-39,79,-196,-39,5,-134,-70,23,-192,-76,49,-205,-75,70,-202,-73
285,828,0,42,-60,59,59,-111,72,77,-145,62,86,-181,49,-3,-159,87,6,-224,96,11,-263,96,12,-293,89,-9,-156,34,21,-224,19,56,-225,2,76,-209,-6,-7,-147,-18,20,-216,-29,57,-215,-35,78,-196,-35,4,-136,-67,22,-194,-72,49,-207,-71,70,-201,-69
285,827,0,42,-59,58,59,-110,70,78,-145,59,86,-181,44,-3,-159,87,6,-224,95,11,-263,94,12,-294,86,-9,-156,34,22,-223,18,57,-223,-1,79,-205,-9,-7,-147,-17,20,-215,-29,56,-214,-34,78,-194,-34,5,-136,-66,23,-194,-70,49,-206,-69,70,-201,-67
286,828,0,42,-59,55,59,-110,66,79,-145,53,86,-181,38,-3,-159,84,6,-224,92,11,-263,90,12,-294,82,-9,-155,33,20,-223,17,55,-225,-2,75,-209,-11,-7,-147,-17,20,-216,-29,56,-214,-35,78,-195,-37,5,-136,-65,22,-194,-70,49,-206,-69,70,-202,-68
290,823,0,41,-59,54,60,-110,63,79,-145,51,87,-181,35,-4,-158,82,5,-224,89,11,-263,86,13,-294,78,-10,-155,32,22,-222,15,57,-223,-5,78,-204,-14,-7,-147,-17,20,-216,-29,56,-214,-34,78,-195,-35,5,-136,-63,23,-194,-68,50,-206,-66,70,-202,-64
292,822,0,40,-59,46,60,-109,52,79,-145,38,86,-181,21,-5,-157,72,4,-223,75,10,-262,71,13,-293,63,-11,-154,26,21,-222,6,57,-222,-14,77,-204,-23,-8,-145,-19,20,-214,-33,56,-212,-39,77,-193,-40,4,-134,-62,23,-192,-68,49,-205,-67,69,-201,-65
295,817,0,41,-59,44,60,-108,49,79,-144,35,86,-181,18,-6,-157,69,3,-224,72,10,-264,67,12,-296,58,-12,-155,25,21,-222,6,56,-224,-15,77,-205,-24,-8,-146,-18,20,-216,-32,55,-215,-38,77,-195,-39,5,-136,-60,22,-194,-66,49,-207,-64,70,-202,-62
295,819,0,41,-60,46,61,-109,50,80,-144,34,87,-180,15,-5,-158,71,4,-225,74,10,-265,69,12,-297,59,-10,-155,25,21,-223,5,58,-223,-16,81,-204,-26,-6,-147,-21,20,-216,-35,56,-215,-41,78,-196,-41,6,-136,-65,23,-195,-71,49,-208,-69,70,-204,-67
527,748,0,43,-56,47,63,-106,60,82,-141,54,93,-177,47,0,-162,100,11,-223,118,22,-258,122,28,-287,119,-7,-162,62,22,-223,58,58,-225,42,83,-207,37,-6,-155,23,21,-220,21,57,-223,13,81,-207,9,5,-145,-14,27,-203,-10,53,-212,-7,75,-206,-5
525,746,0,45,-56,55,64,-105,71,83,-140,67,94,-177,60,2,-160,110,14,-219,131,24,-255,135,31,-284,132,-5,-161,67,24,-222,65,61,-225,50,85,-207,43,-4,-156,24,24,-221,24,60,-219,15,84,-201,12,7,-147,-16,29,-205,-11,57,-212,-8,79,-203,-5
528,746,0,44,-56,50,64,-107,64,82,-142,58,93,-177,51,0,-162,102,12,-223,119,23,-259,122,29,-288,118,-7,-162,62,23,-223,57,60,-226,42,86,-209,35,-6,-157,21,21,-222,19,56,-224,9,81,-209,5,5,-147,-17,26,-206,-14,54,-214,-12,77,-205,-10
526,741,0,44,-56,50,65,-107,64,84,-142,59,95,-176,52,0,-162,97,13,-225,114,25,-260,116,31,-289,113,-7,-164,57,24,-225,52,62,-227,36,87,-208,30,-6,-157,16,22,-224,12,59,-223,4,83,-206,0,5,-148,-22,27,-208,-20,55,-215,-18,77,-206,-16
524,735,0,44,-53,41,65,-104,52,84,-139,46,95,-176,38,-2,-160,87,12,-223,102,24,-260,103,31,-289,99,-9,-162,52,24,-221,45,62,-223,30,88,-206,24,-9,-156,16,21,-222,12,57,-225,3,82,-211,0,2,-148,-18,25,-206,-17,54,-215,-14,76,-206,-11
496,743,0,45,-53,37,67,-107,46,84,-142,40,94,-177,33,-2,-163,83,13,-223,94,26,-259,92,33,-288,86,-9,-163,49,24,-221,39,63,-223,20,89,-205,12,-9,-157,13,19,-221,7,55,-228,-3,80,-218,-7,3,-148,-21,25,-205,-20,52,-215,-18,73,-211,-17
