330,1058,0,28,-46,-18,49,-96,-34,67,-142,-54,74,-186,-71,-10,-153,-2,14,-211,-46,36,-209,-80,53,-189,-94,-27,-160,-14,-17,-232,-47,7,-257,-70,30,-267,-79,-45,-150,-33,-46,-224,-59,-33,-271,-76,-17,-306,-83,-63,-127,-55,-84,-178,-72,-82,-218,-78,-70,-254,-80
329,1058,0,30,-46,-20,50,-96,-37,68,-141,-57,73,-187,-74,-9,-154,-3,15,-213,-48,37,-209,-84,52,-187,-100,-27,-159,-14,-17,-232,-48,8,-259,-73,31,-270,-85,-46,-150,-32,-46,-223,-59,-32,-269,-77,-16,-305,-85,-63,-127,-53,-84,-177,-70,-81,-218,-76,-69,-253,-78
331,1058,0,30,-47,-18,51,-96,-35,68,-141,-55,72,-187,-72,-9,-154,0,14,-214,-46,37,-211,-82,53,-189,-98,-27,-160,-12,-17,-234,-46,7,-262,-71,31,-274,-83,-47,-151,-31,-47,-226,-57,-34,-273,-76,-19,-310,-85,-65,-129,-53,-86,-179,-69,-83,-220,-75,-71,-256,-77
331,1060,0,29,-46,-19,52,-96,-37,69,-141,-57,73,-186,-74,-9,-156,-4,16,-217,-48,38,-212,-84,53,-190,-100,-27,-163,-14,-17,-236,-46,7,-267,-71,30,-283,-84,-46,-153,-32,-47,-229,-58,-35,-277,-77,-20,-316,-87,-66,-130,-53,-86,-181,-70,-84,-222,-76,-71,-259,-79
331,1060,0,30,-45,-19,52,-95,-36,70,-141,-57,74,-186,-74,-9,-155,-5,16,-215,-49,38,-210,-85,53,-189,-101,-28,-162,-16,-17,-235,-46,6,-268,-70,29,-288,-83,-47,-152,-35,-47,-228,-60,-35,-277,-79,-19,-317,-90,-65,-129,-56,-86,-180,-74,-83,-221,-81,-71,-257,-84
332,1062,0,29,-45,-21,52,-96,-40,69,-141,-60,74,-186,-78,-9,-156,-9,15,-216,-54,38,-211,-90,53,-189,-105,-27,-163,-19,-17,-235,-49,6,-271,-72,28,-293,-85,-47,-153,-37,-47,-228,-63,-35,-277,-81,-20,-317,-92,-65,-129,-58,-86,-180,-76,-84,-221,-82,-71,-258,-86
332,1059,0,29,-45,-22,53,-95,-41,71,-140,-61,75,-186,-80,-9,-155,-10,16,-215,-55,39,-211,-91,54,-190,-107,-28,-162,-20,-17,-234,-49,5,-272,-71,27,-297,-85,-47,-152,-37,-47,-228,-63,-35,-277,-81,-20,-317,-93,-65,-128,-58,-87,-179,-77,-84,-220,-84,-72,-257,-88
331,1063,0,29,-44,-22,52,-95,-40,70,-140,-61,76,-185,-79,-8,-154,-9,16,-215,-54,39,-211,-90,55,-190,-106,-26,-161,-19,-16,-233,-48,6,-271,-71,27,-296,-84,-46,-151,-37,-46,-227,-62,-34,-276,-81,-19,-316,-91,-64,-128,-57,-85,-179,-76,-82,-220,-83,-69,-257,-87
328,1064,0,29,-43,-23,53,-94,-42,71,-139,-63,77,-185,-81,-6,-154,-12,18,-213,-57,41,-210,-92,57,-191,-107,-24,-161,-22,-15,-234,-51,7,-272,-72,28,-297,-85,-44,-151,-39,-45,-226,-65,-32,-276,-83,-17,-316,-94,-62,-128,-60,-83,-179,-79,-80,-220,-86,-68,-257,-90
330,1063,0,30,-44,-22,52,-94,-40,71,-140,-60,77,-185,-78,-8,-155,-12,16,-213,-55,39,-211,-89,54,-193,-104,-26,-161,-22,-16,-234,-50,5,-273,-72,25,-298,-85,-45,-152,-39,-46,-227,-65,-34,-276,-83,-19,-316,-95,-63,-129,-59,-84,-180,-79,-82,-221,-87,-69,-257,-91
327,1063,0,30,-43,-21,54,-94,-39,72,-139,-59,78,-185,-76,-6,-155,-9,19,-214,-54,42,-213,-88,58,-194,-104,-25,-163,-19,-13,-236,-47,8,-276,-68,28,-303,-82,-44,-154,-37,-44,-230,-62,-32,-279,-80,-17,-320,-91,-62,-131,-57,-83,-182,-77,-80,-223,-84,-68,-260,-87
328,1062,0,30,-45,-20,53,-94,-37,71,-139,-57,77,-185,-74,-7,-156,-6,17,-215,-50,40,-213,-85,56,-195,-101,-24,-163,-17,-12,-236,-42,9,-278,-65,29,-309,-79,-44,-155,-35,-42,-231,-59,-31,-280,-77,-17,-320,-89,-61,-133,-56,-82,-184,-74,-79,-225,-81,-66,-261,-85
323,1060,0,31,-43,-19,54,-94,-35,73,-139,-53,79,-184,-70,-2,-153,-6,21,-212,-48,44,-210,-82,58,-193,-98,-20,-162,-16,-5,-235,-39,15,-279,-61,32,-313,-76,-38,-155,-34,-37,-229,-56,-26,-278,-74,-13,-318,-86,-57,-134,-55,-74,-187,-71,-72,-227,-77,-59,-263,-80
326,1060,0,30,-43,-18,52,-94,-33,71,-139,-51,78,-185,-66,-4,-154,-8,20,-212,-50,43,-211,-84,57,-195,-99,-21,-163,-19,-7,-236,-42,13,-282,-64,31,-317,-80,-39,-155,-37,-39,-231,-60,-28,-280,-79,-15,-320,-92,-58,-135,-58,-78,-188,-75,-74,-228,-82,-62,-264,-87
323,1054,0,31,-45,-16,54,-95,-30,73,-139,-47,79,-184,-63,-3,-155,-6,21,-213,-47,45,-213,-81,60,-197,-96,-21,-164,-18,-7,-238,-40,14,-284,-61,32,-318,-77,-39,-156,-37,-39,-233,-59,-28,-282,-77,-15,-322,-90,-58,-136,-58,-78,-189,-75,-75,-230,-82,-62,-266,-86
321,1052,0,30,-46,-14,53,-96,-27,72,-140,-44,77,-185,-58,-4,-154,-4,21,-212,-45,44,-210,-78,59,-194,-94,-21,-162,-17,-8,-236,-39,13,-281,-60,31,-316,-76,-40,-154,-36,-40,-231,-58,-29,-279,-76,-16,-319,-89,-58,-134,-58,-78,-186,-75,-74,-227,-81,-62,-263,-86
303,814,0,37,-37,-13,66,-89,-22,90,-131,-36,100,-173,-47,24,-154,9,48,-197,-28,70,-192,-59,84,-175,-73,7,-166,-4,21,-229,-25,44,-265,-43,65,-291,-53,-11,-164,-26,-8,-231,-47,10,-273,-61,28,-306,-69,-28,-150,-49,-41,-204,-66,-33,-240,-71,-17,-268,-72
303,813,0,36,-36,-15,65,-89,-24,89,-131,-37,100,-173,-49,24,-153,6,49,-197,-31,71,-192,-62,85,-175,-76,7,-166,-6,21,-228,-28,45,-264,-45,65,-290,-56,-11,-163,-26,-7,-230,-49,10,-273,-63,28,-306,-70,-28,-149,-49,-41,-204,-67,-33,-240,-72,-17,-268,-73
302,812,0,37,-37,-14,66,-89,-23,90,-131,-36,100,-173,-48,24,-153,9,48,-197,-28,70,-192,-59,84,-175,-72,7,-166,-4,21,-228,-25,45,-264,-42,66,-289,-52,-11,-163,-25,-7,-230,-46,10,-273,-60,29,-305,-68,-28,-150,-49,-41,-204,-66,-33,-240,-70,-17,-268,-72
302,812,0,36,-36,-14,65,-90,-23,89,-131,-36,100,-173,-47,23,-154,6,49,-198,-31,71,-192,-61,85,-175,-75,7,-167,-6,21,-228,-28,45,-265,-45,66,-290,-56,-11,-164,-27,-7,-230,-49,10,-273,-63,29,-306,-71,-28,-149,-50,-41,-204,-68,-33,-240,-73,-17,-268,-75
300,811,0,37,-36,-15,65,-89,-26,89,-131,-39,100,-173,-51,24,-153,5,49,-198,-32,71,-192,-63,85,-174,-76,7,-166,-6,22,-228,-28,45,-263,-45,66,-289,-56,-11,-163,-26,-7,-229,-48,11,-272,-62,30,-305,-70,-28,-149,-49,-41,-203,-66,-33,-238,-71,-17,-267,-73
300,811,0,36,-34,-16,65,-89,-26,89,-131,-39,99,-174,-50,24,-154,4,49,-199,-33,71,-193,-64,85,-176,-78,7,-167,-7,21,-228,-28,45,-264,-45,65,-290,-56,-11,-164,-26,-7,-230,-48,10,-272,-62,28,-305,-70,-28,-150,-48,-41,-203,-66,-33,-240,-71,-18,-268,-72
300,810,0,36,-35,-15,65,-89,-25,88,-131,-37,99,-174,-48,23,-153,5,48,-199,-32,70,-194,-62,85,-177,-76,7,-166,-6,21,-228,-28,44,-265,-45,65,-290,-56,-12,-163,-26,-8,-230,-48,10,-273,-63,29,-306,-71,-29,-150,-48,-42,-204,-66,-34,-240,-71,-18,-268,-73
300,809,0,36,-36,-15,65,-89,-25,89,-132,-37,100,-174,-48,24,-154,6,48,-198,-30,69,-193,-61,83,-176,-74,7,-166,-5,21,-228,-26,44,-264,-44,65,-290,-55,-12,-163,-25,-8,-230,-47,9,-273,-62,28,-306,-70,-29,-149,-47,-42,-203,-65,-35,-240,-70,-19,-268,-72
299,808,0,36,-35,-16,65,-88,-26,90,-131,-39,100,-173,-50,24,-153,5,48,-197,-33,70,-193,-63,84,-176,-77,7,-165,-7,21,-228,-28,44,-264,-45,65,-290,-56,-11,-163,-26,-7,-230,-48,10,-273,-63,28,-305,-71,-29,-149,-48,-42,-203,-66,-35,-239,-71,-19,-268,-73
299,806,0,37,-36,-15,65,-90,-25,89,-131,-38,100,-173,-49,24,-153,5,47,-198,-32,69,-194,-62,84,-177,-75,7,-166,-7,20,-228,-28,44,-265,-46,65,-291,-56,-12,-163,-27,-8,-230,-49,9,-273,-64,28,-305,-72,-29,-149,-50,-43,-203,-67,-35,-240,-72,-20,-268,-75
297,805,0,36,-36,-15,65,-89,-25,90,-131,-39,100,-173,-51,24,-153,6,48,-197,-32,69,-192,-62,83,-176,-76,7,-165,-7,21,-227,-28,44,-264,-45,65,-290,-56,-11,-163,-27,-8,-229,-48,10,-272,-63,28,-305,-71,-28,-149,-49,-42,-202,-67,-35,-238,-72,-19,-267,-73
296,805,0,36,-36,-16,65,-89,-27,88,-132,-41,99,-174,-53,24,-153,4,47,-197,-34,68,-194,-63,83,-178,-76,7,-165,-8,20,-226,-29,43,-263,-46,64,-290,-56,-12,-162,-28,-9,-228,-50,8,-271,-63,27,-304,-70,-29,-148,-50,-43,-201,-68,-37,-238,-72,-22,-266,-74
299,817,0,31,-58,17,46,-111,16,63,-149,4,74,-186,-8,-6,-157,41,13,-206,5,40,-205,-29,60,-192,-46,-15,-161,10,-8,-229,-12,11,-271,-35,30,-297,-50,-22,-153,-27,-25,-223,-46,-15,-270,-62,-4,-304,-73,-26,-139,-66,-39,-190,-81,-36,-228,-87,-26,-260,-92
301,819,0,31,-56,16,46,-111,16,63,-150,4,73,-186,-7,-6,-159,39,12,-207,4,39,-207,-29,60,-193,-46,-14,-162,9,-9,-231,-13,11,-272,-35,30,-299,-49,-21,-154,-28,-24,-224,-46,-16,-270,-62,-5,-305,-73,-26,-140,-65,-38,-191,-80,-35,-229,-87,-25,-261,-92
302,818,0,31,-59,20,46,-113,21,63,-150,10,73,-186,1,-6,-158,43,13,-206,8,40,-204,-25,62,-191,-42,-14,-161,11,-8,-230,-11,12,-271,-33,31,-297,-48,-21,-152,-28,-23,-222,-47,-14,-268,-62,-3,-302,-73,-25,-140,-68,-36,-191,-83,-33,-229,-89,-24,-260,-94
304,817,0,31,-59,22,47,-113,25,64,-150,16,74,-186,8,-6,-160,43,14,-208,9,41,-206,-23,63,-192,-39,-14,-162,11,-8,-231,-10,13,-273,-31,33,-299,-45,-20,-154,-27,-22,-224,-45,-13,-271,-60,-2,-305,-70,-23,-141,-65,-34,-193,-81,-32,-232,-87,-23,-263,-92
304,818,0,32,-59,24,47,-114,28,64,-150,20,74,-186,13,-6,-159,45,13,-208,12,41,-206,-18,63,-192,-34,-13,-161,12,-6,-230,-9,14,-272,-30,33,-299,-44,-19,-153,-27,-21,-224,-45,-11,-270,-60,-1,-305,-71,-22,-141,-67,-32,-193,-82,-29,-232,-88,-22,-263,-94
305,816,0,31,-58,21,47,-113,22,65,-150,12,75,-186,3,-6,-157,41,13,-206,7,41,-205,-24,63,-191,-40,-13,-160,9,-6,-229,-12,14,-271,-33,33,-298,-47,-19,-152,-29,-20,-223,-46,-11,-270,-61,0,-304,-72,-22,-141,-67,-32,-193,-81,-29,-232,-87,-22,-263,-92
306,816,0,32,-58,23,47,-113,26,65,-150,17,75,-186,9,-6,-157,44,13,-206,10,42,-206,-21,64,-192,-37,-13,-160,11,-6,-229,-10,15,-272,-31,34,-299,-45,-19,-152,-28,-21,-223,-45,-11,-270,-60,-1,-305,-71,-21,-141,-67,-31,-194,-81,-28,-232,-86,-21,-264,-91
305,814,0,32,-58,22,47,-113,25,65,-150,15,76,-185,6,-5,-158,44,15,-206,10,43,-206,-22,64,-192,-38,-12,-161,11,-5,-229,-9,16,-272,-30,34,-298,-45,-18,-153,-27,-20,-224,-44,-10,-271,-59,1,-305,-70,-21,-142,-67,-31,-194,-80,-28,-232,-85,-20,-263,-90
304,814,0,32,-59,28,48,-112,32,65,-149,23,76,-185,14,-5,-157,49,15,-206,16,42,-205,-16,64,-191,-32,-13,-159,13,-5,-228,-8,16,-271,-30,35,-297,-46,-19,-152,-29,-19,-223,-46,-9,-270,-62,2,-304,-73,-21,-140,-71,-30,-192,-85,-27,-231,-91,-20,-263,-96
304,811,0,32,-59,25,48,-112,28,66,-149,18,77,-185,8,-5,-157,45,15,-206,11,43,-205,-20,64,-191,-36,-13,-159,11,-5,-229,-10,17,-271,-32,35,-297,-47,-19,-152,-30,-19,-223,-47,-9,-270,-62,2,-305,-73,-21,-140,-70,-31,-193,-84,-28,-232,-89,-20,-263,-94
304,808,0,32,-59,24,49,-111,27,66,-149,17,77,-185,9,-5,-157,45,15,-205,12,43,-204,-19,64,-190,-35,-13,-160,12,-5,-229,-9,17,-272,-30,36,-297,-44,-19,-153,-27,-20,-224,-44,-9,-272,-58,2,-306,-69,-22,-141,-67,-33,-194,-80,-30,-233,-86,-21,-264,-90
303,809,0,32,-58,22,48,-111,23,66,-147,12,78,-185,2,-4,-156,45,16,-204,10,43,-203,-22,65,-189,-38,-11,-159,12,-4,-228,-8,17,-270,-29,36,-296,-42,-18,-152,-26,-20,-223,-43,-10,-270,-56,2,-305,-65,-22,-141,-66,-34,-193,-78,-31,-233,-82,-22,-264,-85
302,809,0,33,-58,22,50,-110,23,67,-147,12,77,-185,1,-3,-153,46,18,-202,12,44,-202,-19,65,-190,-34,-12,-158,14,-4,-227,-7,17,-268,-27,37,-293,-40,-19,-151,-25,-20,-222,-42,-9,-269,-54,4,-303,-63,-23,-140,-65,-35,-193,-78,-31,-233,-82,-22,-264,-85
331,752,0,38,-31,-26,66,-84,-35,83,-136,-45,84,-182,-54,44,-135,5,61,-175,-23,71,-187,-50,78,-190,-65,22,-151,2,38,-213,-14,49,-254,-32,60,-290,-45,-3,-153,-9,6,-216,-28,15,-255,-43,27,-288,-53,-30,-144,-23,-32,-191,-39,-30,-224,-45,-24,-254,-48
331,750,0,38,-31,-27,66,-84,-36,84,-135,-45,84,-182,-54,44,-136,4,61,-175,-24,71,-186,-50,77,-189,-65,21,-151,1,38,-213,-14,49,-254,-33,60,-291,-46,-3,-154,-9,6,-215,-28,16,-256,-44,28,-289,-54,-30,-144,-23,-33,-191,-39,-30,-224,-45,-25,-254,-49
330,751,0,38,-30,-27,67,-83,-36,85,-134,-45,85,-181,-54,46,-134,5,64,-174,-22,74,-189,-48,80,-194,-62,24,-150,2,41,-211,-12,52,-253,-30,62,-290,-43,0,-153,-8,9,-214,-27,18,-254,-42,30,-288,-52,-29,-144,-22,-31,-190,-38,-29,-222,-44,-23,-253,-48
328,751,0,39,-29,-27,67,-82,-36,87,-134,-45,86,-181,-53,49,-133,8,66,-173,-18,74,-185,-44,79,-189,-58,26,-148,6,43,-209,-7,53,-250,-25,63,-287,-38,2,-151,-4,12,-211,-21,21,-251,-36,31,-283,-47,-27,-143,-18,-28,-188,-33,-26,-220,-39,-21,-249,-43
328,752,0,39,-30,-26,68,-82,-33,87,-135,-42,86,-181,-49,47,-134,9,63,-175,-16,72,-185,-41,76,-187,-55,26,-148,7,42,-210,-6,53,-250,-24,63,-286,-37,2,-151,-4,12,-211,-21,21,-251,-37,32,-284,-48,-25,-143,-18,-26,-187,-33,-25,-219,-40,-21,-248,-45
328,751,0,39,-30,-26,68,-83,-34,87,-135,-43,85,-181,-52,48,-134,8,65,-174,-17,74,-186,-42,79,-191,-56,27,-150,6,43,-211,-7,53,-252,-25,62,-288,-38,2,-152,-5,12,-212,-22,21,-252,-38,31,-286,-48,-25,-143,-19,-27,-188,-35,-25,-219,-41,-21,-248,-45
327,750,0,39,-29,-27,68,-82,-35,88,-135,-44,85,-181,-52,48,-135,7,64,-176,-19,73,-185,-44,77,-187,-58,27,-150,4,44,-212,-9,54,-253,-26,63,-290,-39,3,-152,-6,13,-213,-23,22,-253,-40,32,-286,-51,-25,-143,-19,-26,-188,-35,-25,-219,-42,-22,-248,-47
327,749,0,39,-29,-27,68,-82,-35,88,-135,-44,85,-181,-52,49,-135,7,65,-175,-18,73,-183,-44,76,-183,-59,27,-150,5,44,-212,-8,54,-254,-26,63,-291,-39,3,-153,-6,13,-213,-23,21,-253,-40,31,-286,-51,-25,-144,-20,-27,-188,-35,-26,-219,-42,-23,-248,-46
327,749,0,38,-29,-27,69,-83,-36,88,-136,-45,85,-181,-54,49,-136,6,66,-175,-20,74,-184,-45,78,-185,-59,27,-152,3,44,-214,-10,54,-255,-27,62,-292,-39,2,-154,-8,13,-215,-25,21,-255,-42,30,-288,-52,-26,-144,-22,-28,-189,-38,-28,-221,-45,-26,-250,-50
326,748,0,39,-29,-28,69,-82,-37,89,-135,-47,86,-181,-57,50,-135,5,66,-174,-21,74,-184,-46,77,-185,-59,28,-151,2,45,-214,-10,54,-255,-26,63,-293,-39,3,-154,-9,13,-215,-26,21,-255,-42,30,-288,-53,-26,-144,-23,-29,-190,-39,-30,-222,-46,-28,-250,-51
326,749,0,39,-30,-27,69,-83,-36,89,-135,-47,85,-181,-57,51,-135,6,67,-174,-20,75,-187,-44,78,-190,-57,28,-151,2,45,-214,-9,54,-256,-24,63,-294,-35,3,-155,-9,13,-216,-26,21,-256,-40,29,-289,-50,-26,-146,-24,-30,-191,-40,-32,-223,-46,-31,-253,-51
326,749,0,39,-29,-27,69,-82,-36,89,-136,-46,86,-181,-56,52,-136,5,69,-173,-19,77,-188,-43,82,-194,-55,29,-152,2,45,-215,-10,55,-257,-24,63,-295,-34,4,-156,-10,12,-218,-27,20,-259,-41,28,-291,-50,-25,-146,-24,-30,-194,-41,-33,-226,-48,-32,-256,-52
328,746,0,39,-30,-27,70,-82,-37,89,-135,-49,85,-181,-60,52,-135,6,68,-172,-20,77,-188,-43,82,-192,-56,28,-152,2,44,-214,-10,54,-256,-24,63,-295,-34,2,-155,-9,10,-218,-27,17,-258,-41,26,-291,-50,-27,-146,-24,-34,-193,-41,-36,-226,-47,-35,-256,-51
329,743,0,39,-30,-27,70,-82,-36,88,-134,-47,86,-181,-57,51,-134,3,68,-173,-22,78,-188,-46,84,-195,-59,28,-151,-1,44,-214,-14,54,-256,-29,62,-294,-40,2,-154,-11,10,-217,-30,17,-257,-44,26,-290,-54,-27,-145,-26,-34,-192,-43,-37,-225,-50,-36,-255,-54
330,744,0,39,-29,-27,70,-82,-36,88,-135,-46,86,-181,-56,51,-136,3,67,-172,-21,77,-187,-43,83,-192,-55,27,-152,0,43,-214,-13,53,-256,-26,62,-295,-36,2,-155,-11,8,-218,-30,15,-258,-44,24,-292,-53,-27,-145,-25,-35,-193,-43,-39,-226,-51,-40,-257,-55
335,750,0,38,-32,-24,69,-85,-34,87,-137,-46,84,-182,-57,47,-139,7,66,-174,-16,77,-189,-38,84,-195,-49,24,-154,2,40,-214,-10,50,-255,-22,59,-295,-31,-2,-157,-10,2,-221,-28,8,-261,-42,16,-293,-50,-29,-147,-25,-41,-194,-44,-46,-228,-51,-48,-258,-55
336,750,0,38,-31,-26,68,-83,-38,86,-136,-51,85,-181,-62,47,-138,3,66,-174,-23,75,-186,-47,80,-187,-59,23,-154,0,40,-214,-13,51,-255,-27,59,-294,-36,-2,-156,-11,2,-220,-31,7,-259,-45,14,-292,-54,-29,-146,-26,-42,-193,-44,-47,-227,-52,-49,-257,-56
338,751,0,38,-31,-25,67,-84,-36,84,-137,-48,84,-182,-58,45,-137,4,64,-172,-19,75,-185,-41,81,-189,-52,22,-153,1,39,-213,-12,49,-254,-25,57,-293,-33,-3,-156,-11,0,-219,-30,5,-259,-44,11,-292,-52,-29,-146,-25,-43,-192,-44,-50,-226,-51,-52,-256,-55
338,750,0,38,-31,-26,68,-84,-37,85,-136,-49,85,-181,-60,45,-137,3,64,-172,-22,74,-185,-44,80,-187,-56,22,-153,-1,39,-213,-14,49,-254,-27,58,-293,-36,-3,-156,-12,0,-219,-32,4,-259,-47,11,-293,-55,-30,-145,-27,-44,-192,-46,-51,-226,-54,-54,-257,-58
340,749,0,38,-31,-25,69,-84,-36,87,-136,-49,87,-180,-60,45,-138,1,65,-174,-25,77,-188,-47,83,-191,-59,21,-154,-3,39,-216,-18,50,-256,-31,59,-296,-40,-4,-157,-15,-2,-222,-36,2,-263,-50,9,-297,-58,-31,-145,-29,-46,-193,-49,-54,-228,-57,-57,-260,-62
342,749,0,38,-30,-25,69,-83,-36,86,-136,-47,87,-180,-57,44,-138,-1,64,-174,-26,76,-187,-47,83,-190,-58,20,-155,-5,38,-216,-19,49,-258,-32,58,-297,-40,-5,-158,-16,-4,-223,-37,1,-265,-51,7,-299,-59,-32,-146,-29,-48,-195,-49,-56,-229,-57,-59,-260,-62
343,750,0,39,-31,-26,69,-84,-37,86,-136,-48,87,-180,-59,44,-138,-1,64,-172,-26,76,-186,-47,82,-191,-59,21,-154,-4,38,-215,-19,49,-257,-32,57,-296,-40,-5,-157,-15,-4,-223,-36,1,-264,-51,7,-298,-59,-32,-146,-29,-49,-195,-49,-57,-229,-57,-60,-261,-61
344,752,0,38,-31,-24,68,-84,-35,85,-136,-46,87,-181,-56,44,-137,0,63,-173,-25,75,-187,-45,82,-191,-56,20,-153,-4,37,-215,-18,48,-256,-29,57,-295,-37,-5,-157,-15,-5,-222,-35,0,-264,-49,7,-298,-57,-32,-146,-28,-49,-194,-48,-57,-229,-56,-60,-260,-60
344,752,0,38,-31,-26,69,-84,-36,85,-136,-47,86,-181,-57,45,-137,0,63,-171,-23,75,-185,-42,81,-191,-53,21,-154,-3,38,-214,-16,48,-255,-27,56,-293,-34,-5,-157,-13,-4,-221,-34,1,-263,-48,7,-296,-56,-32,-145,-26,-49,-193,-46,-57,-227,-55,-60,-258,-59
344,751,0,39,-31,-25,69,-84,-36,85,-136,-46,87,-181,-56,45,-137,2,64,-172,-21,75,-186,-40,82,-191,-50,21,-153,-1,38,-214,-13,48,-255,-25,57,-294,-31,-5,-156,-12,-4,-221,-31,1,-263,-46,7,-296,-54,-32,-145,-25,-49,-193,-44,-57,-227,-53,-60,-258,-57
344,752,0,39,-31,-25,69,-84,-35,85,-136,-46,87,-181,-56,45,-138,1,64,-172,-21,75,-186,-40,82,-192,-50,21,-154,-2,38,-215,-14,48,-255,-25,57,-294,-32,-5,-157,-12,-4,-222,-32,1,-264,-46,8,-297,-54,-32,-146,-26,-49,-193,-45,-57,-227,-54,-60,-259,-58
346,751,0,38,-31,-25,68,-84,-36,85,-137,-47,86,-181,-57,43,-138,1,63,-172,-22,74,-186,-42,81,-190,-52,19,-154,-2,37,-215,-15,47,-257,-27,56,-296,-34,-6,-157,-13,-5,-222,-33,-1,-264,-48,6,-298,-56,-33,-146,-27,-51,-193,-47,-58,-227,-55,-61,-258,-59
346,751,0,38,-31,-26,68,-84,-37,85,-136,-49,86,-181,-60,43,-138,-1,63,-172,-25,74,-187,-46,81,-191,-56,19,-155,-4,36,-216,-18,47,-257,-29,56,-297,-36,-6,-157,-15,-6,-223,-36,-2,-265,-50,5,-299,-57,-33,-146,-28,-52,-193,-49,-59,-228,-57,-62,-259,-61
346,751,0,38,-31,-25,68,-84,-36,86,-136,-48,87,-181,-59,43,-139,-1,63,-173,-25,74,-186,-45,81,-191,-56,19,-154,-4,36,-215,-17,46,-256,-29,55,-297,-36,-6,-157,-15,-6,-223,-35,-2,-264,-49,4,-298,-57,-33,-145,-28,-51,-192,-48,-60,-227,-56,-63,-258,-60
347,750,0,38,-31,-26,68,-84,-37,86,-136,-49,87,-180,-60,42,-138,-1,62,-172,-25,74,-187,-45,82,-192,-56,19,-154,-4,35,-215,-18,45,-257,-30,54,-297,-37,-7,-157,-15,-8,-223,-36,-3,-265,-50,2,-299,-57,-34,-145,-28,-52,-193,-48,-61,-227,-56,-65,-258,-60
349,751,0,38,-32,-26,68,-84,-37,85,-137,-49,86,-181,-60,41,-138,-4,60,-173,-28,73,-188,-48,81,-193,-59,17,-155,-7,34,-216,-22,44,-258,-33,53,-298,-40,-8,-157,-17,-9,-223,-38,-5,-266,-53,1,-300,-60,-35,-145,-30,-54,-193,-50,-63,-228,-59,-66,-260,-63
349,751,0,38,-32,-25,68,-84,-37,86,-136,-49,87,-180,-60,41,-137,-3,61,-173,-28,73,-188,-47,81,-191,-57,17,-154,-6,33,-216,-20,44,-258,-30,52,-297,-35,-9,-157,-16,-9,-223,-36,-5,-267,-49,1,-301,-56,-35,-146,-29,-54,-194,-48,-63,-229,-56,-67,-261,-59
352,752,0,37,-32,-24,67,-84,-36,85,-135,-49,87,-180,-60,39,-138,-4,59,-173,-30,71,-188,-51,79,-189,-61,15,-155,-8,31,-217,-23,41,-259,-33,49,-300,-39,-10,-157,-19,-12,-224,-40,-9,-268,-53,-3,-303,-59,-36,-144,-32,-56,-193,-53,-65,-229,-60,-69,-261,-64
353,756,0,37,-31,-25,66,-83,-38,84,-135,-52,88,-180,-64,36,-139,-6,55,-175,-33,69,-190,-53,78,-191,-62,13,-155,-10,28,-218,-25,39,-259,-34,47,-299,-38,-12,-157,-20,-14,-225,-42,-12,-268,-54,-7,-304,-59,-37,-145,-34,-57,-193,-54,-67,-229,-62,-72,-262,-65
354,763,0,37,-32,-23,64,-85,-35,84,-135,-49,89,-179,-62,34,-140,-4,51,-179,-32,65,-192,-53,76,-190,-63,11,-156,-9,24,-218,-24,36,-259,-34,45,-298,-39,-12,-157,-21,-16,-224,-42,-13,-268,-53,-9,-303,-58,-36,-144,-36,-57,-193,-55,-66,-229,-62,-71,-263,-65
360,779,0,34,-34,-18,60,-90,-28,80,-138,-41,88,-180,-52,22,-144,2,40,-183,-29,58,-192,-52,71,-185,-63,3,-157,-7,13,-217,-23,26,-257,-33,36,-296,-39,-16,-158,-23,-21,-222,-43,-19,-267,-54,-14,-306,-59,-36,-145,-41,-58,-193,-60,-67,-230,-65,-71,-264,-67
401,783,0,28,-48,0,45,-103,-5,62,-145,-18,71,-187,-30,-4,-146,29,15,-190,-2,39,-194,-30,57,-188,-43,-14,-157,8,-13,-219,-7,-2,-264,-23,8,-300,-33,-26,-154,-20,-38,-219,-36,-38,-269,-48,-35,-311,-56,-34,-143,-51,-56,-195,-62,-64,-233,-64,-68,-266,-65
401,780,0,29,-48,-2,45,-103,-8,62,-145,-22,72,-187,-34,-3,-147,26,15,-190,-7,39,-195,-36,58,-190,-50,-14,-157,6,-12,-219,-11,-2,-264,-27,8,-302,-38,-26,-154,-22,-37,-220,-39,-37,-270,-52,-35,-312,-60,-34,-144,-52,-56,-195,-64,-64,-233,-67,-68,-267,-68
400,782,0,29,-48,-1,45,-103,-6,62,-145,-20,72,-187,-32,-3,-146,28,15,-190,-4,39,-194,-33,58,-189,-48,-14,-157,8,-12,-219,-8,0,-263,-25,9,-300,-36,-26,-154,-20,-36,-220,-37,-35,-269,-50,-32,-311,-59,-35,-143,-50,-55,-194,-62,-63,-232,-65,-67,-265,-66
401,778,0,28,-49,0,45,-104,-6,62,-146,-19,72,-187,-31,-3,-147,27,15,-190,-4,39,-195,-33,57,-190,-47,-14,-156,7,-12,-220,-10,-1,-264,-26,9,-301,-37,-25,-154,-21,-37,-220,-39,-37,-269,-52,-34,-311,-60,-34,-143,-52,-56,-194,-64,-64,-233,-67,-67,-266,-68
575,754,0,39,-43,14,69,-96,12,97,-127,0,121,-160,-9,26,-163,29,57,-211,-2,86,-195,-29,106,-172,-42,20,-169,2,36,-239,-17,61,-279,-35,81,-307,-48,13,-164,-31,18,-241,-46,31,-293,-61,43,-332,-71,10,-153,-65,6,-218,-75,8,-264,-79,11,-300,-82
576,750,0,40,-41,15,70,-95,13,97,-127,2,121,-159,-8,26,-163,29,58,-212,-2,88,-196,-29,107,-173,-42,20,-170,1,37,-241,-16,63,-281,-35,82,-308,-48,13,-165,-32,18,-242,-46,32,-294,-60,44,-334,-70,10,-154,-66,5,-220,-75,8,-265,-78,12,-301,-81
574,753,0,40,-42,15,70,-95,13,98,-126,1,121,-160,-8,25,-161,25,58,-210,-6,88,-194,-31,107,-172,-43,18,-167,-2,35,-240,-21,61,-281,-38,82,-308,-50,12,-161,-35,16,-241,-50,30,-293,-63,44,-333,-72,10,-151,-68,6,-218,-77,8,-263,-79,12,-297,-80
570,753,0,42,-42,14,71,-95,11,98,-126,-1,121,-160,-12,26,-159,25,59,-208,-8,89,-193,-36,107,-170,-48,19,-166,-3,35,-238,-23,62,-280,-41,83,-308,-54,13,-160,-35,17,-240,-51,30,-292,-65,43,-332,-75,11,-149,-69,6,-215,-78,8,-260,-80,13,-295,-82
570,749,0,42,-42,12,71,-95,8,99,-125,-4,121,-160,-15,27,-160,24,60,-209,-9,90,-195,-37,109,-173,-50,20,-168,-2,37,-240,-21,63,-282,-39,84,-310,-52,13,-164,-33,16,-243,-49,30,-295,-63,44,-336,-72,9,-153,-66,4,-219,-75,6,-265,-77,12,-301,-79
563,746,0,42,-42,9,73,-94,4,101,-124,-9,122,-158,-20,30,-159,26,63,-205,-8,91,-192,-38,110,-171,-52,22,-168,1,39,-238,-18,64,-279,-38,86,-308,-51,14,-164,-30,17,-242,-46,31,-294,-61,46,-333,-70,8,-152,-63,2,-216,-73,4,-262,-75,10,-297,-77
559,745,0,42,-41,7,73,-92,2,101,-124,-12,123,-158,-23,30,-157,24,64,-203,-10,92,-190,-39,110,-168,-53,23,-166,0,39,-236,-21,66,-277,-40,88,-305,-53,15,-162,-30,18,-241,-48,33,-293,-63,47,-333,-73,9,-152,-62,2,-216,-73,4,-261,-77,9,-297,-79
556,735,0,42,-43,3,72,-90,-5,100,-122,-19,123,-158,-32,28,-153,19,60,-196,-16,89,-184,-45,107,-163,-58,20,-163,-3,37,-233,-25,65,-275,-44,87,-305,-57,11,-160,-31,14,-238,-50,30,-292,-66,45,-333,-76,4,-150,-60,-4,-215,-72,-1,-261,-75,5,-296,-78
555,731,0,42,-42,2,72,-91,-5,100,-123,-19,123,-157,-31,30,-155,18,60,-197,-16,88,-183,-44,106,-162,-57,21,-164,-3,35,-232,-24,62,-275,-44,84,-305,-57,11,-160,-31,11,-237,-51,25,-291,-68,40,-333,-78,4,-148,-60,-4,-213,-72,-2,-259,-76,2,-294,-78
553,727,0,43,-43,1,73,-90,-7,101,-122,-23,124,-157,-36,28,-154,16,58,-194,-20,87,-182,-50,106,-161,-64,20,-164,-5,38,-232,-28,65,-275,-49,87,-305,-63,10,-161,-33,13,-239,-54,27,-293,-72,43,-333,-82,1,-150,-62,-6,-215,-76,-3,-262,-80,3,-298,-82
538,734,0,43,-46,7,70,-92,0,98,-125,-14,121,-159,-26,23,-152,18,56,-197,-15,84,-185,-41,102,-164,-52,16,-162,-6,35,-232,-29,63,-275,-48,86,-304,-60,7,-159,-35,11,-238,-56,26,-291,-71,40,-331,-80,1,-148,-66,-6,-214,-79,-4,-260,-82,1,-296,-83
536,734,0,42,-45,4,70,-91,-2,99,-125,-17,121,-160,-29,25,-152,18,56,-196,-16,85,-184,-44,101,-163,-56,17,-163,-5,36,-232,-27,64,-274,-47,87,-302,-59,8,-160,-33,13,-237,-53,28,-290,-69,42,-330,-79,1,-149,-63,-7,-214,-75,-4,-260,-78,2,-295,-80
536,737,0,41,-43,4,69,-92,-4,98,-124,-20,121,-160,-34,24,-153,19,56,-197,-17,84,-184,-47,101,-163,-60,17,-163,-5,35,-232,-27,63,-273,-48,84,-302,-62,7,-161,-34,13,-238,-55,29,-289,-71,44,-329,-81,0,-151,-65,-7,-214,-78,-5,-259,-81,1,-295,-84
536,742,0,40,-43,9,69,-92,2,96,-125,-14,120,-160,-28,23,-153,24,57,-198,-10,85,-185,-40,103,-167,-54,15,-163,-2,34,-233,-23,60,-274,-43,81,-302,-57,6,-160,-34,12,-237,-52,27,-289,-67,42,-328,-77,1,-152,-68,-6,-215,-78,-3,-259,-80,2,-294,-83
534,742,0,42,-44,9,70,-93,4,98,-125,-10,121,-160,-23,25,-153,25,58,-197,-7,85,-184,-36,101,-164,-49,17,-164,-1,36,-232,-21,62,-273,-41,83,-301,-54,8,-161,-32,13,-237,-50,29,-288,-65,44,-327,-76,2,-151,-65,-4,-214,-76,-2,-259,-78,3,-294,-81
535,740,0,42,-44,9,71,-92,3,98,-124,-12,121,-159,-26,25,-154,24,59,-198,-9,87,-184,-37,103,-163,-51,17,-164,-2,36,-233,-23,63,-274,-43,84,-301,-56,8,-162,-34,14,-239,-52,30,-290,-68,45,-329,-78,1,-152,-67,-5,-216,-78,-3,-261,-82,2,-296,-85
535,742,0,42,-43,9,70,-92,4,98,-124,-11,121,-160,-24,24,-152,24,58,-197,-9,86,-185,-37,102,-166,-50,16,-163,-2,35,-232,-23,62,-274,-42,84,-302,-55,7,-160,-34,14,-237,-52,30,-289,-67,45,-328,-77,1,-151,-67,-5,-215,-78,-3,-260,-80,2,-295,-83
535,742,0,41,-43,8,70,-92,1,98,-124,-14,121,-159,-28,25,-151,22,58,-197,-12,86,-184,-40,103,-165,-54,17,-162,-4,35,-232,-25,62,-273,-45,84,-301,-58,7,-160,-35,13,-237,-54,29,-289,-70,45,-328,-81,2,-150,-68,-5,-215,-79,-2,-260,-83,3,-295,-86
535,742,0,40,-43,5,69,-92,-3,98,-124,-19,121,-159,-33,26,-152,19,58,-196,-16,87,-183,-46,103,-163,-59,18,-163,-5,36,-232,-28,63,-274,-48,85,-301,-61,8,-160,-36,13,-238,-56,29,-289,-73,44,-328,-83,1,-150,-68,-6,-213,-81,-4,-258,-85,2,-294,-88
535,744,0,41,-44,6,69,-91,0,98,-124,-16,120,-160,-29,26,-153,21,57,-197,-13,86,-184,-40,102,-164,-53,18,-164,-4,36,-233,-26,63,-274,-45,85,-302,-58,8,-162,-34,14,-239,-54,30,-290,-70,44,-329,-80,0,-152,-66,-7,-215,-79,-4,-260,-83,1,-297,-86
534,746,0,41,-44,6,70,-92,0,97,-125,-15,120,-160,-28,25,-153,23,57,-197,-12,85,-185,-40,103,-165,-53,17,-164,-2,35,-233,-23,62,-274,-43,83,-302,-55,8,-162,-32,13,-238,-51,28,-288,-66,42,-327,-75,1,-152,-64,-7,-215,-76,-6,-259,-78,0,-295,-79
533,747,0,41,-44,8,69,-93,3,97,-125,-12,119,-161,-25,25,-152,26,58,-197,-8,86,-185,-36,102,-166,-49,17,-164,0,36,-232,-21,62,-273,-40,83,-301,-53,8,-161,-32,13,-237,-50,28,-288,-64,43,-326,-74,1,-152,-65,-7,-215,-76,-5,-259,-78,1,-294,-80
532,747,0,41,-44,6,69,-92,0,97,-125,-14,119,-161,-26,25,-152,23,57,-197,-10,85,-186,-39,102,-166,-51,18,-164,-1,37,-232,-22,63,-273,-41,84,-301,-53,8,-161,-31,14,-237,-49,29,-288,-63,43,-325,-72,1,-151,-62,-7,-215,-73,-5,-258,-75,0,-293,-76
531,748,0,41,-44,6,69,-93,1,97,-126,-14,119,-161,-26,25,-152,25,56,-195,-9,84,-185,-38,102,-166,-52,17,-163,1,36,-231,-21,62,-272,-40,83,-300,-53,8,-161,-31,13,-237,-50,29,-287,-64,43,-326,-74,1,-152,-63,-7,-215,-75,-5,-259,-77,0,-294,-79
529,751,0,41,-44,9,69,-93,4,97,-125,-11,119,-161,-24,25,-153,27,57,-198,-7,84,-185,-37,102,-166,-50,17,-163,1,36,-231,-21,62,-272,-41,83,-300,-53,8,-161,-32,14,-236,-50,29,-286,-65,43,-325,-75,2,-152,-66,-5,-215,-77,-4,-259,-79,1,-294,-81
527,750,0,42,-45,8,70,-93,4,97,-126,-11,119,-161,-22,26,-153,29,58,-196,-5,85,-185,-34,102,-165,-48,19,-164,3,37,-231,-17,63,-271,-36,84,-298,-49,9,-162,-29,14,-236,-46,29,-285,-60,43,-322,-68,3,-153,-62,-5,-216,-71,-3,-259,-72,2,-293,-73
527,751,0,42,-45,10,70,-94,6,96,-127,-8,118,-161,-20,25,-153,30,56,-197,-3,84,-185,-32,101,-167,-46,18,-163,4,36,-230,-16,62,-270,-35,83,-298,-47,8,-162,-29,14,-236,-46,29,-285,-60,43,-322,-68,2,-153,-63,-5,-215,-73,-4,-258,-74,2,-291,-75
525,750,0,41,-45,8,70,-93,3,97,-125,-11,118,-161,-22,27,-154,31,57,-196,-3,83,-184,-33,100,-166,-47,20,-165,6,37,-230,-13,63,-270,-33,84,-297,-46,10,-163,-26,15,-236,-43,29,-284,-58,44,-322,-67,2,-154,-59,-5,-215,-69,-4,-257,-70,1,-291,-71
524,752,0,42,-46,10,70,-94,6,96,-127,-9,118,-162,-21,24,-154,32,56,-196,-2,83,-184,-32,100,-165,-47,17,-164,6,36,-231,-15,62,-270,-35,83,-297,-48,8,-163,-27,15,-236,-45,30,-284,-59,44,-322,-68,2,-154,-62,-6,-214,-71,-4,-257,-73,1,-291,-74
520,752,0,41,-47,10,70,-94,5,96,-126,-10,118,-162,-23,24,-153,30,57,-196,-4,84,-184,-35,100,-165,-49,16,-162,4,37,-229,-17,63,-270,-36,83,-297,-50,8,-161,-29,15,-234,-46,30,-283,-60,43,-320,-69,2,-152,-63,-5,-214,-72,-3,-256,-73,2,-289,-74
536,712,0,13,-56,-2,13,-110,-9,19,-157,-24,19,-200,-37,-43,-126,18,-36,-178,-17,-13,-192,-47,7,-193,-61,-55,-129,-1,-67,-190,-22,-64,-240,-42,-60,-280,-56,-66,-120,-27,-89,-180,-48,-96,-228,-64,-99,-269,-75,-73,-105,-55,-105,-146,-68,-119,-181,-73,-127,-217,-76
537,713,0,13,-55,-3,14,-110,-11,19,-156,-25,19,-200,-38,-44,-125,16,-35,-177,-19,-13,-192,-49,7,-194,-63,-55,-129,-2,-66,-190,-23,-63,-241,-43,-59,-280,-57,-65,-121,-28,-89,-181,-48,-95,-229,-64,-97,-270,-75,-72,-105,-55,-104,-145,-68,-119,-181,-72,-127,-216,-75
538,714,0,13,-56,-3,14,-110,-12,20,-156,-27,20,-199,-41,-44,-125,15,-35,-178,-20,-12,-193,-50,7,-194,-65,-56,-129,-4,-66,-190,-25,-63,-240,-45,-59,-280,-60,-65,-120,-29,-88,-181,-51,-95,-229,-67,-98,-270,-78,-72,-105,-57,-104,-145,-71,-119,-181,-75,-127,-216,-79
537,717,0,13,-56,-4,14,-111,-12,21,-157,-27,20,-199,-39,-43,-126,16,-35,-178,-19,-12,-193,-49,7,-195,-63,-55,-130,-2,-66,-191,-23,-62,-240,-43,-58,-280,-56,-65,-121,-27,-87,-182,-48,-94,-230,-64,-96,-270,-74,-72,-106,-54,-103,-146,-67,-118,-182,-71,-126,-216,-74
538,714,0,13,-56,-4,14,-110,-13,20,-156,-28,20,-199,-41,-44,-126,13,-35,-179,-22,-12,-194,-53,8,-195,-67,-55,-130,-5,-67,-191,-26,-63,-242,-47,-58,-281,-61,-65,-120,-30,-88,-182,-51,-95,-230,-68,-97,-271,-79,-72,-105,-56,-104,-146,-70,-119,-183,-74,-127,-218,-78
538,716,0,12,-56,-3,14,-111,-10,20,-157,-24,19,-200,-36,-43,-125,17,-34,-178,-17,-12,-193,-47,7,-194,-61,-55,-128,-2,-66,-190,-22,-63,-239,-42,-58,-279,-56,-65,-120,-27,-87,-180,-48,-94,-228,-64,-97,-269,-74,-72,-105,-55,-103,-146,-68,-117,-182,-71,-125,-217,-74
535,721,0,13,-57,-3,14,-111,-9,21,-157,-23,21,-199,-34,-42,-125,17,-34,-179,-16,-12,-194,-45,7,-195,-59,-54,-128,-1,-65,-190,-21,-62,-239,-41,-57,-279,-54,-63,-120,-27,-86,-180,-46,-92,-228,-62,-95,-267,-72,-70,-105,-54,-100,-147,-66,-115,-182,-70,-123,-215,-72
533,719,0,13,-55,-3,15,-110,-10,21,-156,-24,21,-199,-36,-42,-126,18,-34,-177,-15,-12,-192,-43,7,-195,-57,-53,-129,-1,-64,-190,-21,-61,-240,-40,-56,-279,-53,-63,-120,-27,-86,-180,-46,-92,-228,-62,-94,-269,-72,-69,-106,-55,-101,-147,-67,-116,-183,-71,-123,-216,-73
531,718,0,13,-57,-3,15,-111,-11,21,-156,-25,21,-199,-37,-41,-126,19,-34,-177,-14,-12,-191,-44,7,-194,-59,-53,-129,1,-65,-189,-19,-61,-237,-39,-56,-277,-52,-63,-121,-25,-86,-179,-45,-93,-226,-60,-94,-267,-69,-69,-106,-53,-100,-146,-66,-116,-180,-69,-123,-214,-71
531,715,0,12,-56,-3,14,-110,-10,20,-156,-25,20,-199,-38,-43,-126,21,-36,-177,-13,-13,-191,-43,5,-195,-58,-54,-130,1,-65,-190,-19,-62,-239,-38,-57,-278,-52,-64,-121,-25,-87,-180,-45,-94,-228,-61,-96,-269,-70,-71,-107,-54,-103,-145,-67,-118,-180,-70,-125,-214,-73
524,715,0,13,-57,-3,16,-110,-10,22,-156,-25,22,-199,-38,-41,-125,20,-33,-175,-14,-11,-191,-45,8,-194,-60,-53,-129,1,-63,-190,-19,-60,-238,-39,-55,-278,-53,-62,-121,-25,-84,-180,-45,-91,-227,-60,-93,-267,-70,-68,-107,-53,-101,-145,-66,-115,-180,-69,-123,-213,-72
524,713,0,13,-56,-3,16,-110,-11,22,-156,-25,22,-199,-38,-41,-125,20,-33,-175,-14,-12,-191,-45,7,-194,-60,-52,-129,2,-63,-191,-18,-60,-240,-38,-55,-280,-52,-62,-122,-24,-85,-181,-44,-91,-228,-60,-93,-269,-69,-70,-108,-52,-102,-145,-65,-117,-180,-69,-124,-214,-71
523,712,0,13,-55,-3,16,-109,-11,22,-155,-26,22,-199,-40,-40,-125,20,-33,-175,-14,-11,-190,-46,8,-193,-61,-52,-129,1,-62,-190,-18,-59,-239,-38,-54,-278,-52,-62,-122,-25,-84,-181,-44,-90,-228,-59,-92,-268,-69,-70,-107,-53,-101,-145,-66,-116,-179,-69,-123,-213,-72
523,712,0,13,-55,-4,16,-109,-12,22,-155,-27,22,-199,-40,-41,-126,19,-33,-175,-16,-11,-191,-47,8,-194,-62,-52,-130,1,-62,-191,-19,-59,-240,-39,-54,-280,-53,-63,-122,-24,-84,-182,-44,-90,-228,-60,-93,-269,-70,-70,-107,-52,-102,-146,-65,-116,-180,-69,-124,-215,-72
522,711,0,14,-55,-5,16,-109,-14,23,-155,-29,23,-199,-42,-40,-125,18,-33,-174,-18,-11,-190,-49,8,-193,-64,-52,-129,0,-62,-190,-21,-58,-239,-41,-53,-279,-55,-62,-121,-25,-84,-181,-46,-90,-228,-61,-92,-268,-71,-70,-106,-53,-101,-145,-66,-116,-180,-70,-124,-213,-73
522,710,0,14,-55,-5,17,-108,-13,23,-155,-28,22,-199,-42,-40,-125,18,-32,-174,-17,-11,-190,-48,8,-193,-64,-52,-129,0,-62,-190,-20,-58,-239,-40,-54,-279,-54,-63,-121,-25,-84,-181,-45,-90,-228,-61,-92,-268,-70,-71,-106,-52,-102,-145,-66,-116,-180,-69,-124,-214,-72
521,709,0,14,-54,-5,17,-109,-14,23,-155,-29,23,-199,-43,-40,-125,17,-32,-174,-18,-11,-189,-50,9,-193,-65,-52,-129,-1,-62,-191,-22,-58,-239,-42,-53,-279,-56,-62,-121,-26,-84,-181,-47,-89,-228,-62,-91,-268,-72,-70,-106,-53,-101,-145,-67,-115,-180,-70,-123,-213,-74
521,708,0,14,-55,-3,17,-108,-12,24,-155,-26,24,-199,-40,-40,-125,20,-32,-174,-14,-11,-190,-44,9,-194,-59,-52,-129,1,-61,-191,-18,-58,-239,-37,-53,-279,-51,-62,-122,-25,-83,-181,-44,-89,-228,-59,-91,-269,-68,-70,-107,-52,-102,-145,-65,-116,-180,-69,-123,-214,-72
521,708,0,14,-55,-4,17,-109,-12,24,-155,-26,24,-199,-40,-40,-125,20,-31,-175,-14,-10,-190,-45,9,-194,-60,-52,-129,1,-61,-191,-18,-58,-240,-38,-53,-280,-52,-63,-122,-25,-83,-181,-44,-89,-228,-59,-91,-269,-69,-70,-107,-53,-102,-145,-65,-116,-180,-69,-124,-215,-72
521,707,0,14,-55,-4,17,-109,-12,23,-155,-27,23,-199,-40,-40,-125,19,-32,-174,-15,-11,-190,-45,8,-193,-61,-52,-129,1,-62,-191,-18,-58,-240,-38,-53,-280,-51,-63,-122,-24,-84,-181,-44,-89,-228,-59,-91,-269,-68,-72,-107,-52,-103,-145,-65,-117,-180,-68,-124,-215,-70
521,708,0,14,-54,-5,17,-108,-14,23,-155,-29,23,-199,-42,-40,-125,19,-32,-174,-16,-11,-189,-47,7,-194,-62,-52,-129,1,-62,-191,-19,-58,-239,-38,-53,-279,-52,-63,-122,-24,-83,-181,-44,-89,-228,-59,-90,-269,-69,-71,-107,-52,-103,-145,-64,-117,-180,-68,-124,-214,-71
521,707,0,13,-54,-6,17,-108,-15,23,-155,-30,23,-199,-43,-40,-125,18,-32,-174,-17,-11,-189,-49,7,-193,-64,-52,-129,0,-62,-190,-20,-58,-239,-40,-54,-279,-54,-63,-121,-25,-84,-181,-45,-89,-228,-60,-91,-268,-70,-71,-106,-52,-103,-145,-65,-117,-179,-68,-124,-213,-71
520,709,0,14,-54,-5,18,-108,-14,24,-155,-29,24,-199,-42,-40,-125,19,-32,-175,-16,-11,-190,-46,8,-194,-62,-52,-129,1,-61,-191,-18,-57,-239,-38,-53,-279,-52,-63,-122,-24,-83,-182,-43,-88,-228,-58,-90,-269,-68,-71,-107,-51,-101,-145,-64,-116,-180,-67,-124,-214,-70
521,708,0,13,-54,-6,17,-109,-15,23,-155,-30,23,-199,-43,-40,-125,18,-33,-174,-17,-11,-189,-48,7,-194,-63,-52,-129,1,-61,-191,-19,-58,-239,-39,-54,-279,-53,-63,-122,-23,-83,-182,-43,-89,-229,-59,-91,-269,-68,-71,-107,-50,-102,-146,-63,-116,-180,-66,-124,-214,-69
520,710,0,14,-54,-6,17,-108,-15,24,-156,-29,24,-199,-43,-39,-125,18,-31,-175,-17,-10,-190,-48,8,-194,-64,-51,-130,1,-60,-190,-19,-56,-239,-39,-52,-278,-54,-62,-122,-24,-81,-182,-44,-87,-228,-59,-90,-268,-70,-70,-107,-50,-101,-147,-64,-114,-180,-67,-122,-214,-71
521,709,0,13,-54,-6,16,-108,-14,23,-155,-29,24,-199,-42,-40,-126,18,-31,-175,-17,-10,-190,-48,9,-194,-64,-51,-130,1,-60,-191,-20,-57,-239,-40,-53,-279,-54,-62,-123,-24,-83,-183,-44,-88,-229,-60,-90,-269,-70,-71,-108,-50,-101,-147,-64,-115,-181,-68,-123,-215,-71
520,710,0,14,-53,-7,17,-108,-15,24,-156,-29,24,-199,-42,-39,-126,17,-31,-175,-18,-9,-190,-49,9,-194,-65,-51,-130,1,-59,-190,-20,-56,-239,-40,-51,-278,-54,-61,-123,-24,-81,-183,-44,-87,-229,-60,-89,-269,-70,-70,-108,-50,-100,-147,-64,-114,-181,-68,-122,-214,-71
520,712,0,14,-54,-5,17,-109,-13,24,-155,-27,24,-199,-39,-38,-126,20,-31,-175,-14,-9,-190,-45,10,-194,-61,-51,-131,3,-59,-191,-17,-55,-238,-37,-51,-278,-51,-61,-123,-22,-81,-183,-42,-86,-229,-57,-89,-268,-67,-69,-109,-49,-99,-147,-62,-114,-182,-66,-122,-215,-69
519,712,0,14,-54,-5,17,-108,-12,24,-155,-26,25,-199,-39,-38,-126,21,-30,-175,-13,-9,-190,-44,10,-195,-60,-50,-131,4,-59,-191,-15,-55,-239,-35,-51,-279,-49,-61,-123,-21,-80,-183,-41,-86,-229,-55,-89,-269,-65,-69,-109,-48,-99,-148,-62,-113,-182,-65,-121,-216,-68
519,714,0,14,-53,-6,17,-108,-14,24,-155,-28,25,-199,-40,-38,-125,20,-30,-174,-14,-9,-190,-45,10,-195,-61,-50,-131,3,-58,-191,-16,-55,-238,-36,-51,-278,-50,-60,-124,-22,-80,-183,-41,-86,-229,-56,-88,-269,-66,-69,-109,-49,-99,-148,-62,-113,-182,-66,-121,-216,-69
518,717,0,14,-54,-4,18,-109,-11,25,-155,-25,25,-199,-37,-38,-127,23,-29,-176,-11,-8,-191,-42,10,-195,-57,-50,-132,5,-58,-192,-13,-54,-239,-32,-50,-278,-46,-60,-125,-20,-79,-184,-39,-84,-230,-53,-87,-270,-62,-68,-110,-48,-98,-149,-60,-112,-183,-63,-120,-217,-66
518,717,0,14,-54,-3,18,-109,-10,25,-155,-24,26,-199,-36,-38,-127,22,-29,-175,-12,-8,-191,-43,10,-195,-58,-49,-132,4,-58,-192,-15,-54,-239,-34,-50,-278,-47,-60,-125,-22,-79,-184,-41,-85,-230,-54,-87,-269,-63,-68,-111,-50,-98,-150,-63,-112,-183,-66,-120,-216,-68
517,718,0,15,-55,-3,18,-109,-9,25,-155,-22,27,-199,-34,-37,-127,23,-28,-176,-11,-7,-191,-42,12,-195,-57,-49,-132,5,-57,-192,-13,-53,-240,-32,-49,-279,-46,-59,-125,-21,-79,-184,-39,-85,-230,-53,-87,-269,-61,-67,-111,-49,-98,-150,-61,-112,-183,-64,-120,-216,-66
515,719,0,15,-54,-3,19,-109,-10,27,-156,-23,28,-198,-35,-36,-129,20,-26,-178,-14,-5,-193,-45,14,-195,-61,-48,-134,3,-56,-195,-16,-53,-242,-35,-49,-281,-48,-58,-128,-22,-78,-186,-40,-84,-231,-55,-88,-270,-64,-67,-113,-49,-98,-150,-61,-113,-183,-64,-122,-214,-67
515,718,0,16,-54,-4,20,-108,-11,28,-156,-23,30,-198,-34,-36,-129,17,-24,-179,-18,-3,-194,-49,16,-196,-64,-48,-135,1,-56,-197,-17,-53,-245,-36,-50,-284,-49,-58,-128,-23,-79,-188,-41,-86,-233,-55,-90,-272,-64,-67,-113,-48,-99,-151,-61,-115,-184,-65,-124,-216,-67
515,721,0,16,-56,-2,20,-109,-7,29,-156,-18,30,-198,-27,-36,-131,19,-24,-181,-14,-2,-195,-45,16,-195,-59,-48,-136,2,-56,-199,-14,-52,-246,-33,-49,-285,-47,-58,-129,-21,-79,-189,-38,-85,-235,-52,-90,-273,-62,-67,-114,-47,-99,-153,-59,-115,-185,-63,-126,-216,-65
515,722,0,16,-55,-3,21,-108,-8,30,-156,-20,32,-198,-30,-34,-132,18,-23,-180,-15,-1,-194,-46,17,-194,-61,-47,-137,1,-54,-199,-16,-51,-247,-35,-48,-285,-48,-58,-129,-23,-78,-190,-40,-85,-236,-55,-90,-274,-65,-67,-114,-48,-99,-153,-62,-115,-185,-65,-125,-216,-68
516,723,0,17,-55,-3,21,-108,-8,30,-155,-20,33,-198,-29,-34,-131,18,-23,-181,-16,-1,-195,-47,18,-195,-63,-47,-137,1,-55,-199,-17,-51,-246,-36,-48,-286,-50,-58,-130,-23,-78,-190,-41,-86,-236,-56,-91,-275,-66,-67,-114,-49,-99,-153,-63,-116,-185,-67,-126,-216,-69
516,724,0,18,-54,-4,23,-107,-11,32,-155,-22,35,-197,-32,-32,-132,15,-20,-181,-20,2,-194,-52,20,-191,-67,-45,-138,-1,-52,-200,-20,-49,-248,-39,-46,-287,-53,-56,-131,-24,-77,-192,-43,-85,-238,-58,-90,-278,-69,-66,-116,-49,-98,-154,-63,-114,-187,-66,-124,-218,-69
516,726,0,18,-54,-4,24,-108,-10,33,-155,-22,36,-197,-33,-31,-133,18,-19,-182,-17,3,-194,-49,21,-192,-64,-43,-139,1,-51,-199,-17,-48,-248,-37,-47,-288,-51,-56,-132,-23,-76,-192,-42,-84,-239,-57,-90,-279,-67,-65,-117,-49,-97,-155,-63,-113,-188,-67,-123,-219,-70
515,729,0,18,-55,-4,23,-108,-10,33,-155,-21,36,-197,-31,-31,-135,15,-17,-183,-19,5,-196,-49,22,-193,-64,-43,-140,-1,-50,-202,-19,-47,-250,-39,-47,-289,-54,-55,-133,-23,-75,-194,-42,-83,-241,-58,-88,-280,-69,-64,-117,-48,-96,-156,-62,-112,-189,-67,-122,-220,-70
515,734,0,18,-55,-3,24,-109,-8,34,-156,-19,36,-197,-27,-30,-135,17,-17,-185,-17,5,-196,-47,22,-194,-61,-42,-141,0,-49,-202,-18,-47,-250,-38,-46,-289,-53,-54,-133,-23,-74,-194,-41,-82,-241,-58,-88,-281,-69,-63,-117,-48,-94,-157,-62,-110,-189,-67,-121,-221,-70
514,737,0,18,-55,-3,23,-108,-8,33,-156,-19,36,-197,-27,-30,-135,17,-17,-184,-17,5,-196,-47,22,-193,-62,-42,-140,0,-48,-202,-18,-46,-250,-38,-45,-289,-52,-53,-134,-23,-73,-195,-41,-81,-241,-57,-87,-281,-68,-62,-118,-48,-93,-159,-62,-109,-190,-66,-119,-222,-69
514,739,0,18,-55,-3,23,-108,-9,33,-156,-20,36,-197,-29,-30,-135,17,-17,-183,-17,5,-196,-48,22,-195,-63,-42,-141,1,-48,-202,-17,-46,-250,-37,-45,-289,-51,-53,-134,-22,-73,-195,-41,-81,-241,-56,-87,-281,-66,-62,-119,-47,-93,-158,-61,-109,-190,-66,-119,-222,-68
513,743,0,18,-55,-2,24,-109,-7,33,-156,-18,35,-197,-27,-30,-136,20,-17,-184,-14,5,-196,-44,23,-194,-58,-41,-141,3,-48,-202,-14,-45,-248,-33,-44,-287,-47,-52,-135,-21,-72,-195,-39,-79,-240,-54,-85,-280,-63,-61,-119,-47,-92,-159,-61,-107,-191,-65,-117,-221,-67
511,744,0,18,-55,-2,24,-109,-8,34,-156,-19,37,-197,-29,-29,-135,18,-15,-183,-16,7,-195,-46,24,-194,-60,-40,-141,1,-46,-203,-17,-43,-249,-36,-42,-287,-50,-51,-134,-23,-70,-195,-41,-78,-240,-56,-84,-279,-67,-60,-119,-49,-90,-159,-63,-106,-191,-67,-115,-221,-70
513,745,0,17,-55,-3,23,-109,-8,33,-156,-19,36,-197,-28,-29,-136,18,-16,-184,-16,6,-196,-45,23,-194,-60,-41,-142,1,-47,-203,-16,-44,-249,-34,-43,-287,-48,-51,-135,-22,-70,-196,-40,-78,-241,-55,-84,-280,-65,-61,-120,-48,-91,-160,-61,-106,-192,-65,-116,-222,-68
511,747,0,18,-54,-2,24,-109,-7,34,-156,-18,37,-197,-27,-28,-137,19,-15,-184,-14,7,-197,-44,24,-195,-58,-40,-142,2,-46,-204,-15,-43,-250,-33,-42,-288,-46,-50,-136,-22,-69,-196,-39,-77,-241,-54,-82,-280,-63,-59,-121,-48,-89,-160,-61,-105,-192,-65,-114,-223,-68
512,743,0,18,-52,-5,24,-109,-11,35,-155,-23,37,-197,-32,-28,-137,16,-15,-185,-19,7,-196,-49,24,-194,-64,-39,-143,-1,-46,-203,-19,-43,-250,-38,-41,-287,-51,-51,-136,-24,-70,-196,-43,-77,-242,-58,-82,-281,-68,-60,-120,-50,-91,-160,-64,-105,-192,-68,-114,-223,-71
508,741,0,20,-52,-6,27,-108,-12,38,-155,-22,42,-196,-31,-24,-139,15,-11,-188,-20,11,-198,-50,29,-194,-64,-37,-145,0,-42,-208,-18,-39,-254,-36,-37,-292,-50,-48,-138,-22,-66,-201,-41,-73,-246,-55,-77,-285,-65,-59,-122,-47,-88,-163,-61,-102,-196,-65,-111,-228,-67
389,683,0,54,-26,4,99,-62,-4,137,-80,-20,171,-104,-35,82,-154,21,125,-180,-16,150,-155,-51,162,-125,-70,77,-168,-3,118,-224,-25,157,-257,-49,187,-282,-67,63,-169,-33,93,-242,-54,122,-288,-73,149,-324,-87,45,-159,-64,53,-224,-81,66,-269,-88,81,-307,-94
389,683,0,54,-26,2,98,-61,-7,138,-79,-23,171,-104,-40,81,-155,20,126,-183,-17,149,-157,-51,161,-127,-70,76,-169,-2,119,-224,-23,156,-258,-47,186,-286,-65,63,-170,-31,94,-241,-51,123,-287,-70,150,-323,-84,45,-161,-62,53,-225,-78,66,-271,-85,81,-309,-90
383,680,0,55,-26,3,99,-61,-4,139,-78,-21,173,-101,-37,84,-154,22,129,-181,-15,153,-156,-50,165,-126,-69,78,-169,-1,121,-225,-22,160,-258,-46,190,-284,-65,65,-171,-31,96,-244,-51,125,-289,-70,151,-326,-84,48,-162,-62,55,-227,-78,68,-272,-85,83,-310,-90
381,676,0,54,-24,0,98,-59,-9,138,-78,-25,173,-101,-41,85,-154,18,130,-180,-19,153,-155,-54,167,-126,-73,79,-168,-3,123,-225,-24,160,-258,-48,191,-285,-65,65,-170,-31,97,-243,-52,126,-289,-71,153,-325,-84,47,-163,-61,54,-228,-78,68,-273,-85,84,-311,-90
372,666,0,55,-24,3,100,-56,-6,141,-73,-24,176,-95,-42,87,-153,21,130,-181,-16,154,-157,-50,169,-126,-69,82,-168,-2,127,-224,-23,165,-257,-45,198,-284,-62,69,-170,-33,102,-244,-53,132,-290,-70,161,-326,-82,50,-163,-64,57,-229,-80,72,-274,-87,88,-312,-91
370,667,0,54,-24,3,100,-57,-6,141,-73,-24,176,-95,-42,85,-156,20,130,-183,-17,154,-159,-50,168,-129,-69,81,-168,-4,126,-226,-26,165,-259,-49,198,-285,-66,68,-170,-35,101,-245,-55,132,-291,-74,161,-327,-87,49,-161,-67,58,-228,-84,72,-275,-91,89,-315,-96
367,668,0,53,-22,5,99,-57,-3,140,-75,-19,175,-96,-35,85,-155,21,127,-182,-13,152,-159,-45,167,-130,-62,81,-169,-4,125,-225,-23,164,-258,-44,196,-285,-60,67,-170,-35,99,-244,-54,130,-290,-71,158,-326,-84,48,-163,-67,55,-230,-84,69,-276,-91,87,-316,-97
366,669,0,53,-23,6,99,-58,-1,139,-75,-18,175,-97,-35,84,-154,23,126,-182,-12,150,-159,-44,164,-128,-62,80,-167,-2,125,-223,-22,163,-257,-43,196,-285,-60,66,-169,-34,99,-243,-54,130,-288,-72,158,-324,-85,48,-161,-67,54,-228,-84,68,-275,-91,85,-314,-97
365,672,0,53,-23,8,97,-59,1,138,-77,-16,174,-98,-33,83,-155,24,126,-183,-11,150,-159,-44,164,-127,-61,79,-166,-2,124,-224,-22,162,-259,-44,194,-286,-61,66,-167,-35,99,-242,-55,130,-288,-74,158,-324,-88,48,-158,-69,55,-225,-86,68,-273,-94,84,-313,-100
364,673,0,53,-23,6,98,-59,-1,139,-77,-19,173,-100,-36,84,-155,24,126,-182,-13,150,-158,-47,164,-127,-65,80,-166,-2,124,-223,-23,162,-257,-45,194,-285,-63,66,-167,-35,100,-241,-55,130,-287,-74,158,-323,-88,48,-158,-69,54,-224,-86,68,-272,-94,84,-312,-100
364,674,0,54,-24,8,99,-59,0,139,-78,-17,172,-102,-33,84,-154,24,127,-181,-12,151,-157,-45,165,-127,-63,80,-167,-2,124,-223,-22,162,-258,-43,194,-285,-60,67,-168,-35,100,-242,-55,129,-288,-72,157,-324,-85,49,-158,-69,55,-225,-86,68,-273,-94,84,-314,-100
364,675,0,54,-24,8,99,-61,2,139,-78,-15,172,-102,-32,84,-155,25,126,-183,-11,150,-159,-44,164,-128,-62,80,-167,-2,124,-224,-22,162,-257,-44,194,-285,-61,66,-168,-35,100,-242,-55,129,-288,-73,157,-324,-86,49,-158,-70,55,-225,-87,68,-272,-95,84,-313,-101
365,675,0,55,-24,10,100,-60,4,139,-78,-13,172,-102,-30,84,-156,27,127,-183,-8,151,-158,-42,164,-127,-59,79,-168,-1,124,-224,-20,162,-258,-42,194,-285,-59,66,-168,-35,99,-242,-54,130,-288,-72,158,-325,-85,48,-159,-70,55,-226,-86,69,-274,-94,85,-314,-100
365,675,0,55,-23,8,99,-59,1,139,-77,-16,173,-100,-33,84,-155,25,127,-182,-10,151,-158,-43,164,-127,-61,80,-166,-1,125,-223,-21,163,-257,-42,195,-284,-59,66,-168,-34,100,-241,-53,130,-287,-71,158,-323,-85,48,-159,-68,55,-225,-84,68,-272,-92,84,-312,-98
366,674,0,56,-23,10,101,-59,3,141,-77,-14,174,-98,-31,86,-155,27,129,-182,-8,152,-157,-41,165,-126,-58,81,-168,0,126,-225,-19,164,-258,-41,196,-286,-57,67,-168,-34,101,-243,-53,131,-289,-70,160,-325,-84,49,-160,-69,56,-227,-85,69,-274,-92,86,-313,-98
367,673,0,55,-22,9,101,-58,2,140,-76,-14,174,-98,-30,86,-155,27,130,-182,-8,153,-158,-40,167,-127,-58,82,-168,0,127,-225,-18,165,-259,-39,197,-286,-55,68,-170,-33,101,-243,-51,132,-288,-68,160,-324,-81,50,-161,-67,57,-228,-83,70,-275,-90,87,-315,-96
370,675,0,54,-23,7,98,-59,0,139,-78,-17,173,-100,-34,83,-155,25,127,-182,-10,150,-158,-43,164,-128,-61,78,-168,-1,124,-224,-20,162,-258,-41,194,-286,-57,65,-169,-34,99,-242,-52,129,-288,-69,158,-324,-82,47,-160,-68,54,-227,-83,68,-273,-90,85,-313,-95
369,675,0,54,-22,5,98,-58,-3,138,-77,-20,174,-98,-38,84,-153,23,128,-180,-13,152,-157,-47,165,-127,-65,80,-167,-2,125,-223,-21,162,-258,-43,194,-286,-60,66,-169,-33,100,-242,-52,131,-288,-70,160,-325,-84,47,-161,-65,54,-226,-82,68,-273,-89,85,-312,-95
368,675,0,54,-22,6,99,-58,-1,139,-77,-18,174,-98,-34,84,-154,24,127,-181,-11,151,-158,-44,164,-128,-61,80,-166,-1,125,-222,-20,162,-257,-42,194,-285,-58,66,-167,-33,101,-240,-52,131,-286,-70,160,-323,-83,47,-159,-67,54,-226,-83,68,-272,-90,85,-311,-95
369,676,0,55,-23,8,99,-59,1,138,-78,-17,173,-99,-34,83,-154,26,126,-180,-9,150,-158,-41,164,-128,-59,78,-166,-1,124,-223,-20,162,-258,-40,194,-285,-57,65,-168,-34,99,-241,-52,129,-287,-69,158,-324,-82,47,-160,-68,53,-226,-83,68,-272,-90,85,-311,-95
370,675,0,54,-23,8,98,-59,0,138,-78,-17,174,-99,-34,82,-154,25,125,-180,-10,149,-158,-42,164,-129,-60,78,-167,-1,123,-223,-20,162,-259,-42,194,-287,-58,65,-169,-34,99,-243,-53,130,-289,-71,159,-326,-85,46,-161,-68,53,-228,-84,67,-274,-91,84,-313,-97
369,675,0,53,-22,6,98,-58,-2,138,-78,-20,174,-99,-37,84,-154,23,127,-183,-13,150,-158,-46,163,-127,-64,79,-167,-3,124,-224,-22,162,-259,-44,193,-287,-61,66,-168,-35,99,-242,-54,130,-288,-72,158,-325,-85,47,-160,-68,53,-226,-84,66,-272,-91,83,-311,-97
368,676,0,54,-23,6,99,-59,-2,139,-78,-20,174,-98,-37,84,-155,23,127,-183,-13,150,-158,-46,163,-128,-64,79,-167,-2,124,-224,-22,162,-258,-44,194,-286,-60,66,-168,-35,99,-242,-54,129,-288,-71,158,-324,-84,47,-159,-68,53,-226,-84,68,-272,-91,85,-311,-96
367,677,0,54,-22,7,98,-58,0,139,-77,-18,173,-99,-35,84,-153,27,126,-181,-8,150,-158,-41,163,-128,-58,79,-166,0,123,-221,-18,161,-255,-39,193,-283,-56,66,-167,-33,99,-239,-51,129,-285,-68,157,-321,-81,48,-159,-67,53,-224,-82,68,-270,-89,84,-308,-95
370,678,0,54,-22,6,99,-59,-2,139,-78,-19,173,-100,-36,84,-155,24,127,-183,-11,150,-158,-43,163,-128,-61,79,-168,-2,124,-225,-20,161,-260,-42,193,-289,-58,65,-169,-34,99,-243,-52,129,-288,-69,158,-325,-82,47,-161,-68,53,-227,-83,68,-273,-90,85,-312,-95
368,681,0,54,-22,5,98,-59,-3,138,-78,-20,174,-99,-37,83,-153,23,127,-181,-13,151,-159,-46,165,-129,-65,79,-166,-2,125,-224,-22,162,-259,-44,194,-286,-61,66,-168,-34,100,-242,-53,131,-288,-71,158,-324,-84,48,-161,-67,54,-226,-83,69,-272,-89,86,-311,-95
369,680,0,54,-22,6,100,-59,-1,140,-78,-17,174,-98,-33,85,-155,24,129,-183,-12,153,-158,-45,167,-127,-62,80,-168,-1,126,-225,-21,163,-260,-43,195,-289,-59,67,-170,-33,100,-243,-53,131,-289,-70,159,-325,-83,48,-162,-66,56,-228,-83,69,-275,-90,87,-313,-95
371,679,0,54,-22,5,100,-58,-2,139,-78,-18,173,-99,-34,84,-154,24,128,-181,-12,152,-157,-44,165,-127,-62,80,-168,-1,125,-224,-20,163,-258,-41,195,-286,-58,65,-169,-33,100,-242,-52,130,-288,-69,159,-324,-82,47,-162,-66,54,-227,-82,69,-273,-89,86,-311,-95
372,679,0,54,-22,5,99,-58,-3,139,-77,-20,174,-98,-37,84,-154,23,128,-181,-12,151,-158,-46,165,-128,-64,80,-167,-1,124,-224,-21,163,-257,-42,195,-286,-58,65,-169,-33,100,-242,-51,130,-287,-68,158,-324,-81,46,-162,-65,54,-228,-81,69,-273,-87,86,-312,-92
371,681,0,53,-22,5,99,-59,-3,139,-78,-20,174,-98,-37,84,-154,24,127,-181,-12,151,-156,-46,165,-126,-64,79,-166,-1,124,-222,-21,162,-257,-43,194,-285,-59,66,-168,-33,99,-240,-52,130,-286,-69,158,-323,-82,47,-161,-66,54,-227,-81,69,-272,-88,86,-310,-93
370,681,0,54,-23,6,99,-59,-2,139,-78,-19,174,-99,-35,85,-153,25,128,-179,-11,152,-156,-45,165,-125,-63,80,-166,0,124,-221,-20,163,-256,-42,194,-284,-59,66,-168,-33,100,-240,-52,131,-286,-70,159,-323,-83,47,-160,-67,55,-226,-82,69,-271,-89,86,-309,-95
370,680,0,54,-21,6,100,-58,-1,140,-77,-17,174,-98,-33,86,-153,25,129,-179,-11,151,-155,-44,165,-125,-62,80,-167,0,125,-222,-20,164,-256,-41,196,-284,-57,66,-169,-32,101,-241,-51,132,-287,-69,161,-323,-82,48,-162,-65,55,-227,-81,70,-272,-88,88,-310,-94
370,681,0,54,-21,5,100,-58,-2,141,-77,-18,175,-97,-34,86,-153,24,129,-181,-12,152,-155,-45,165,-124,-63,81,-168,-1,126,-223,-20,165,-257,-42,197,-286,-59,67,-169,-32,101,-242,-52,133,-288,-70,162,-325,-83,48,-162,-65,56,-227,-81,70,-273,-88,88,-311,-94
368,684,0,54,-22,6,101,-59,-1,141,-78,-17,174,-98,-33,86,-153,25,129,-180,-11,152,-155,-45,164,-122,-63,81,-166,0,126,-221,-20,164,-256,-43,196,-284,-59,67,-168,-32,102,-240,-52,132,-285,-70,161,-321,-83,48,-160,-66,56,-225,-82,70,-270,-89,88,-308,-94
368,684,0,55,-23,8,101,-59,2,141,-78,-14,174,-98,-29,86,-154,27,130,-179,-9,153,-154,-42,166,-123,-61,81,-168,1,127,-222,-19,165,-257,-41,197,-284,-58,67,-170,-32,103,-241,-52,134,-286,-70,163,-323,-83,49,-162,-66,57,-226,-83,71,-272,-90,89,-310,-97
368,684,0,54,-21,8,101,-59,2,140,-78,-14,175,-97,-29,87,-152,26,131,-178,-9,153,-153,-43,166,-121,-61,82,-167,0,127,-222,-20,166,-256,-41,198,-285,-58,68,-169,-33,103,-241,-52,135,-286,-70,163,-322,-84,50,-161,-67,57,-226,-83,72,-271,-91,89,-310,-97
369,684,0,54,-22,7,101,-59,1,141,-78,-14,175,-97,-30,88,-154,26,132,-178,-9,154,-152,-43,168,-121,-61,82,-168,0,128,-223,-20,167,-257,-41,200,-285,-57,68,-170,-33,103,-242,-52,135,-287,-70,163,-323,-83,49,-163,-67,58,-228,-83,73,-274,-91,90,-312,-97
368,685,0,55,-21,6,101,-58,-1,141,-78,-17,174,-98,-33,87,-152,26,130,-176,-10,153,-151,-44,167,-120,-63,82,-166,1,127,-220,-20,166,-255,-42,198,-284,-58,68,-169,-32,102,-240,-52,134,-285,-69,163,-321,-82,49,-161,-65,57,-226,-82,72,-271,-88,90,-309,-94
368,684,0,54,-21,7,102,-59,0,141,-78,-15,175,-97,-30,88,-153,25,133,-175,-10,156,-150,-44,169,-120,-62,83,-168,0,129,-222,-20,168,-256,-42,201,-285,-58,69,-170,-32,105,-242,-52,136,-287,-70,166,-323,-83,50,-162,-66,58,-228,-83,73,-273,-90,91,-311,-96
367,685,0,55,-21,7,101,-58,1,141,-77,-14,175,-97,-30,87,-152,27,131,-175,-9,154,-151,-43,167,-120,-61,83,-165,1,129,-220,-20,167,-254,-42,200,-283,-59,68,-168,-33,105,-240,-53,137,-284,-71,166,-319,-84,50,-161,-67,59,-226,-84,74,-271,-91,92,-310,-97
367,684,0,55,-21,6,102,-58,-1,141,-77,-17,175,-96,-32,89,-151,25,134,-174,-12,156,-149,-47,169,-119,-66,83,-166,0,130,-220,-21,168,-254,-44,201,-283,-60,68,-168,-32,105,-239,-53,136,-284,-71,165,-320,-84,50,-161,-65,59,-225,-82,74,-270,-90,93,-308,-96
367,680,0,56,-21,5,103,-57,-1,143,-75,-17,176,-94,-33,90,-151,25,136,-173,-13,160,-149,-49,173,-118,-68,85,-167,0,132,-221,-21,171,-255,-45,205,-284,-62,71,-170,-31,108,-241,-53,140,-286,-71,169,-322,-84,51,-164,-64,61,-229,-81,78,-274,-89,96,-311,-94
367,675,0,57,-20,7,104,-55,0,144,-72,-16,178,-91,-32,92,-150,26,139,-173,-12,161,-148,-47,174,-115,-65,87,-166,0,135,-220,-20,175,-254,-43,209,-282,-59,72,-169,-32,110,-241,-52,142,-286,-70,172,-322,-83,52,-164,-66,63,-230,-82,80,-275,-88,100,-311,-93
365,671,0,57,-17,2,105,-51,-5,146,-66,-22,181,-85,-38,94,-148,21,142,-172,-18,164,-144,-54,176,-110,-73,90,-164,-2,139,-218,-24,179,-250,-48,214,-278,-66,75,-168,-32,113,-239,-53,146,-283,-72,177,-318,-86,54,-163,-63,67,-229,-79,85,-273,-85,106,-308,-90
332,614,0,63,2,2,122,-11,-7,164,-9,-25,199,-14,-42,137,-115,17,191,-123,-23,206,-85,-59,207,-45,-77,133,-134,-6,195,-167,-29,242,-183,-52,280,-196,-69,116,-141,-37,172,-197,-58,213,-227,-76,251,-251,-89,91,-141,-68,117,-204,-85,144,-243,-93,173,-274,-98
333,613,0,62,3,2,122,-9,-8,165,-6,-26,199,-12,-44,138,-115,16,193,-122,-23,207,-83,-59,207,-43,-78,135,-134,-7,197,-165,-29,245,-180,-52,284,-194,-69,117,-142,-36,174,-197,-57,217,-226,-76,255,-248,-89,91,-142,-67,118,-205,-84,147,-244,-91,176,-275,-96
332,612,0,62,4,0,121,-7,-10,165,-5,-28,199,-10,-46,139,-114,15,193,-121,-25,207,-81,-62,207,-40,-81,134,-132,-7,196,-164,-30,244,-178,-54,284,-191,-72,118,-141,-37,174,-194,-58,218,-223,-77,255,-245,-91,92,-140,-67,119,-202,-84,148,-241,-91,177,-272,-97
330,609,0,62,6,0,120,-3,-11,163,2,-31,199,-2,-50,137,-105,14,190,-110,-28,203,-70,-66,202,-30,-85,133,-122,-9,195,-149,-33,241,-160,-56,280,-170,-74,116,-131,-39,173,-180,-62,217,-205,-80,256,-222,-92,91,-130,-71,119,-191,-88,148,-226,-94,178,-252,-100
329,608,0,62,7,0,120,-2,-10,163,2,-29,200,0,-47,137,-103,14,190,-109,-27,202,-69,-64,202,-29,-83,133,-121,-9,195,-147,-32,241,-158,-55,280,-168,-73,116,-130,-39,173,-178,-61,216,-202,-79,255,-220,-92,91,-130,-71,119,-189,-88,149,-224,-94,178,-250,-99
329,607,0,61,7,0,119,-1,-11,163,3,-30,199,1,-48,137,-103,13,191,-109,-28,202,-68,-65,201,-27,-84,133,-121,-10,195,-147,-32,242,-157,-56,280,-167,-73,117,-131,-39,173,-177,-61,217,-201,-78,256,-220,-91,92,-131,-71,120,-189,-87,149,-224,-93,179,-250,-98
328,606,0,61,7,0,119,-1,-11,163,3,-30,199,0,-48,139,-102,12,192,-108,-30,203,-67,-67,202,-26,-86,134,-121,-11,197,-147,-34,243,-156,-58,282,-165,-76,117,-130,-40,174,-177,-63,219,-201,-82,258,-218,-95,92,-130,-72,119,-188,-89,148,-224,-96,179,-250,-102
327,606,0,60,7,0,119,-2,-11,163,3,-29,199,0,-47,138,-104,13,191,-110,-28,203,-69,-66,202,-27,-85,134,-122,-10,196,-147,-33,243,-157,-57,282,-167,-75,117,-131,-40,173,-177,-62,217,-200,-80,256,-219,-93,92,-130,-71,119,-189,-88,148,-225,-95,178,-251,-101
328,605,0,61,6,0,120,-2,-11,163,3,-30,200,0,-48,138,-105,13,191,-110,-29,203,-68,-66,202,-26,-86,134,-123,-10,195,-148,-34,243,-158,-59,282,-168,-77,117,-132,-40,173,-179,-63,217,-203,-82,257,-221,-96,91,-131,-71,118,-191,-89,147,-227,-96,177,-255,-101
326,604,0,61,6,0,120,-3,-10,162,2,-28,199,-2,-46,138,-104,12,192,-110,-29,205,-68,-66,204,-28,-86,134,-122,-10,196,-148,-34,244,-159,-60,282,-170,-79,117,-131,-40,173,-178,-63,218,-203,-83,256,-223,-97,91,-130,-71,118,-190,-89,148,-226,-96,178,-254,-102
326,603,0,61,6,1,121,-3,-9,164,2,-26,199,-2,-43,139,-106,13,192,-111,-28,205,-69,-65,205,-28,-84,134,-124,-10,197,-150,-34,244,-162,-59,282,-174,-77,117,-132,-40,174,-180,-63,218,-205,-83,257,-225,-96,91,-131,-71,119,-191,-89,149,-228,-97,179,-256,-103
326,602,0,61,6,2,120,-3,-8,163,2,-25,199,-1,-42,137,-106,14,191,-110,-26,204,-70,-63,204,-30,-82,133,-123,-10,195,-148,-33,242,-159,-57,281,-169,-75,116,-131,-40,173,-178,-62,217,-203,-81,256,-222,-95,91,-131,-71,118,-190,-89,148,-225,-97,177,-253,-103
326,601,0,61,6,0,119,-4,-10,163,1,-28,199,-4,-44,137,-105,12,190,-111,-28,203,-70,-65,204,-30,-84,133,-123,-10,194,-150,-34,242,-160,-59,279,-171,-77,115,-132,-39,172,-180,-63,216,-205,-83,254,-225,-97,89,-130,-70,117,-190,-89,147,-227,-96,177,-255,-103
327,599,0,60,6,0,119,-4,-10,163,1,-27,199,-3,-44,136,-106,12,189,-111,-27,202,-71,-63,202,-31,-82,132,-124,-10,193,-150,-33,240,-160,-58,279,-171,-76,115,-132,-39,171,-181,-62,215,-206,-82,254,-226,-95,89,-131,-69,116,-192,-87,146,-228,-95,176,-255,-101
327,598,0,61,5,0,120,-4,-10,163,0,-28,199,-4,-46,138,-107,13,191,-112,-27,204,-72,-63,204,-33,-82,134,-125,-10,195,-153,-33,243,-163,-57,281,-173,-74,115,-134,-39,172,-184,-62,216,-209,-81,256,-228,-94,89,-133,-69,117,-194,-88,147,-230,-95,177,-258,-101
325,597,0,62,4,1,119,-4,-10,162,1,-28,199,-3,-46,135,-106,15,187,-111,-24,199,-72,-60,199,-34,-79,131,-124,-8,192,-149,-30,239,-160,-54,278,-171,-71,114,-133,-38,170,-181,-60,214,-205,-79,252,-224,-91,89,-133,-69,116,-192,-87,145,-227,-94,175,-254,-99
326,596,0,62,5,0,119,-3,-12,162,3,-31,199,-2,-49,135,-105,13,185,-111,-27,197,-72,-63,195,-33,-82,130,-123,-10,192,-149,-33,239,-160,-57,276,-171,-75,113,-132,-40,170,-180,-63,213,-204,-82,251,-223,-95,88,-131,-71,115,-191,-90,144,-226,-97,174,-253,-102
325,596,0,63,4,0,119,-3,-11,162,2,-31,199,-3,-50,135,-105,15,185,-111,-26,196,-71,-62,196,-33,-82,130,-123,-9,191,-149,-33,238,-159,-57,276,-170,-75,113,-132,-40,169,-179,-63,212,-203,-82,250,-222,-95,88,-131,-72,114,-190,-90,143,-225,-98,173,-252,-103
324,597,0,63,5,0,119,-3,-12,162,2,-31,199,-3,-50,136,-105,14,185,-110,-27,196,-71,-63,195,-32,-82,131,-122,-10,191,-149,-33,238,-159,-57,276,-170,-76,114,-132,-40,169,-179,-63,212,-203,-83,250,-222,-96,88,-131,-71,114,-190,-90,143,-225,-97,173,-252,-103
325,597,0,62,5,-1,119,-3,-13,162,3,-32,199,-1,-51,135,-105,13,185,-110,-27,197,-70,-63,195,-31,-83,130,-123,-10,191,-148,-33,237,-159,-58,275,-169,-76,113,-132,-40,169,-179,-63,212,-202,-82,250,-220,-96,87,-130,-71,114,-189,-90,142,-224,-97,172,-252,-103
325,598,0,62,5,-2,119,-3,-13,162,3,-33,199,-1,-52,136,-104,12,186,-110,-29,197,-70,-65,195,-32,-85,131,-122,-10,191,-149,-33,237,-159,-58,275,-169,-76,113,-132,-39,169,-179,-62,212,-203,-81,250,-221,-95,87,-131,-70,114,-189,-88,141,-224,-95,171,-251,-101
325,598,0,62,5,-1,119,-3,-13,161,2,-32,199,-2,-51,136,-103,12,185,-109,-28,196,-69,-65,195,-31,-85,131,-121,-10,190,-148,-34,237,-158,-59,275,-169,-77,113,-130,-40,168,-178,-64,212,-202,-83,250,-220,-96,87,-130,-71,113,-188,-90,141,-223,-97,170,-250,-103
324,598,0,62,5,-2,118,-2,-14,161,4,-34,199,-1,-53,134,-104,13,183,-110,-28,194,-70,-65,192,-31,-85,130,-121,-10,190,-147,-33,236,-157,-58,274,-169,-76,113,-131,-39,168,-177,-63,211,-200,-82,249,-219,-95,87,-130,-70,113,-188,-89,142,-222,-96,171,-249,-101
324,599,0,61,6,-3,118,-2,-14,162,3,-34,199,-3,-52,135,-104,13,185,-110,-29,197,-69,-66,196,-30,-86,130,-122,-9,190,-148,-33,236,-160,-58,275,-171,-76,113,-131,-38,168,-178,-62,212,-202,-81,250,-221,-95,87,-130,-69,114,-188,-87,141,-224,-95,171,-252,-100
324,600,0,61,4,-2,118,-3,-13,161,2,-33,199,-3,-51,134,-105,13,183,-110,-27,195,-70,-63,195,-32,-83,129,-122,-10,190,-149,-33,236,-160,-57,275,-171,-75,112,-132,-39,168,-178,-62,212,-203,-81,250,-221,-94,87,-130,-70,113,-190,-88,141,-225,-95,171,-251,-100
323,598,0,62,6,-2,118,-2,-13,161,3,-33,199,-3,-51,135,-104,13,185,-109,-28,196,-69,-64,195,-30,-84,130,-121,-9,190,-147,-33,236,-159,-57,274,-171,-76,113,-131,-39,168,-177,-62,211,-201,-81,249,-220,-94,87,-129,-70,113,-187,-88,141,-222,-95,170,-249,-100
320,600,0,61,6,-1,118,-3,-13,161,2,-32,199,-5,-50,134,-105,13,184,-110,-28,197,-71,-64,197,-33,-83,129,-122,-10,189,-148,-33,236,-160,-57,275,-172,-74,112,-130,-40,168,-177,-63,211,-201,-80,249,-219,-93,88,-129,-71,113,-187,-90,142,-222,-97,171,-249,-102
320,600,0,61,6,-2,118,-2,-14,161,2,-33,199,-5,-51,133,-104,12,184,-111,-29,196,-72,-65,196,-33,-85,129,-122,-10,188,-148,-33,235,-158,-58,273,-169,-76,111,-131,-39,167,-177,-62,210,-200,-81,248,-219,-94,86,-129,-70,112,-187,-89,140,-222,-96,169,-250,-101
319,602,0,61,5,-3,117,-3,-14,161,2,-33,199,-6,-51,133,-104,12,182,-111,-29,193,-72,-65,193,-35,-84,128,-121,-10,187,-148,-34,233,-159,-58,271,-171,-77,111,-130,-39,165,-177,-63,209,-200,-81,246,-219,-94,86,-130,-70,111,-186,-89,139,-221,-96,168,-248,-101
318,605,0,60,4,-2,117,-5,-14,161,0,-33,199,-9,-51,131,-106,12,182,-114,-28,194,-76,-63,195,-40,-82,127,-124,-10,187,-150,-33,233,-160,-56,271,-171,-73,110,-133,-39,165,-180,-61,208,-204,-78,246,-222,-91,85,-132,-70,110,-190,-88,138,-224,-95,168,-250,-100
315,608,0,61,4,-3,117,-5,-16,160,-2,-36,199,-10,-55,131,-105,10,181,-114,-31,190,-75,-68,190,-39,-87,126,-123,-12,185,-150,-36,231,-161,-60,269,-173,-78,108,-131,-41,163,-179,-64,206,-203,-83,244,-222,-96,83,-130,-71,108,-187,-90,136,-222,-97,165,-249,-103
315,609,0,61,3,-2,118,-6,-13,161,-3,-33,199,-12,-51,132,-109,13,184,-120,-27,195,-82,-63,194,-45,-82,127,-127,-9,187,-155,-32,234,-166,-56,272,-176,-74,110,-135,-38,164,-185,-61,207,-210,-79,245,-228,-91,85,-134,-69,110,-192,-87,138,-228,-94,167,-254,-99
315,610,0,62,2,-3,117,-7,-14,161,-5,-34,199,-14,-52,130,-109,11,180,-118,-29,191,-80,-64,189,-44,-83,125,-127,-11,184,-154,-34,231,-166,-58,270,-178,-76,108,-135,-39,162,-183,-62,205,-208,-81,243,-227,-95,83,-133,-69,108,-191,-88,136,-225,-95,164,-252,-101
314,613,0,61,2,-1,118,-10,-12,161,-7,-31,199,-16,-49,130,-112,13,179,-120,-27,189,-82,-63,188,-47,-82,125,-128,-10,184,-157,-33,229,-169,-57,268,-180,-76,107,-136,-39,161,-185,-62,204,-209,-82,242,-228,-95,82,-133,-70,107,-191,-89,135,-226,-97,163,-253,-103
314,616,0,60,2,-2,116,-12,-13,160,-10,-32,199,-19,-50,128,-113,12,179,-123,-28,192,-87,-64,192,-50,-83,123,-131,-10,183,-161,-33,229,-173,-57,266,-184,-75,105,-138,-38,160,-188,-61,203,-214,-80,240,-233,-93,82,-135,-68,107,-193,-86,135,-229,-94,164,-257,-99
313,617,0,61,1,-1,117,-12,-12,160,-11,-31,199,-19,-50,128,-114,11,178,-123,-29,190,-86,-65,190,-50,-84,122,-131,-11,183,-161,-35,228,-173,-59,267,-184,-77,105,-138,-41,160,-188,-63,203,-213,-83,241,-233,-97,81,-134,-71,107,-193,-89,135,-228,-97,163,-256,-103
314,619,0,60,0,0,116,-14,-12,159,-14,-31,198,-23,-49,126,-117,14,175,-127,-25,188,-90,-61,188,-55,-80,121,-134,-9,180,-165,-32,226,-176,-55,263,-186,-73,103,-140,-39,157,-191,-61,200,-216,-80,237,-235,-94,80,-135,-70,107,-193,-88,134,-228,-96,162,-255,-102
314,624,0,60,-1,1,116,-18,-10,159,-20,-28,198,-27,-46,125,-120,15,173,-133,-23,185,-98,-57,187,-63,-76,119,-137,-9,178,-169,-31,224,-181,-55,261,-192,-74,102,-143,-39,156,-195,-62,198,-221,-81,235,-240,-96,79,-138,-71,106,-196,-89,133,-231,-98,161,-258,-105
431,738,0,40,-47,-3,66,-94,-14,92,-128,-34,114,-164,-53,29,-156,18,60,-200,-24,85,-190,-62,103,-171,-82,19,-163,-4,43,-226,-32,70,-262,-59,94,-288,-78,6,-158,-35,22,-226,-60,42,-270,-81,62,-303,-95,-6,-144,-67,-10,-202,-86,-1,-241,-94,14,-272,-100
431,740,0,39,-47,-3,65,-94,-15,91,-128,-35,114,-165,-55,28,-155,19,59,-199,-24,84,-189,-61,101,-171,-81,19,-162,-4,42,-225,-31,69,-261,-58,93,-287,-77,6,-157,-35,22,-225,-60,41,-269,-81,61,-302,-94,-6,-143,-68,-10,-201,-86,-1,-241,-94,15,-272,-100
434,737,0,39,-46,-4,65,-94,-16,91,-129,-36,115,-164,-55,29,-155,19,58,-201,-24,83,-189,-63,102,-170,-83,19,-162,-3,42,-225,-30,68,-261,-56,92,-288,-75,7,-157,-33,21,-224,-58,40,-267,-78,59,-301,-91,-6,-144,-66,-10,-201,-83,-1,-241,-90,14,-271,-95
437,736,0,39,-45,-8,66,-94,-19,92,-128,-38,114,-164,-55,30,-154,15,59,-201,-27,85,-189,-64,103,-170,-83,20,-162,-4,43,-225,-30,69,-261,-56,92,-288,-74,8,-158,-32,23,-224,-57,42,-267,-76,61,-300,-89,-5,-144,-62,-8,-202,-79,1,-242,-86,16,-271,-91
520,670,0,38,-29,-26,69,-78,-39,93,-125,-53,109,-168,-67,47,-137,-2,69,-177,-34,87,-186,-61,102,-183,-75,27,-155,-7,49,-217,-25,68,-257,-42,85,-294,-52,4,-159,-19,17,-226,-40,31,-267,-53,46,-301,-60,-23,-152,-35,-25,-204,-52,-20,-241,-55,-12,-273,-56
518,670,0,39,-29,-25,69,-77,-38,93,-125,-52,108,-168,-66,47,-137,-1,69,-178,-34,88,-187,-61,103,-184,-76,27,-155,-7,49,-218,-26,68,-258,-42,85,-293,-53,4,-159,-19,17,-225,-40,31,-267,-53,46,-301,-60,-22,-151,-35,-25,-204,-52,-20,-241,-55,-12,-273,-56
516,672,0,39,-29,-25,69,-79,-38,93,-126,-52,107,-169,-65,47,-136,-1,69,-178,-33,88,-187,-60,103,-185,-74,27,-154,-6,48,-217,-25,67,-256,-41,85,-291,-52,4,-159,-19,16,-225,-39,30,-266,-52,46,-300,-59,-23,-151,-34,-24,-203,-51,-20,-239,-54,-12,-271,-55
516,674,0,38,-30,-25,69,-79,-37,91,-127,-51,106,-170,-64,45,-137,0,68,-179,-32,86,-187,-59,101,-186,-73,26,-155,-5,47,-217,-23,66,-256,-40,83,-291,-51,3,-159,-18,15,-224,-38,29,-266,-51,45,-298,-58,-24,-151,-34,-26,-204,-49,-21,-240,-53,-13,-271,-54
514,676,0,38,-30,-25,68,-80,-38,91,-128,-52,106,-170,-66,46,-137,-1,68,-180,-34,86,-187,-63,101,-183,-77,26,-154,-6,47,-216,-25,65,-255,-42,83,-291,-53,3,-159,-18,15,-224,-39,30,-265,-52,45,-297,-60,-23,-150,-34,-25,-202,-51,-20,-238,-54,-11,-269,-56
513,677,0,38,-31,-25,69,-80,-38,91,-127,-52,105,-170,-66,45,-137,-1,67,-180,-35,85,-188,-63,100,-184,-78,25,-155,-6,46,-217,-26,65,-257,-43,82,-293,-55,2,-159,-19,15,-225,-40,28,-266,-53,45,-299,-61,-24,-151,-35,-25,-203,-52,-21,-239,-55,-12,-271,-57
512,678,0,38,-31,-26,68,-80,-39,90,-128,-54,105,-171,-68,45,-138,-1,67,-182,-36,85,-189,-65,101,-185,-79,24,-156,-6,46,-217,-26,64,-257,-44,82,-293,-56,2,-159,-19,14,-225,-41,28,-266,-54,44,-300,-61,-25,-151,-36,-27,-204,-52,-22,-240,-55,-13,-272,-57
511,678,0,38,-31,-26,68,-80,-40,91,-127,-55,105,-171,-69,44,-138,-2,66,-182,-38,84,-188,-68,99,-183,-83,24,-156,-8,45,-219,-28,63,-258,-46,81,-294,-58,1,-159,-21,13,-226,-43,27,-267,-56,43,-300,-64,-26,-150,-37,-28,-203,-54,-23,-239,-57,-14,-271,-59
509,680,0,37,-31,-27,65,-81,-41,89,-129,-56,103,-172,-70,37,-140,-2,58,-182,-39,77,-188,-70,93,-181,-86,18,-156,-7,40,-219,-28,59,-257,-47,78,-293,-59,-3,-159,-20,9,-226,-43,24,-267,-56,40,-300,-64,-28,-149,-37,-30,-203,-52,-25,-240,-55,-17,-271,-56
507,683,0,36,-32,-25,64,-82,-39,88,-129,-54,105,-171,-68,34,-139,-5,57,-183,-43,77,-187,-74,94,-181,-90,16,-156,-11,37,-219,-34,58,-259,-53,77,-295,-66,-4,-158,-25,7,-226,-49,23,-268,-64,40,-303,-72,-27,-148,-43,-30,-204,-60,-25,-241,-63,-16,-274,-65
476,693,0,35,-41,-15,61,-91,-29,87,-129,-48,107,-169,-66,23,-153,5,50,-197,-38,75,-190,-73,92,-175,-90,11,-164,-10,32,-228,-36,57,-266,-59,78,-297,-74,-3,-160,-32,8,-231,-58,25,-275,-77,42,-311,-87,-18,-146,-58,-25,-204,-76,-19,-245,-82,-7,-279,-85
473,694,0,35,-42,-15,61,-92,-29,87,-130,-47,107,-169,-65,23,-152,4,51,-196,-37,76,-190,-72,93,-175,-90,12,-163,-10,33,-226,-36,57,-265,-59,79,-296,-74,-3,-159,-32,9,-230,-58,26,-275,-77,44,-310,-88,-17,-146,-58,-25,-203,-76,-20,-243,-82,-8,-277,-86
471,697,0,35,-43,-14,61,-92,-29,87,-129,-48,107,-169,-66,22,-153,6,51,-196,-36,76,-191,-72,94,-176,-90,11,-164,-9,32,-226,-36,57,-266,-60,78,-297,-76,-3,-160,-32,9,-230,-59,26,-275,-78,44,-311,-89,-16,-146,-58,-23,-205,-77,-19,-246,-83,-8,-279,-88
471,695,0,35,-44,-14,61,-92,-29,87,-129,-49,106,-169,-67,22,-153,5,50,-196,-38,76,-190,-74,94,-174,-92,11,-164,-10,31,-227,-36,56,-266,-60,77,-296,-75,-3,-160,-33,8,-230,-59,25,-275,-77,43,-311,-87,-17,-146,-58,-24,-204,-76,-20,-245,-82,-9,-278,-86
467,698,0,35,-44,-12,62,-93,-25,87,-129,-44,108,-169,-62,22,-153,10,51,-196,-32,76,-190,-68,94,-174,-85,12,-163,-7,33,-227,-33,58,-266,-56,79,-296,-71,-1,-160,-31,9,-231,-57,26,-276,-76,44,-311,-86,-14,-146,-59,-22,-204,-77,-17,-246,-83,-7,-280,-87
463,700,0,35,-44,-11,62,-94,-24,88,-129,-42,108,-169,-60,22,-152,11,51,-196,-31,76,-190,-68,95,-175,-86,13,-162,-6,32,-226,-33,57,-265,-56,79,-294,-72,1,-158,-31,11,-228,-56,28,-273,-75,47,-308,-85,-12,-145,-58,-17,-203,-76,-13,-244,-82,-4,-278,-86
461,699,0,36,-45,-7,62,-94,-19,88,-129,-38,108,-169,-56,22,-153,14,51,-196,-28,77,-190,-64,96,-174,-82,13,-162,-5,31,-226,-32,56,-265,-57,79,-293,-73,1,-157,-32,11,-228,-57,28,-273,-76,46,-309,-87,-10,-143,-61,-16,-200,-79,-13,-242,-85,-4,-276,-89
459,698,0,36,-46,-5,63,-94,-16,89,-129,-35,108,-168,-52,21,-155,17,51,-198,-24,77,-191,-61,96,-175,-80,12,-164,-3,31,-229,-30,57,-267,-55,80,-295,-72,2,-158,-32,11,-230,-57,28,-276,-76,47,-311,-87,-9,-144,-62,-14,-202,-79,-12,-244,-86,-4,-279,-90
454,697,0,37,-47,0,63,-95,-11,90,-130,-29,109,-168,-46,21,-156,21,51,-199,-20,78,-192,-56,97,-174,-74,13,-164,-2,33,-230,-27,59,-269,-51,83,-296,-68,3,-159,-32,13,-232,-55,30,-277,-73,48,-313,-84,-6,-146,-64,-11,-204,-80,-9,-246,-85,-2,-281,-89
452,697,0,37,-47,2,64,-96,-7,90,-130,-26,109,-168,-42,20,-156,24,52,-200,-16,78,-191,-51,98,-173,-69,12,-164,0,33,-230,-25,59,-268,-48,83,-294,-65,3,-160,-31,14,-232,-53,31,-276,-69,49,-311,-80,-5,-147,-65,-10,-204,-78,-7,-247,-83,0,-281,-86
448,701,0,37,-48,5,63,-96,-4,90,-130,-23,109,-168,-39,20,-156,25,51,-200,-15,78,-192,-51,97,-173,-69,12,-163,-1,32,-228,-25,59,-267,-49,82,-293,-66,4,-158,-34,15,-230,-55,32,-275,-71,49,-310,-82,-4,-145,-68,-8,-203,-82,-5,-246,-86,1,-281,-90
448,700,0,37,-47,4,64,-95,-4,90,-129,-22,109,-168,-38,20,-156,25,51,-200,-14,78,-191,-50,97,-173,-68,12,-163,0,32,-230,-24,59,-268,-47,82,-294,-63,3,-157,-32,14,-231,-52,32,-276,-68,49,-310,-78,-4,-145,-65,-8,-204,-78,-5,-246,-82,2,-281,-85
447,705,0,37,-48,5,63,-96,-3,90,-131,-21,109,-168,-37,19,-155,25,50,-201,-16,78,-192,-51,97,-173,-70,12,-162,-1,32,-229,-26,58,-268,-50,82,-294,-67,3,-157,-33,15,-230,-55,32,-276,-71,49,-310,-82,-4,-145,-68,-7,-204,-82,-5,-246,-86,2,-281,-90
446,705,0,37,-48,8,63,-96,1,90,-130,-17,109,-168,-33,19,-157,27,50,-202,-13,78,-192,-48,97,-173,-66,12,-164,0,32,-230,-25,59,-269,-48,83,-294,-65,4,-158,-34,16,-232,-55,33,-276,-71,50,-310,-81,-3,-146,-70,-6,-205,-83,-4,-247,-87,2,-282,-90
438,715,0,39,-49,14,63,-98,9,90,-132,-6,110,-167,-19,20,-157,27,53,-203,-12,82,-194,-46,102,-174,-64,14,-163,-1,36,-233,-24,64,-272,-45,89,-298,-59,7,-157,-36,20,-232,-55,37,-277,-67,54,-311,-76,3,-145,-71,0,-205,-84,1,-248,-88,6,-283,-90
438,720,0,38,-49,17,63,-100,13,89,-133,-2,110,-167,-15,18,-157,28,52,-204,-10,81,-195,-44,102,-176,-61,12,-162,-3,35,-232,-26,63,-272,-47,86,-299,-62,6,-156,-39,21,-232,-58,38,-278,-71,54,-312,-80,3,-144,-76,1,-205,-89,3,-249,-93,7,-284,-96
434,724,0,38,-49,20,62,-101,18,89,-134,3,109,-168,-11,18,-156,31,52,-203,-8,81,-195,-43,102,-175,-61,11,-160,-2,35,-231,-25,64,-271,-47,88,-297,-62,6,-154,-40,21,-231,-58,39,-276,-71,54,-310,-80,4,-143,-78,4,-204,-90,6,-247,-93,10,-282,-96
431,725,0,38,-49,19,63,-101,15,89,-134,0,111,-167,-14,17,-155,28,52,-204,-11,82,-195,-45,103,-175,-62,11,-159,-4,36,-232,-28,65,-271,-49,90,-295,-63,6,-152,-42,22,-230,-60,40,-276,-73,56,-309,-82,6,-142,-80,5,-202,-92,7,-246,-96,11,-281,-99
430,726,0,39,-49,23,63,-101,19,89,-134,4,111,-166,-11,17,-156,29,53,-205,-9,83,-196,-42,103,-176,-59,10,-160,-5,36,-232,-28,66,-271,-49,90,-295,-63,5,-152,-44,22,-231,-62,41,-277,-75,58,-310,-84,6,-141,-84,7,-202,-96,9,-246,-100,12,-281,-103
422,730,0,41,-52,32,65,-102,30,91,-133,14,113,-165,-1,16,-155,31,54,-205,-6,83,-195,-37,104,-175,-53,10,-156,-9,38,-230,-35,68,-270,-56,93,-293,-71,6,-147,-54,25,-227,-74,44,-274,-87,61,-309,-98,9,-134,-97,12,-196,-113,15,-242,-119,19,-279,-124
420,728,0,41,-51,28,65,-102,27,91,-134,13,113,-165,-1,16,-155,35,54,-204,-2,84,-195,-35,104,-177,-52,10,-158,-3,39,-231,-26,68,-270,-48,93,-294,-63,7,-150,-45,26,-229,-62,45,-275,-76,61,-310,-86,9,-140,-86,12,-202,-99,14,-246,-103,18,-281,-107
417,726,0,40,-52,29,64,-102,27,91,-133,12,113,-165,-2,15,-155,35,54,-203,-2,84,-194,-34,104,-175,-51,9,-158,-3,38,-231,-26,68,-270,-48,92,-294,-62,6,-150,-45,26,-229,-62,45,-275,-75,61,-309,-85,8,-141,-86,12,-202,-98,16,-246,-102,20,-281,-105
415,727,0,40,-51,32,64,-102,31,90,-134,16,114,-164,1,16,-156,34,54,-204,-3,84,-196,-34,105,-177,-51,9,-158,-6,38,-232,-29,67,-272,-49,92,-296,-63,6,-150,-49,26,-230,-66,45,-276,-78,61,-311,-87,8,-139,-92,12,-204,-103,16,-249,-106,21,-284,-109
414,729,0,40,-53,32,64,-102,32,90,-134,18,114,-165,3,16,-155,34,54,-204,-3,84,-196,-35,105,-178,-52,9,-157,-6,38,-232,-30,67,-272,-51,91,-297,-65,6,-149,-49,25,-229,-69,43,-276,-82,60,-311,-91,8,-138,-92,12,-203,-106,15,-248,-110,19,-284,-114
410,727,0,41,-53,35,65,-103,35,91,-134,22,115,-164,8,16,-155,34,54,-204,-2,84,-195,-33,104,-177,-48,8,-157,-7,38,-232,-32,67,-272,-51,92,-295,-64,5,-147,-51,24,-229,-71,44,-276,-83,61,-310,-92,8,-137,-95,12,-202,-109,16,-247,-113,21,-282,-116
407,730,0,41,-53,35,65,-103,34,91,-134,19,115,-164,3,15,-154,32,55,-203,-5,84,-196,-37,105,-177,-54,8,-155,-10,38,-230,-36,68,-270,-57,93,-295,-71,5,-145,-55,25,-227,-76,45,-275,-90,61,-309,-101,9,-133,-99,14,-198,-115,17,-244,-120,22,-280,-125
409,728,0,41,-53,32,64,-103,32,90,-134,18,113,-165,4,17,-154,35,55,-202,-2,84,-195,-34,104,-177,-50,9,-156,-4,37,-230,-30,66,-271,-51,91,-295,-64,6,-147,-48,24,-227,-68,42,-274,-81,59,-309,-90,7,-137,-90,11,-201,-104,14,-246,-108,19,-281,-111
409,724,0,40,-51,30,65,-102,30,90,-134,17,114,-164,4,17,-155,35,54,-203,-1,84,-195,-32,104,-177,-49,9,-158,-3,38,-231,-28,68,-271,-49,93,-294,-63,6,-150,-46,25,-230,-66,45,-275,-79,62,-310,-88,7,-140,-88,9,-203,-102,12,-247,-107,17,-282,-110
407,726,0,41,-51,30,65,-102,29,91,-134,15,115,-164,2,18,-155,36,55,-202,0,84,-195,-32,104,-177,-48,11,-159,-3,39,-231,-27,68,-270,-47,92,-294,-61,6,-151,-46,26,-229,-65,46,-275,-78,62,-309,-88,7,-141,-88,10,-203,-102,13,-247,-107,17,-282,-110
407,725,0,41,-51,32,65,-103,33,91,-134,20,114,-164,6,17,-155,36,55,-203,1,84,-195,-31,105,-176,-47,9,-157,-4,39,-231,-28,68,-271,-49,93,-294,-63,6,-149,-48,26,-229,-67,46,-275,-81,63,-310,-91,8,-138,-91,11,-201,-106,13,-246,-112,17,-282,-116
405,730,0,41,-54,36,65,-104,37,90,-134,24,114,-164,11,16,-154,36,55,-202,0,84,-195,-31,105,-176,-48,9,-156,-5,38,-230,-31,68,-270,-52,92,-295,-66,6,-147,-51,26,-227,-71,45,-274,-85,62,-309,-96,9,-136,-95,12,-201,-111,16,-246,-116,21,-281,-121
405,725,0,42,-52,36,66,-104,37,91,-135,24,114,-164,11,18,-156,35,57,-205,-3,86,-196,-35,107,-176,-51,10,-157,-7,39,-232,-34,69,-272,-55,94,-296,-69,7,-147,-52,25,-229,-74,45,-276,-88,62,-311,-99,10,-135,-96,14,-199,-114,17,-244,-121,22,-281,-127
394,719,0,38,-64,55,59,-113,60,83,-143,51,110,-167,41,2,-176,33,57,-220,6,86,-200,-22,104,-175,-39,-2,-165,-15,48,-240,-27,78,-283,-48,102,-314,-66,8,-141,-62,41,-235,-72,65,-282,-84,82,-319,-96,30,-119,-104,45,-186,-112,53,-225,-113,63,-262,-115
394,719,0,39,-64,56,59,-114,61,84,-142,50,110,-167,39,2,-178,35,58,-222,8,87,-202,-20,106,-178,-37,-1,-166,-15,49,-240,-27,79,-282,-50,102,-313,-69,9,-142,-63,42,-235,-73,67,-282,-87,84,-320,-101,31,-120,-106,46,-186,-115,56,-225,-116,66,-261,-118
393,720,0,38,-64,56,59,-113,61,84,-142,49,111,-167,37,3,-177,34,58,-220,8,88,-200,-18,107,-178,-35,0,-166,-16,50,-238,-28,80,-280,-50,104,-310,-68,9,-142,-64,43,-233,-75,68,-280,-88,86,-318,-101,31,-120,-108,47,-186,-117,56,-225,-117,66,-260,-119
394,722,0,39,-65,56,59,-115,62,83,-143,51,109,-168,39,3,-179,35,60,-221,8,90,-201,-20,109,-178,-37,1,-168,-15,51,-241,-28,81,-282,-50,104,-313,-70,9,-144,-64,44,-236,-75,69,-283,-89,87,-321,-103,31,-121,-107,47,-186,-117,57,-226,-118,68,-262,-120
392,728,0,39,-66,62,60,-115,70,84,-143,61,110,-167,50,5,-179,41,60,-222,17,89,-202,-9,109,-181,-25,1,-168,-12,51,-240,-23,81,-282,-44,105,-312,-62,9,-144,-63,45,-236,-72,70,-282,-85,87,-320,-97,31,-121,-109,48,-188,-118,58,-227,-119,68,-263,-121
392,730,0,39,-66,63,60,-115,71,84,-143,62,111,-167,52,5,-179,40,60,-222,15,89,-202,-11,109,-179,-28,2,-168,-14,51,-241,-25,81,-283,-45,105,-315,-64,10,-144,-65,46,-236,-75,70,-282,-88,87,-319,-101,33,-120,-112,48,-186,-123,58,-225,-124,68,-261,-127
392,727,0,39,-64,60,61,-116,66,84,-143,54,111,-167,42,3,-179,36,60,-222,14,89,-202,-9,110,-181,-25,2,-166,-17,53,-238,-31,83,-277,-51,108,-306,-68,11,-141,-68,45,-234,-78,68,-282,-90,86,-323,-103,33,-118,-115,48,-183,-123,57,-224,-125,68,-262,-128
391,727,0,39,-65,64,60,-116,73,84,-144,65,111,-167,56,4,-180,39,60,-224,17,88,-203,-7,108,-180,-23,2,-168,-13,52,-242,-24,83,-282,-45,108,-311,-63,12,-143,-64,45,-238,-72,69,-286,-85,87,-324,-99,34,-119,-109,48,-187,-117,58,-227,-119,68,-264,-122
389,729,0,39,-65,63,61,-115,71,84,-144,62,111,-166,52,4,-178,41,61,-221,19,88,-201,-4,108,-179,-20,2,-167,-13,52,-238,-23,83,-279,-42,108,-309,-60,11,-142,-64,45,-234,-71,69,-281,-83,86,-320,-96,33,-120,-111,48,-186,-118,57,-226,-119,68,-262,-123
389,725,0,39,-64,63,61,-115,71,84,-143,61,112,-166,51,4,-180,41,60,-222,20,89,-201,-4,109,-179,-20,2,-167,-12,53,-237,-25,85,-274,-45,111,-298,-62,11,-142,-63,45,-235,-71,69,-283,-82,87,-322,-95,33,-119,-110,47,-185,-117,56,-226,-118,66,-264,-122
388,724,0,40,-64,63,62,-114,72,86,-143,64,113,-165,55,5,-179,39,62,-220,16,89,-199,-7,108,-175,-23,2,-167,-13,53,-238,-24,83,-279,-43,108,-309,-60,11,-142,-64,45,-235,-72,69,-282,-84,87,-320,-98,33,-119,-109,47,-184,-119,56,-224,-122,66,-262,-127
390,720,0,40,-65,59,62,-115,65,86,-143,55,113,-165,44,3,-180,35,60,-221,11,89,-199,-14,108,-175,-30,2,-167,-16,51,-240,-28,82,-282,-47,106,-315,-64,11,-142,-66,45,-234,-75,68,-281,-87,85,-320,-100,33,-118,-111,47,-182,-121,56,-222,-123,66,-259,-127
389,717,0,41,-65,63,63,-115,72,87,-142,64,114,-164,55,3,-181,40,60,-220,18,88,-198,-7,107,-175,-23,0,-168,-13,52,-239,-22,82,-281,-41,107,-312,-58,9,-142,-64,45,-234,-71,69,-280,-83,87,-318,-97,32,-120,-110,46,-183,-121,55,-224,-125,65,-261,-130
434,716,0,40,-41,-4,69,-87,-13,97,-122,-28,119,-161,-42,30,-151,24,61,-191,-13,88,-185,-46,105,-171,-62,22,-163,5,44,-225,-17,73,-261,-38,98,-286,-52,10,-163,-22,24,-232,-42,45,-275,-57,66,-308,-66,0,-156,-52,-5,-218,-65,2,-260,-68,13,-294,-71
430,719,0,40,-40,-3,70,-86,-11,97,-122,-26,119,-161,-40,31,-150,25,63,-190,-11,88,-185,-44,105,-171,-60,23,-162,6,46,-223,-15,74,-259,-36,98,-285,-51,11,-162,-22,26,-231,-42,47,-273,-57,68,-306,-66,0,-155,-53,-4,-216,-66,2,-258,-70,13,-292,-72
430,720,0,40,-41,-3,70,-87,-12,97,-122,-28,118,-161,-42,30,-150,25,62,-191,-12,87,-185,-45,105,-171,-62,22,-162,5,45,-224,-17,73,-260,-38,98,-285,-52,10,-162,-22,24,-231,-43,46,-274,-59,67,-307,-68,-1,-156,-53,-6,-217,-66,1,-259,-71,11,-293,-74
426,721,0,40,-40,-4,70,-87,-12,98,-122,-27,119,-161,-41,31,-150,26,63,-191,-11,88,-185,-44,106,-172,-61,23,-162,6,46,-223,-15,74,-259,-36,98,-284,-51,11,-163,-21,25,-231,-42,46,-273,-57,66,-306,-66,-1,-156,-52,-5,-216,-65,1,-258,-69,11,-292,-72
423,722,0,40,-39,-4,70,-87,-11,97,-122,-26,119,-161,-39,32,-152,26,62,-192,-11,88,-186,-45,106,-173,-62,24,-163,7,46,-224,-14,74,-260,-36,98,-286,-51,12,-164,-21,25,-232,-41,46,-274,-57,66,-307,-66,0,-157,-51,-5,-218,-64,1,-259,-68,11,-293,-71
422,720,0,40,-41,-4,69,-87,-12,97,-122,-26,118,-162,-39,32,-151,28,61,-191,-9,87,-187,-43,105,-173,-60,23,-163,9,46,-224,-12,73,-259,-33,97,-287,-48,11,-164,-18,24,-232,-38,43,-275,-54,63,-308,-64,-2,-158,-48,-6,-218,-61,0,-259,-66,11,-292,-68
407,708,0,40,-40,-5,69,-85,-14,98,-121,-31,120,-160,-45,31,-151,28,62,-190,-8,89,-189,-43,108,-179,-60,23,-165,10,46,-225,-11,73,-262,-31,96,-290,-45,10,-167,-18,23,-235,-38,42,-277,-52,62,-311,-60,-3,-160,-48,-8,-219,-61,-2,-261,-64,9,-294,-66
407,706,0,40,-41,-5,69,-86,-14,97,-123,-30,118,-161,-44,31,-151,27,61,-190,-10,88,-188,-44,107,-178,-62,22,-164,9,45,-225,-12,71,-261,-33,95,-289,-47,10,-165,-19,22,-234,-39,41,-276,-53,60,-309,-62,-4,-158,-49,-9,-218,-62,-3,-260,-65,8,-293,-67
405,707,0,40,-41,-3,69,-87,-11,96,-123,-25,117,-162,-39,31,-152,32,60,-191,-4,87,-189,-38,106,-178,-56,22,-165,12,45,-225,-7,71,-262,-28,94,-290,-42,10,-166,-16,22,-233,-35,41,-276,-49,60,-309,-57,-4,-159,-47,-9,-219,-59,-3,-261,-61,8,-294,-62
405,705,0,40,-41,-6,69,-87,-14,96,-123,-30,116,-163,-44,30,-150,28,59,-190,-9,86,-187,-44,105,-177,-62,22,-164,9,44,-225,-12,70,-261,-33,94,-289,-48,9,-165,-18,22,-233,-39,41,-275,-54,60,-309,-63,-5,-158,-48,-10,-219,-61,-3,-260,-64,8,-294,-66
405,704,0,40,-41,-4,68,-87,-13,95,-123,-29,116,-163,-43,30,-151,30,59,-190,-6,85,-187,-40,104,-177,-57,22,-164,10,44,-225,-9,70,-261,-30,93,-290,-44,9,-165,-18,22,-233,-37,41,-275,-51,60,-308,-59,-5,-158,-49,-10,-219,-61,-4,-260,-63,7,-294,-65
404,701,0,40,-40,-5,68,-87,-13,96,-123,-29,117,-162,-43,31,-150,28,59,-189,-8,85,-187,-42,105,-176,-60,23,-164,9,44,-225,-12,70,-261,-33,94,-290,-47,10,-165,-19,23,-233,-40,42,-275,-54,62,-308,-63,-4,-159,-49,-9,-219,-63,-3,-260,-66,8,-294,-68
404,702,0,40,-39,-5,68,-86,-13,96,-122,-28,117,-162,-42,31,-150,27,60,-189,-8,86,-188,-41,105,-178,-57,22,-164,8,44,-225,-12,71,-262,-31,95,-290,-45,10,-166,-20,23,-233,-40,42,-276,-53,62,-309,-61,-4,-159,-50,-9,-220,-64,-3,-261,-66,9,-296,-68
402,700,0,40,-39,-5,69,-86,-12,97,-122,-28,118,-162,-42,32,-150,30,61,-190,-6,87,-188,-39,106,-177,-56,23,-164,11,45,-224,-9,73,-261,-29,96,-289,-43,11,-166,-18,24,-233,-37,43,-275,-51,63,-307,-59,-3,-159,-48,-8,-219,-62,-1,-260,-64,10,-294,-66
401,698,0,40,-41,-5,69,-86,-13,97,-122,-29,118,-161,-43,32,-150,29,61,-189,-7,88,-186,-40,107,-177,-58,23,-164,9,46,-225,-11,73,-260,-31,97,-288,-46,11,-166,-19,24,-233,-39,44,-275,-53,65,-307,-62,-3,-159,-49,-8,-221,-62,-2,-262,-66,11,-295,-68
399,696,0,41,-41,-5,70,-86,-13,97,-122,-29,118,-161,-43,32,-150,28,61,-189,-8,88,-186,-40,108,-176,-57,24,-164,9,47,-225,-11,74,-261,-31,98,-288,-45,11,-166,-19,24,-234,-39,45,-275,-53,65,-307,-61,-3,-160,-49,-8,-221,-62,-1,-262,-65,11,-295,-67
397,692,0,42,-41,-4,71,-86,-11,98,-121,-26,119,-161,-39,32,-150,31,62,-189,-4,88,-186,-38,108,-177,-55,24,-165,11,47,-225,-8,74,-261,-28,98,-289,-42,11,-167,-17,24,-233,-36,44,-276,-51,65,-308,-59,-3,-160,-47,-8,-221,-60,-2,-262,-63,10,-295,-64
395,689,0,41,-41,-6,70,-86,-15,97,-122,-30,118,-162,-44,32,-150,28,62,-188,-8,89,-186,-42,108,-176,-59,23,-163,10,47,-224,-10,73,-260,-30,97,-289,-44,10,-165,-16,24,-233,-37,44,-275,-51,63,-307,-58,-4,-159,-46,-9,-220,-59,-2,-262,-61,9,-294,-63
390,689,0,40,-41,-7,68,-87,-16,95,-124,-31,116,-163,-45,30,-148,25,60,-187,-11,86,-185,-45,105,-175,-62,22,-163,8,43,-223,-13,69,-258,-33,93,-287,-47,9,-164,-18,22,-231,-39,41,-273,-53,60,-306,-60,-6,-157,-47,-11,-218,-60,-5,-258,-62,6,-291,-63
391,689,0,40,-42,-5,68,-88,-13,94,-124,-29,115,-164,-43,30,-150,28,58,-188,-8,84,-185,-41,103,-175,-57,21,-163,10,43,-224,-10,68,-260,-30,92,-289,-44,8,-165,-17,20,-232,-38,40,-274,-51,59,-306,-58,-6,-158,-47,-12,-219,-60,-6,-260,-63,5,-293,-63
392,689,0,39,-41,-6,67,-88,-14,94,-124,-30,114,-165,-44,29,-149,27,57,-188,-10,83,-185,-43,102,-174,-60,20,-163,9,41,-222,-12,67,-259,-32,90,-288,-46,7,-164,-18,19,-231,-39,39,-273,-52,58,-306,-59,-8,-157,-48,-14,-218,-61,-7,-260,-63,4,-293,-64
391,691,0,39,-42,-5,68,-88,-12,94,-125,-27,114,-165,-41,29,-149,29,57,-188,-6,83,-185,-39,102,-175,-56,19,-162,10,41,-223,-10,67,-259,-29,90,-287,-42,7,-164,-17,19,-230,-37,38,-272,-50,58,-305,-56,-6,-157,-47,-13,-217,-60,-6,-258,-62,5,-292,-62
393,688,0,39,-42,-5,67,-88,-13,94,-125,-28,114,-165,-41,28,-149,29,57,-188,-6,83,-186,-39,102,-176,-55,20,-163,10,41,-223,-10,66,-260,-29,89,-289,-42,7,-164,-17,19,-232,-37,38,-274,-50,57,-306,-58,-8,-158,-47,-14,-219,-60,-8,-260,-62,4,-293,-63
394,686,0,39,-41,-5,67,-87,-12,93,-125,-27,113,-165,-40,28,-149,29,56,-188,-6,82,-186,-39,102,-175,-56,19,-163,11,41,-224,-9,66,-260,-30,90,-289,-43,7,-165,-17,19,-231,-36,38,-273,-50,58,-306,-58,-8,-158,-46,-14,-218,-59,-8,-260,-61,3,-293,-63
396,682,0,39,-41,-5,68,-88,-13,94,-125,-28,113,-165,-42,27,-149,26,57,-188,-9,83,-186,-41,102,-175,-58,19,-163,7,40,-224,-13,66,-261,-33,89,-289,-46,6,-164,-20,19,-232,-41,38,-274,-54,57,-307,-62,-8,-157,-50,-14,-218,-63,-8,-260,-66,2,-294,-68
398,681,0,39,-42,-7,66,-88,-14,92,-125,-29,112,-166,-42,26,-148,26,55,-187,-10,82,-185,-43,100,-174,-59,18,-161,8,40,-222,-12,65,-260,-33,88,-288,-46,6,-163,-18,18,-230,-39,37,-273,-52,56,-305,-59,-8,-156,-47,-14,-217,-60,-8,-259,-63,3,-292,-64
407,671,0,39,-41,-4,66,-89,-11,92,-125,-25,112,-166,-37,26,-148,29,56,-187,-6,82,-183,-38,100,-171,-53,19,-162,10,41,-223,-8,67,-260,-27,89,-287,-38,7,-163,-17,19,-231,-35,38,-272,-46,58,-304,-51,-6,-157,-46,-12,-218,-58,-6,-261,-59,5,-294,-59
409,669,0,40,-41,-4,67,-89,-10,93,-125,-25,113,-165,-37,28,-149,30,57,-188,-5,83,-183,-37,102,-171,-52,20,-162,11,42,-223,-9,68,-260,-27,91,-287,-39,8,-164,-17,20,-231,-37,39,-273,-48,58,-305,-53,-5,-157,-47,-11,-218,-60,-5,-261,-62,5,-295,-62
410,670,0,39,-40,-6,67,-88,-14,93,-124,-29,114,-165,-42,29,-149,24,58,-188,-11,84,-184,-42,102,-172,-57,20,-162,7,42,-223,-13,68,-260,-32,91,-287,-43,8,-164,-19,21,-231,-39,39,-272,-50,59,-305,-56,-5,-157,-47,-11,-217,-61,-5,-259,-63,5,-293,-63
413,669,0,39,-40,-6,67,-88,-14,93,-124,-29,114,-165,-42,28,-150,25,58,-189,-10,84,-184,-42,102,-172,-58,20,-164,8,42,-224,-12,68,-261,-32,91,-289,-45,8,-165,-18,20,-232,-38,39,-274,-51,59,-306,-58,-6,-157,-47,-11,-218,-61,-6,-261,-63,5,-295,-64
