197,813,0,35,-67,14,93,-99,7,146,-92,-4,185,-75,-15,100,-144,-27,180,-140,-41,221,-135,-45,252,-137,-49,103,-107,-46,183,-89,-61,167,-69,-53,145,-69,-47,107,-63,-60,175,-50,-61,157,-38,-36,134,-41,-21,108,-18,-75,156,-19,-61,141,-12,-35,122,-14,-19
197,813,0,34,-67,14,92,-98,7,146,-91,-4,186,-73,-15,100,-143,-27,180,-138,-40,222,-134,-44,253,-135,-48,104,-107,-45,182,-88,-60,168,-69,-53,145,-68,-47,107,-63,-59,174,-49,-60,156,-37,-35,133,-40,-21,108,-20,-73,156,-18,-60,140,-12,-35,121,-14,-19
198,813,0,34,-69,16,93,-101,9,146,-93,-1,185,-75,-12,102,-145,-26,183,-140,-39,224,-136,-43,256,-137,-47,106,-107,-45,186,-89,-59,172,-69,-52,147,-68,-46,109,-62,-59,178,-50,-60,160,-38,-35,138,-42,-21,110,-18,-73,158,-18,-60,143,-13,-34,123,-15,-19
200,812,0,35,-68,17,93,-99,10,146,-93,0,184,-77,-11,101,-143,-27,182,-138,-40,222,-131,-43,253,-131,-46,104,-105,-46,184,-87,-60,168,-68,-52,145,-68,-45,108,-60,-61,175,-47,-60,156,-36,-35,134,-40,-21,108,-16,-74,156,-17,-60,140,-11,-34,121,-14,-19
199,813,0,36,-70,18,93,-104,13,145,-98,3,183,-80,-6,103,-145,-26,186,-141,-38,227,-134,-41,258,-133,-43,108,-107,-45,189,-88,-57,173,-69,-48,150,-69,-41,111,-62,-60,180,-49,-59,162,-37,-34,139,-41,-19,112,-16,-74,161,-17,-59,145,-11,-33,125,-14,-17
198,814,0,35,-68,15,94,-100,8,147,-92,-2,186,-74,-12,102,-144,-27,184,-138,-39,225,-132,-43,257,-133,-46,105,-106,-45,186,-87,-59,172,-67,-51,148,-67,-44,109,-61,-59,177,-47,-59,158,-35,-34,135,-39,-20,111,-17,-73,159,-17,-59,143,-11,-34,123,-13,-18
197,814,0,36,-67,15,94,-98,8,147,-91,-3,186,-73,-14,102,-142,-27,183,-137,-39,223,-131,-42,254,-132,-46,105,-105,-45,185,-85,-58,174,-65,-50,154,-64,-44,108,-61,-59,174,-45,-59,155,-33,-34,133,-37,-21,108,-17,-73,156,-16,-59,141,-9,-34,122,-12,-18
198,814,0,35,-67,14,94,-98,7,147,-90,-4,186,-72,-15,101,-142,-27,182,-138,-39,223,-132,-42,254,-134,-46,105,-105,-45,184,-86,-58,170,-67,-51,148,-67,-45,108,-60,-59,174,-46,-58,155,-34,-34,132,-38,-20,109,-16,-72,156,-16,-59,140,-10,-33,121,-12,-18
197,816,0,35,-69,15,93,-101,9,146,-95,-2,184,-77,-12,102,-146,-25,184,-140,-37,224,-135,-40,255,-136,-43,106,-107,-43,187,-89,-56,174,-70,-48,152,-68,-43,109,-62,-57,176,-48,-56,158,-37,-32,135,-41,-19,110,-18,-70,158,-18,-57,142,-12,-32,123,-14,-16
196,817,0,35,-70,16,92,-103,10,144,-99,0,182,-82,-9,103,-147,-24,184,-142,-36,226,-137,-40,256,-138,-43,106,-109,-42,189,-90,-55,179,-70,-47,159,-68,-42,110,-64,-57,178,-49,-56,159,-37,-33,136,-40,-19,111,-19,-71,159,-17,-57,143,-12,-32,123,-15,-17
195,818,0,35,-69,16,91,-102,9,144,-97,-1,182,-82,-10,101,-145,-24,182,-140,-37,222,-135,-40,252,-137,-43,105,-108,-42,186,-90,-55,175,-70,-48,154,-68,-42,108,-63,-56,175,-49,-56,156,-37,-32,133,-40,-19,109,-18,-69,156,-18,-56,140,-12,-31,120,-15,-16
195,818,0,34,-69,16,91,-103,9,143,-100,-1,181,-85,-10,100,-146,-24,181,-142,-37,222,-137,-41,253,-139,-45,105,-108,-42,185,-91,-56,171,-72,-49,149,-71,-42,109,-63,-57,177,-50,-57,158,-39,-34,134,-43,-19,110,-19,-70,158,-19,-58,142,-13,-33,122,-15,-17
196,818,0,33,-68,14,90,-103,8,142,-99,-3,181,-85,-13,99,-145,-24,179,-140,-38,220,-136,-43,251,-138,-46,103,-108,-42,183,-91,-57,169,-72,-50,147,-71,-44,107,-63,-57,175,-50,-59,156,-39,-35,133,-42,-20,109,-18,-71,157,-19,-59,141,-13,-34,121,-15,-18
197,820,0,33,-70,16,90,-105,10,141,-102,0,180,-87,-10,100,-148,-24,180,-144,-37,222,-139,-42,253,-140,-45,104,-109,-43,184,-93,-57,170,-74,-49,146,-74,-43,108,-64,-57,176,-52,-59,157,-40,-35,134,-44,-20,110,-19,-71,158,-20,-59,142,-14,-34,122,-16,-18
198,821,0,33,-71,16,89,-107,11,140,-104,1,179,-90,-8,101,-150,-24,183,-145,-37,224,-141,-41,255,-142,-44,105,-111,-42,187,-94,-56,173,-75,-48,150,-74,-42,110,-65,-57,179,-52,-57,161,-41,-34,137,-45,-19,110,-20,-70,160,-21,-58,144,-15,-32,123,-17,-17
198,821,0,34,-72,16,91,-106,10,143,-102,1,181,-85,-8,101,-148,-26,183,-144,-38,225,-139,-42,255,-141,-45,106,-109,-44,189,-91,-56,179,-72,-49,158,-71,-43,111,-63,-58,181,-51,-57,166,-41,-35,145,-45,-22,112,-18,-71,160,-21,-58,145,-16,-33,125,-19,-19
201,820,0,34,-69,17,92,-101,11,145,-95,1,184,-79,-9,101,-144,-26,182,-141,-38,222,-135,-41,253,-135,-44,105,-107,-44,184,-89,-56,171,-69,-48,150,-68,-42,109,-62,-58,176,-49,-57,157,-36,-32,133,-39,-18,111,-18,-72,157,-18,-57,141,-12,-32,121,-14,-16
203,820,0,34,-69,17,93,-100,11,147,-93,2,185,-75,-7,100,-144,-27,182,-141,-38,224,-136,-41,256,-136,-44,104,-106,-45,186,-90,-56,175,-70,-48,153,-68,-42,110,-61,-58,178,-49,-56,160,-37,-31,137,-40,-18,112,-17,-71,159,-18,-56,143,-12,-30,123,-15,-15
205,821,0,35,-68,16,93,-97,9,147,-89,-1,186,-72,-11,98,-142,-28,181,-140,-40,223,-135,-44,255,-137,-47,102,-105,-46,183,-89,-59,171,-70,-52,150,-69,-46,107,-60,-59,175,-49,-58,157,-36,-32,134,-40,-18,109,-16,-73,156,-18,-57,140,-12,-31,121,-14,-15
207,823,0,35,-69,17,93,-100,10,146,-92,0,185,-75,-10,99,-145,-29,184,-143,-42,225,-138,-46,258,-139,-49,103,-108,-48,185,-91,-61,171,-71,-52,149,-69,-46,107,-63,-62,178,-52,-61,161,-38,-36,139,-41,-22,109,-17,-75,158,-19,-61,143,-13,-35,124,-15,-19
208,825,0,34,-69,17,91,-103,10,145,-95,0,184,-77,-10,100,-148,-30,185,-145,-43,228,-140,-47,260,-141,-50,104,-110,-49,187,-92,-61,173,-71,-52,150,-70,-45,108,-65,-63,180,-53,-62,164,-40,-36,142,-42,-22,111,-19,-76,160,-20,-62,145,-13,-36,126,-15,-20
208,825,0,34,-68,14,92,-99,6,146,-90,-6,186,-73,-17,99,-145,-33,183,-142,-47,225,-136,-51,257,-136,-54,102,-108,-51,184,-90,-65,168,-70,-56,146,-69,-49,106,-63,-65,176,-51,-65,158,-38,-39,136,-41,-25,107,-19,-78,157,-19,-64,142,-12,-38,122,-15,-22
209,824,0,35,-70,15,92,-104,7,146,-95,-4,185,-75,-14,102,-149,-33,189,-146,-47,231,-139,-51,265,-139,-54,105,-111,-51,191,-91,-64,178,-71,-55,157,-70,-48,109,-63,-64,182,-51,-64,166,-39,-39,144,-42,-25,110,-18,-77,161,-18,-63,146,-12,-38,126,-14,-22
208,822,0,35,-69,16,94,-102,8,147,-92,-3,187,-70,-14,102,-147,-37,189,-143,-51,231,-136,-55,264,-135,-58,104,-108,-56,189,-90,-69,175,-69,-59,153,-68,-52,107,-62,-69,182,-49,-69,170,-38,-45,151,-42,-32,109,-14,-82,160,-16,-68,146,-10,-42,128,-13,-27
207,828,0,33,-71,17,92,-105,8,146,-95,-3,186,-72,-14,101,-151,-38,189,-145,-53,232,-139,-57,265,-139,-61,102,-112,-57,188,-93,-71,175,-73,-61,153,-72,-54,105,-66,-70,182,-53,-72,171,-42,-48,154,-46,-35,105,-18,-83,161,-19,-69,147,-12,-43,128,-14,-28
219,852,0,30,-67,-1,87,-107,-28,147,-104,-57,180,-86,-86,65,-161,-70,144,-165,-107,191,-163,-130,226,-163,-147,59,-120,-92,147,-113,-131,132,-89,-131,106,-87,-131,62,-71,-111,144,-73,-131,127,-56,-104,103,-56,-87,68,-23,-131,137,-33,-130,125,-25,-103,104,-26,-86
218,850,0,30,-67,0,87,-106,-27,146,-104,-55,180,-87,-84,66,-158,-72,145,-162,-108,192,-160,-131,228,-160,-147,61,-118,-93,147,-110,-131,132,-87,-130,106,-87,-129,63,-69,-111,144,-70,-130,128,-54,-103,103,-55,-86,70,-21,-131,137,-31,-129,126,-24,-102,106,-26,-85
217,851,0,30,-65,0,87,-103,-27,147,-99,-55,182,-81,-83,67,-157,-69,145,-162,-105,191,-158,-128,226,-159,-144,62,-117,-90,147,-110,-129,132,-89,-130,107,-90,-129,64,-69,-109,145,-70,-130,128,-54,-104,104,-56,-87,70,-22,-129,138,-31,-129,127,-24,-102,105,-26,-85
218,850,0,30,-64,1,86,-103,-24,144,-100,-51,179,-88,-78,66,-157,-67,144,-160,-103,190,-157,-126,225,-156,-142,62,-117,-89,147,-110,-127,132,-89,-128,105,-91,-128,64,-69,-107,144,-69,-128,126,-53,-102,102,-55,-84,70,-22,-126,137,-30,-127,125,-23,-100,104,-27,-82
218,850,0,30,-64,1,86,-102,-25,145,-99,-52,181,-86,-80,66,-157,-68,145,-160,-104,191,-157,-128,226,-157,-144,62,-117,-90,147,-109,-129,132,-88,-130,106,-90,-129,64,-68,-108,144,-70,-129,127,-54,-103,103,-56,-85,69,-22,-128,137,-31,-128,126,-24,-102,106,-27,-84
218,850,0,30,-64,1,86,-102,-24,145,-100,-52,180,-86,-79,66,-156,-68,144,-160,-104,190,-157,-127,226,-157,-143,62,-117,-89,147,-110,-128,132,-89,-129,106,-91,-129,65,-68,-108,144,-70,-129,127,-54,-102,103,-55,-85,70,-22,-127,137,-31,-127,125,-23,-101,105,-26,-83
218,850,0,30,-64,2,86,-102,-23,144,-100,-50,180,-86,-77,67,-157,-68,146,-161,-103,192,-157,-126,227,-157,-142,62,-117,-90,148,-109,-128,132,-88,-128,106,-90,-127,65,-69,-108,144,-69,-129,127,-53,-102,102,-55,-84,70,-22,-128,137,-31,-128,125,-23,-100,105,-26,-82
218,850,0,30,-64,1,86,-102,-24,145,-100,-50,180,-88,-77,66,-156,-68,145,-160,-104,190,-156,-127,225,-156,-143,62,-116,-90,146,-108,-128,132,-88,-129,105,-90,-129,64,-68,-108,144,-69,-128,127,-53,-102,103,-56,-84,70,-21,-127,137,-30,-127,125,-23,-100,106,-27,-82
219,850,0,30,-64,2,86,-102,-23,144,-99,-49,180,-87,-76,66,-156,-69,146,-160,-105,191,-157,-128,227,-157,-143,62,-116,-91,147,-108,-130,132,-88,-130,105,-89,-129,65,-67,-110,144,-69,-130,127,-53,-102,103,-55,-84,70,-20,-129,137,-30,-128,125,-23,-100,104,-25,-82
219,850,0,30,-63,2,87,-100,-23,145,-98,-49,181,-85,-76,66,-155,-67,145,-159,-103,191,-156,-125,226,-156,-141,63,-115,-89,148,-107,-128,132,-86,-128,105,-88,-127,66,-67,-108,145,-69,-127,128,-52,-101,104,-54,-83,71,-20,-127,137,-30,-126,125,-23,-98,106,-25,-80
220,850,0,31,-64,4,87,-101,-19,145,-98,-44,181,-86,-70,69,-155,-66,147,-159,-100,193,-156,-121,228,-156,-136,65,-116,-88,150,-108,-125,133,-86,-124,106,-87,-123,68,-68,-106,146,-68,-125,128,-52,-97,104,-53,-79,73,-21,-125,138,-29,-123,126,-22,-95,106,-24,-77
221,850,0,31,-64,4,87,-101,-20,145,-99,-45,181,-84,-71,68,-153,-66,146,-158,-100,191,-155,-120,226,-156,-134,65,-114,-89,150,-106,-126,132,-85,-124,105,-86,-121,68,-67,-107,145,-68,-126,127,-51,-97,103,-52,-78,74,-20,-127,138,-30,-124,125,-22,-95,105,-23,-76
304,821,0,31,-96,35,86,-137,48,131,-134,54,163,-115,58,116,-187,30,191,-193,44,226,-191,52,253,-193,55,135,-146,13,196,-136,28,180,-118,36,158,-114,40,145,-95,0,190,-97,20,172,-87,33,152,-85,37,148,-46,-11,173,-64,14,159,-60,33,144,-58,44
304,823,0,30,-94,35,87,-136,50,132,-133,57,164,-114,62,116,-188,33,190,-195,47,225,-193,56,252,-195,60,135,-148,15,196,-138,31,181,-120,39,160,-116,43,146,-98,2,191,-100,22,174,-89,34,153,-87,38,149,-50,-8,172,-69,16,159,-64,34,144,-62,44
304,825,0,30,-94,33,88,-137,47,132,-132,53,164,-114,59,116,-189,30,190,-195,44,225,-192,53,252,-194,56,135,-147,14,196,-140,28,179,-123,36,157,-118,40,146,-96,2,190,-102,20,172,-91,32,150,-89,35,149,-49,-8,171,-70,15,156,-66,32,141,-62,42
305,823,0,31,-94,33,87,-138,46,132,-134,53,164,-115,57,115,-187,30,190,-195,43,225,-192,51,252,-192,54,134,-146,13,195,-137,28,178,-120,35,156,-115,39,145,-94,1,190,-98,20,172,-88,32,151,-85,36,147,-45,-10,173,-66,14,159,-61,33,143,-58,43
304,825,0,31,-95,35,88,-137,48,133,-133,55,165,-113,59,116,-189,32,190,-197,46,225,-195,54,252,-197,57,134,-148,15,197,-141,29,183,-123,36,161,-118,40,145,-99,1,192,-103,20,175,-91,32,154,-90,35,148,-51,-10,174,-72,14,161,-68,31,145,-65,41
303,825,0,32,-93,35,89,-135,49,133,-131,56,165,-113,61,116,-187,33,189,-192,48,224,-190,57,251,-190,60,134,-146,16,194,-137,32,178,-121,39,157,-116,42,145,-96,3,190,-100,22,172,-90,34,151,-88,37,147,-49,-7,171,-70,17,157,-67,35,143,-65,45
303,826,0,32,-95,36,88,-137,50,133,-133,56,164,-114,61,116,-188,35,189,-193,49,225,-191,57,251,-192,60,134,-148,17,194,-138,32,179,-121,39,157,-116,42,145,-98,3,190,-101,22,172,-90,34,152,-88,37,147,-51,-8,172,-71,16,159,-67,34,145,-66,44
303,826,0,32,-95,35,88,-136,49,134,-131,55,165,-113,60,116,-188,33,189,-193,47,225,-191,56,251,-192,59,134,-147,16,194,-138,31,179,-120,38,157,-115,41,145,-97,2,190,-101,22,172,-89,34,151,-89,37,147,-50,-9,172,-70,15,159,-67,34,144,-65,45
302,827,0,31,-93,34,88,-135,48,133,-130,54,166,-112,58,115,-187,33,188,-192,46,223,-189,54,251,-190,57,134,-146,15,194,-136,30,178,-120,37,157,-115,40,144,-96,2,189,-100,21,171,-89,33,151,-88,36,147,-49,-9,171,-70,15,159,-67,33,143,-65,44
303,826,0,32,-94,35,89,-135,49,133,-131,55,166,-112,59,116,-187,34,189,-192,47,224,-189,56,251,-190,59,134,-146,16,194,-137,30,178,-119,37,158,-114,40,145,-96,2,189,-100,21,172,-89,34,152,-87,38,147,-49,-9,173,-69,15,161,-67,34,146,-65,45
303,825,0,33,-93,35,89,-134,48,135,-129,54,167,-109,59,116,-186,33,190,-193,46,225,-191,55,252,-191,58,135,-146,16,195,-137,30,180,-119,37,158,-113,40,145,-95,2,191,-100,21,174,-89,34,154,-88,37,148,-48,-9,174,-70,15,162,-67,34,147,-67,44
303,827,0,31,-94,33,88,-136,46,134,-129,52,167,-110,57,116,-186,30,190,-194,44,225,-190,52,252,-191,55,135,-145,14,195,-137,28,179,-120,36,158,-115,39,145,-95,1,191,-99,20,173,-89,32,152,-87,36,148,-47,-9,172,-69,15,159,-66,33,144,-65,43
304,827,0,31,-94,34,87,-136,48,133,-132,55,165,-112,61,115,-186,33,189,-194,48,224,-191,57,251,-191,61,134,-146,17,195,-137,33,180,-120,40,159,-115,44,145,-95,4,190,-99,25,173,-90,37,152,-87,40,148,-48,-6,174,-69,19,161,-66,38,147,-65,48
304,827,0,32,-93,35,89,-133,49,135,-128,55,168,-108,60,116,-187,33,190,-195,47,225,-191,56,252,-191,60,134,-147,16,195,-137,32,180,-120,39,159,-115,42,145,-96,3,190,-100,23,174,-90,35,153,-88,38,149,-49,-7,174,-71,17,161,-68,35,148,-67,46
304,828,0,31,-94,33,88,-134,47,134,-129,53,167,-110,58,115,-187,32,189,-195,45,223,-191,54,250,-191,58,133,-146,15,194,-137,30,178,-120,38,157,-115,41,144,-95,3,190,-99,22,172,-90,34,151,-87,38,147,-47,-7,172,-69,17,158,-66,36,144,-64,46
303,828,0,32,-93,36,88,-133,51,134,-129,58,167,-110,63,116,-186,36,189,-193,51,224,-190,60,252,-190,63,134,-147,18,195,-137,34,180,-120,41,158,-115,45,145,-97,5,191,-101,24,173,-90,37,153,-89,40,148,-50,-6,176,-73,18,165,-71,37,152,-70,48
302,829,0,32,-93,37,88,-134,51,134,-130,58,167,-110,62,116,-187,35,190,-194,49,224,-191,58,252,-191,61,135,-148,16,196,-137,32,181,-120,40,160,-114,43,146,-98,2,192,-101,22,175,-90,35,155,-88,38,148,-51,-10,176,-73,15,164,-70,34,150,-69,45
303,828,0,31,-92,38,87,-134,53,131,-132,58,164,-114,62,115,-187,33,190,-192,47,225,-189,56,252,-189,59,135,-148,14,196,-136,30,182,-118,38,161,-112,41,145,-98,-1,192,-100,19,175,-88,33,155,-86,37,148,-50,-13,175,-71,12,164,-67,32,150,-65,43
306,822,0,32,-90,35,89,-131,47,136,-126,52,170,-106,55,115,-184,28,191,-189,39,227,-185,46,255,-184,49,134,-145,9,197,-131,22,182,-112,30,161,-108,33,145,-95,-5,192,-94,13,174,-82,27,154,-80,32,148,-47,-17,175,-62,7,162,-57,27,147,-56,38
301,830,0,30,-79,27,82,-120,26,132,-118,21,171,-104,13,103,-166,-15,187,-167,-24,232,-165,-27,267,-167,-30,115,-129,-35,192,-110,-39,176,-88,-28,153,-87,-22,122,-82,-50,186,-70,-43,166,-54,-19,143,-54,-6,125,-35,-63,165,-36,-45,149,-27,-20,132,-27,-4
301,829,0,31,-78,27,84,-118,26,134,-115,19,173,-100,11,103,-164,-18,187,-165,-28,232,-162,-31,267,-164,-34,114,-127,-38,191,-107,-42,173,-87,-30,149,-85,-24,121,-79,-54,185,-68,-46,164,-53,-21,141,-53,-8,124,-32,-67,162,-34,-49,146,-25,-22,129,-25,-7
299,825,0,28,-73,20,82,-112,14,135,-110,6,175,-96,-4,97,-154,-31,179,-156,-46,224,-152,-51,259,-153,-55,105,-117,-50,182,-102,-60,164,-81,-48,141,-80,-40,112,-71,-63,176,-63,-62,155,-49,-34,132,-48,-18,114,-24,-76,157,-30,-61,141,-22,-33,123,-21,-16
299,825,0,27,-72,20,81,-112,13,135,-110,4,176,-95,-7,96,-154,-34,178,-155,-50,222,-152,-56,258,-152,-60,103,-116,-53,182,-101,-64,164,-81,-51,141,-78,-44,110,-70,-66,176,-63,-65,155,-49,-37,132,-47,-21,111,-24,-78,157,-30,-64,141,-22,-36,123,-21,-19
298,825,0,27,-73,19,81,-114,12,135,-112,3,175,-96,-8,96,-156,-37,181,-157,-53,226,-153,-58,261,-153,-62,104,-119,-55,183,-103,-66,165,-82,-52,143,-80,-44,111,-71,-68,178,-64,-67,157,-49,-38,133,-48,-22,113,-24,-80,159,-31,-66,143,-22,-38,126,-22,-21
297,824,0,27,-72,18,81,-110,11,135,-108,1,176,-94,-10,93,-152,-38,177,-152,-54,221,-148,-60,255,-148,-64,101,-114,-56,179,-100,-68,161,-81,-54,138,-79,-46,107,-68,-69,173,-62,-69,152,-48,-39,129,-47,-23,109,-23,-81,155,-29,-67,139,-22,-39,121,-21,-22
294,824,0,27,-73,20,82,-113,12,135,-111,2,175,-96,-9,96,-155,-38,181,-155,-54,226,-151,-59,262,-151,-63,103,-117,-56,184,-103,-69,166,-81,-55,141,-79,-46,110,-69,-70,178,-62,-70,156,-49,-40,133,-47,-23,112,-22,-82,160,-29,-69,144,-22,-41,126,-21,-23
293,825,0,27,-72,17,81,-111,9,136,-109,-2,176,-94,-13,93,-152,-41,178,-152,-58,222,-148,-65,257,-148,-69,100,-114,-58,179,-101,-72,161,-82,-59,138,-80,-50,107,-68,-71,174,-62,-72,152,-48,-43,128,-48,-26,110,-22,-83,156,-28,-71,141,-22,-43,123,-21,-25
291,822,0,27,-71,19,82,-111,11,136,-109,0,176,-94,-12,95,-153,-40,181,-152,-58,226,-147,-64,262,-147,-69,102,-114,-58,183,-100,-72,165,-81,-60,141,-79,-51,108,-67,-72,178,-61,-74,156,-47,-45,132,-46,-28,111,-20,-85,160,-26,-73,143,-19,-44,125,-19,-27
290,823,0,27,-72,17,82,-112,9,135,-111,-2,175,-96,-14,95,-153,-41,181,-151,-59,226,-146,-65,262,-145,-69,102,-114,-59,183,-100,-73,165,-81,-60,142,-79,-52,109,-66,-72,178,-61,-74,157,-47,-45,132,-46,-28,111,-19,-84,161,-27,-73,144,-21,-45,126,-20,-28
290,824,0,27,-74,20,81,-117,12,134,-116,1,173,-100,-11,96,-158,-40,185,-155,-59,231,-149,-67,268,-148,-72,104,-118,-59,187,-102,-74,169,-82,-61,145,-81,-53,110,-68,-73,182,-61,-76,161,-48,-47,135,-47,-29,112,-20,-86,164,-27,-75,148,-21,-47,130,-21,-30
289,822,0,27,-73,20,81,-115,13,133,-115,3,172,-102,-9,97,-155,-41,185,-152,-60,231,-146,-67,266,-144,-71,104,-115,-60,188,-101,-74,171,-82,-60,147,-80,-51,110,-66,-74,182,-59,-77,160,-47,-48,136,-45,-30,111,-18,-87,164,-25,-75,148,-20,-47,129,-20,-29
289,823,0,27,-73,19,82,-114,11,135,-112,1,175,-96,-11,97,-154,-42,183,-153,-62,230,-147,-69,265,-145,-74,103,-114,-61,186,-100,-75,168,-81,-62,144,-79,-54,108,-65,-75,179,-59,-77,158,-47,-48,133,-46,-31,110,-17,-87,162,-25,-75,146,-20,-47,128,-20,-29
287,826,0,27,-73,21,82,-116,14,134,-114,3,174,-98,-9,98,-157,-39,186,-155,-57,232,-150,-65,269,-149,-70,105,-118,-58,188,-102,-72,170,-82,-59,146,-80,-50,110,-69,-73,182,-61,-75,160,-48,-46,135,-47,-29,113,-20,-86,165,-27,-74,148,-20,-46,129,-20,-28
287,828,0,26,-73,18,81,-114,11,134,-112,0,174,-98,-12,96,-155,-39,181,-153,-58,227,-148,-65,263,-147,-70,103,-116,-58,183,-102,-72,166,-83,-60,144,-81,-52,109,-68,-72,177,-61,-74,156,-49,-46,132,-48,-28,111,-21,-84,162,-28,-73,146,-23,-45,128,-22,-27
288,832,0,25,-71,16,80,-112,8,133,-111,-2,174,-99,-14,92,-154,-37,176,-155,-56,222,-151,-63,257,-150,-68,100,-116,-55,179,-103,-71,163,-83,-60,139,-81,-52,106,-69,-68,173,-63,-73,152,-50,-44,129,-49,-27,110,-24,-81,158,-30,-70,142,-24,-42,123,-24,-24
288,837,0,25,-74,18,79,-118,12,131,-118,2,171,-103,-9,95,-160,-32,181,-164,-51,228,-162,-58,264,-163,-63,103,-122,-51,185,-111,-67,168,-92,-57,145,-88,-49,110,-74,-65,179,-69,-69,157,-55,-42,133,-54,-25,114,-28,-78,163,-35,-67,146,-27,-39,127,-26,-21
317,851,0,2,-68,12,32,-123,3,73,-152,-9,107,-169,-21,16,-157,-22,68,-208,-35,99,-227,-39,119,-243,-43,35,-137,-40,90,-173,-54,88,-148,-50,72,-132,-46,57,-109,-54,101,-141,-58,94,-116,-34,77,-102,-19,77,-80,-68,105,-109,-57,97,-89,-29,84,-76,-11
318,851,0,2,-67,11,32,-122,2,73,-152,-11,106,-170,-22,16,-158,-21,68,-208,-34,98,-228,-39,118,-244,-43,34,-137,-38,89,-172,-54,88,-147,-51,72,-132,-47,56,-110,-53,101,-141,-58,93,-116,-35,77,-101,-19,76,-80,-67,105,-109,-57,97,-89,-30,84,-75,-12
318,853,0,2,-67,12,32,-123,4,73,-153,-8,106,-170,-19,16,-159,-20,69,-209,-32,100,-230,-37,120,-247,-40,35,-139,-38,90,-174,-53,88,-149,-49,72,-134,-44,56,-112,-52,102,-142,-57,94,-117,-33,78,-103,-18,77,-82,-66,106,-109,-56,97,-90,-29,84,-77,-12
318,853,0,3,-66,13,33,-122,5,74,-152,-7,106,-170,-18,18,-158,-21,70,-209,-33,101,-229,-37,122,-247,-41,36,-138,-39,92,-172,-53,89,-147,-48,74,-132,-43,57,-111,-53,102,-140,-56,94,-115,-32,78,-101,-17,77,-81,-67,106,-106,-55,97,-86,-28,84,-74,-11
319,856,0,2,-66,12,33,-122,4,74,-152,-8,107,-169,-18,17,-159,-17,69,-209,-29,100,-231,-34,120,-249,-38,35,-139,-34,91,-173,-50,90,-148,-47,74,-133,-43,57,-113,-48,102,-142,-53,94,-116,-31,77,-102,-16,78,-84,-62,105,-108,-52,96,-88,-26,83,-76,-9
322,856,0,2,-67,10,32,-122,1,72,-152,-11,106,-170,-23,16,-158,-20,69,-209,-34,99,-231,-39,120,-250,-43,35,-137,-37,90,-173,-54,89,-150,-51,74,-135,-47,57,-111,-51,101,-141,-57,93,-116,-34,77,-103,-19,77,-82,-65,104,-108,-55,95,-88,-29,83,-76,-11
322,855,0,3,-65,12,33,-120,3,74,-151,-9,107,-169,-20,17,-157,-20,70,-208,-33,100,-230,-37,121,-250,-41,35,-137,-37,91,-171,-52,90,-146,-48,75,-131,-44,57,-111,-51,101,-138,-55,94,-113,-31,77,-100,-16,77,-82,-65,104,-105,-54,96,-85,-27,83,-73,-9
321,857,0,3,-65,10,34,-120,1,75,-150,-11,108,-169,-22,18,-158,-19,70,-208,-32,101,-230,-38,122,-250,-42,37,-138,-35,93,-170,-52,91,-146,-49,75,-131,-45,58,-111,-49,102,-138,-54,94,-112,-31,78,-99,-16,78,-81,-63,104,-103,-53,95,-84,-27,83,-72,-10
320,862,0,4,-65,10,35,-120,2,76,-150,-10,109,-168,-21,19,-159,-16,71,-208,-29,101,-230,-34,121,-249,-38,37,-139,-33,93,-171,-49,92,-146,-47,76,-132,-44,58,-112,-47,102,-139,-52,95,-114,-30,79,-101,-16,77,-83,-62,104,-105,-52,96,-86,-26,83,-74,-9
321,863,0,3,-66,11,34,-121,2,75,-150,-11,108,-169,-22,19,-159,-18,71,-210,-31,101,-231,-36,121,-251,-40,37,-138,-35,93,-173,-51,92,-149,-49,77,-135,-45,58,-111,-49,103,-140,-55,95,-115,-32,79,-102,-17,78,-82,-64,105,-106,-53,96,-87,-28,83,-74,-10
321,863,0,4,-66,11,35,-120,2,76,-150,-10,108,-168,-22,19,-158,-19,71,-208,-32,101,-230,-37,122,-249,-41,37,-137,-36,93,-171,-52,92,-146,-50,76,-132,-46,59,-110,-51,102,-138,-55,94,-114,-32,78,-101,-17,78,-81,-65,104,-104,-54,95,-85,-28,82,-73,-11
321,864,0,3,-66,11,34,-121,2,75,-151,-11,108,-168,-22,19,-158,-18,71,-209,-31,101,-231,-37,122,-249,-41,38,-138,-35,94,-172,-51,93,-148,-48,78,-134,-44,59,-111,-49,103,-139,-54,95,-115,-31,79,-101,-16,79,-82,-63,105,-105,-52,96,-86,-26,84,-74,-9
320,865,0,4,-66,11,35,-120,2,76,-149,-10,109,-168,-21,21,-159,-17,72,-209,-29,102,-230,-35,122,-250,-39,38,-138,-34,94,-171,-50,94,-147,-48,79,-133,-44,59,-111,-48,104,-139,-53,96,-113,-31,79,-101,-16,79,-81,-63,105,-104,-52,96,-85,-27,84,-73,-10
321,867,0,4,-66,11,35,-120,2,76,-150,-10,109,-168,-21,20,-159,-17,73,-210,-30,103,-232,-36,124,-252,-40,38,-139,-34,94,-173,-51,93,-148,-48,78,-133,-44,60,-113,-49,104,-140,-54,96,-115,-31,80,-102,-16,80,-83,-63,106,-106,-52,97,-86,-26,84,-74,-9
321,865,0,4,-67,11,35,-121,1,76,-150,-11,110,-167,-23,20,-159,-18,74,-209,-32,104,-231,-37,125,-251,-42,38,-138,-35,96,-172,-52,95,-148,-50,80,-133,-46,60,-111,-50,105,-138,-56,97,-113,-33,81,-100,-18,80,-82,-64,106,-105,-54,97,-85,-28,85,-73,-11
320,868,0,4,-67,12,36,-121,3,77,-149,-9,110,-167,-20,21,-160,-16,74,-210,-29,105,-232,-34,125,-253,-38,40,-139,-34,96,-173,-50,95,-148,-48,79,-133,-44,62,-113,-49,105,-140,-54,97,-115,-31,81,-101,-16,81,-83,-64,107,-106,-53,98,-86,-27,85,-74,-9
321,868,0,4,-66,11,36,-120,2,77,-149,-10,110,-167,-21,21,-158,-17,73,-208,-30,103,-230,-35,124,-251,-39,39,-138,-34,95,-173,-50,95,-149,-48,82,-134,-44,61,-111,-48,105,-139,-53,97,-115,-31,81,-101,-16,81,-82,-62,106,-106,-52,97,-87,-26,84,-74,-9
321,869,0,5,-66,11,37,-120,3,78,-149,-9,111,-166,-20,22,-158,-16,74,-208,-29,105,-231,-34,125,-252,-38,40,-139,-33,96,-173,-49,96,-149,-47,82,-134,-43,61,-112,-48,105,-140,-53,97,-115,-31,81,-102,-16,81,-83,-63,106,-107,-52,97,-87,-27,85,-76,-10
321,868,0,6,-65,9,38,-118,-1,80,-147,-14,113,-165,-25,22,-155,-21,75,-205,-35,105,-227,-41,126,-247,-46,40,-135,-38,96,-169,-56,96,-144,-54,81,-130,-50,61,-108,-52,105,-135,-58,96,-110,-35,81,-97,-20,81,-79,-66,105,-101,-56,96,-81,-30,84,-69,-12
322,869,0,6,-66,11,39,-119,2,81,-147,-9,115,-164,-20,24,-159,-18,78,-207,-31,109,-230,-36,130,-251,-41,42,-138,-35,99,-172,-50,99,-149,-47,85,-135,-43,64,-110,-48,107,-138,-53,99,-113,-31,83,-100,-16,84,-80,-62,108,-103,-51,99,-83,-26,87,-71,-9
283,672,0,48,-37,10,108,-26,-5,156,19,-21,190,60,-37,136,-64,-53,199,7,-76,233,46,-88,259,74,-97,124,-35,-69,178,46,-87,159,48,-78,142,29,-74,107,3,-81,157,71,-88,137,64,-61,120,44,-46,88,41,-93,129,88,-83,115,81,-57,99,62,-41
282,669,0,48,-37,9,108,-26,-6,156,20,-21,190,61,-37,137,-63,-52,201,8,-75,234,48,-88,260,74,-96,124,-34,-68,180,47,-84,165,53,-76,151,35,-74,107,6,-80,160,72,-84,140,67,-59,122,46,-46,89,44,-91,131,90,-82,116,83,-56,100,66,-41
280,675,0,48,-39,8,109,-30,-7,158,15,-23,192,54,-39,138,-67,-50,203,3,-73,237,41,-86,264,68,-94,126,-37,-66,183,44,-84,165,49,-77,149,31,-73,109,3,-78,162,69,-85,141,63,-59,122,44,-45,90,42,-90,133,87,-81,117,80,-56,101,62,-40
279,688,0,46,-42,8,109,-37,-6,160,3,-21,196,38,-36,136,-75,-48,203,-9,-71,238,27,-83,266,53,-90,124,-44,-64,186,34,-84,169,41,-76,151,25,-72,108,-2,-77,164,61,-85,143,57,-59,125,38,-44,91,38,-89,136,81,-81,120,75,-55,103,58,-39
234,843,0,31,-70,20,85,-109,15,137,-108,6,175,-96,-3,96,-148,-27,178,-149,-41,219,-144,-45,250,-144,-48,103,-111,-46,181,-101,-58,166,-84,-47,144,-83,-40,109,-65,-61,174,-63,-60,156,-50,-33,134,-49,-17,111,-21,-74,158,-30,-59,143,-22,-30,124,-21,-11
234,843,0,32,-73,18,87,-114,14,136,-112,5,174,-98,-4,99,-153,-27,184,-154,-41,227,-149,-47,261,-148,-50,106,-114,-45,187,-104,-58,173,-87,-49,151,-86,-42,113,-66,-59,180,-64,-60,161,-51,-34,138,-51,-18,115,-20,-73,164,-29,-59,148,-22,-31,128,-21,-12
234,843,0,31,-73,19,86,-113,14,137,-110,5,176,-95,-5,99,-152,-28,184,-152,-42,227,-147,-47,261,-147,-50,107,-113,-46,187,-103,-59,172,-85,-49,150,-84,-42,113,-66,-60,180,-62,-61,160,-50,-34,137,-50,-18,114,-19,-73,163,-27,-59,147,-22,-31,127,-20,-12
234,842,0,31,-73,19,87,-112,14,138,-110,5,176,-94,-4,100,-152,-28,184,-152,-42,227,-145,-47,260,-144,-50,107,-111,-47,186,-99,-59,171,-83,-49,148,-81,-42,112,-64,-61,179,-60,-61,160,-48,-34,137,-48,-18,114,-18,-74,163,-27,-59,148,-20,-31,128,-19,-12
234,843,0,32,-74,19,87,-114,14,138,-110,5,176,-94,-4,100,-153,-28,186,-153,-43,229,-146,-47,263,-146,-50,107,-112,-47,188,-101,-59,173,-84,-50,150,-83,-42,113,-65,-61,181,-62,-61,162,-49,-35,139,-49,-19,115,-18,-74,165,-27,-60,149,-20,-31,129,-19,-12
234,844,0,31,-74,20,87,-114,15,138,-110,6,176,-95,-3,101,-154,-27,186,-154,-42,231,-148,-47,264,-148,-50,108,-114,-46,188,-103,-59,173,-86,-49,151,-84,-42,114,-66,-61,182,-63,-61,163,-51,-35,140,-50,-19,116,-19,-74,166,-28,-60,151,-22,-31,131,-21,-13
234,845,0,31,-74,22,86,-115,18,137,-112,9,175,-97,0,101,-155,-27,186,-155,-41,230,-149,-46,264,-148,-49,107,-115,-47,189,-103,-59,173,-86,-48,150,-84,-41,113,-67,-62,183,-63,-62,163,-50,-35,140,-50,-19,115,-20,-76,166,-28,-62,150,-22,-33,130,-21,-14
233,846,0,32,-75,21,87,-116,17,136,-113,8,174,-97,-1,101,-155,-27,187,-154,-42,231,-147,-47,264,-144,-51,108,-115,-47,189,-103,-59,174,-87,-49,151,-86,-41,114,-67,-62,184,-64,-62,164,-53,-35,141,-52,-19,116,-20,-76,167,-30,-62,151,-24,-33,132,-24,-14
232,844,0,31,-73,21,87,-112,16,138,-108,6,176,-94,-4,100,-153,-30,186,-151,-46,229,-142,-52,263,-139,-56,106,-114,-50,187,-99,-64,171,-82,-53,147,-82,-45,111,-66,-66,182,-61,-67,161,-48,-39,137,-49,-22,112,-19,-80,165,-25,-66,149,-20,-37,129,-20,-17
228,841,0,30,-67,20,85,-104,12,139,-101,0,179,-88,-13,95,-148,-38,179,-144,-56,220,-136,-63,252,-132,-68,98,-112,-59,179,-93,-74,165,-76,-63,145,-77,-55,100,-67,-75,171,-56,-78,151,-44,-49,129,-45,-32,102,-22,-90,156,-23,-76,140,-16,-45,121,-17,-26
227,839,0,30,-69,20,85,-108,12,138,-105,0,178,-90,-13,99,-153,-38,185,-149,-56,227,-140,-63,259,-136,-67,101,-115,-59,186,-96,-72,174,-78,-60,156,-78,-53,104,-69,-75,176,-57,-77,158,-45,-48,136,-47,-32,104,-23,-90,159,-24,-76,144,-16,-45,124,-17,-26
226,837,0,31,-71,21,85,-111,14,138,-109,2,177,-92,-11,100,-155,-39,187,-151,-56,231,-142,-62,263,-137,-66,103,-116,-60,190,-98,-73,178,-79,-60,159,-78,-52,105,-70,-75,180,-58,-77,162,-46,-48,140,-48,-32,106,-23,-90,162,-24,-75,147,-17,-44,126,-18,-25
225,832,0,31,-70,20,86,-106,11,140,-101,-2,181,-85,-15,99,-151,-41,185,-146,-59,228,-137,-64,260,-132,-67,101,-114,-62,186,-94,-75,173,-77,-62,153,-77,-54,103,-67,-77,177,-56,-79,159,-44,-50,136,-47,-33,104,-21,-92,160,-23,-78,145,-17,-47,125,-19,-28
238,644,0,33,-77,23,92,-112,17,147,-98,4,188,-69,-9,113,-170,-17,199,-154,-31,243,-143,-40,277,-136,-46,116,-137,-39,207,-99,-44,231,-69,-40,244,-56,-42,118,-91,-56,192,-56,-52,177,-38,-33,158,-35,-25,118,-40,-73,172,-20,-59,157,-9,-36,138,-8,-22
237,642,0,33,-74,20,92,-109,14,147,-96,1,188,-68,-11,111,-165,-19,195,-149,-33,238,-139,-41,271,-131,-47,115,-132,-39,203,-95,-44,223,-67,-40,235,-54,-41,116,-87,-56,189,-53,-52,176,-35,-33,157,-33,-25,116,-38,-73,169,-19,-58,155,-8,-36,137,-8,-22
238,643,0,33,-75,21,92,-109,15,147,-95,2,189,-66,-11,111,-167,-19,195,-151,-33,238,-140,-41,272,-132,-47,114,-134,-40,202,-96,-44,226,-69,-41,239,-56,-43,115,-89,-57,188,-54,-52,175,-36,-34,156,-34,-26,115,-40,-73,168,-19,-59,154,-8,-36,136,-8,-23
237,643,0,34,-75,20,92,-109,13,147,-97,1,188,-67,-12,112,-166,-18,196,-151,-32,239,-141,-40,272,-133,-45,115,-134,-39,203,-98,-44,224,-69,-40,236,-56,-41,116,-89,-56,189,-54,-51,176,-36,-33,157,-34,-25,116,-40,-72,169,-20,-58,155,-8,-36,137,-8,-23
237,643,0,33,-76,20,92,-110,14,147,-96,2,188,-67,-11,113,-168,-18,198,-152,-31,241,-141,-39,274,-134,-45,117,-134,-38,205,-98,-42,226,-71,-38,239,-59,-40,117,-88,-55,190,-54,-50,177,-38,-32,158,-37,-25,117,-38,-71,170,-20,-57,156,-9,-35,137,-10,-22
236,642,0,34,-74,20,93,-108,13,148,-93,0,189,-64,-13,112,-165,-20,197,-149,-34,240,-138,-42,273,-131,-48,115,-132,-40,203,-97,-46,221,-69,-42,228,-57,-43,116,-86,-57,191,-52,-53,179,-35,-35,161,-32,-27,116,-37,-74,169,-18,-59,156,-7,-37,137,-7,-25
235,644,0,34,-75,21,93,-109,14,147,-94,2,189,-66,-10,112,-165,-19,196,-150,-32,240,-140,-40,273,-132,-46,115,-133,-39,203,-97,-44,226,-69,-40,238,-57,-42,117,-87,-56,190,-54,-51,179,-37,-33,162,-35,-26,116,-38,-72,169,-19,-58,155,-9,-36,137,-10,-24
236,645,0,34,-75,21,92,-108,14,147,-93,2,189,-64,-11,111,-165,-19,195,-150,-33,238,-140,-41,272,-132,-47,115,-132,-39,202,-96,-44,224,-69,-40,236,-58,-42,116,-86,-56,189,-54,-52,174,-37,-33,154,-36,-24,116,-37,-73,169,-19,-58,154,-8,-35,136,-8,-21
234,644,0,34,-74,20,93,-106,13,149,-90,0,190,-60,-13,112,-164,-18,196,-149,-32,239,-138,-40,273,-131,-46,115,-130,-38,202,-95,-42,228,-69,-39,243,-59,-42,117,-85,-54,188,-53,-50,176,-37,-32,157,-35,-25,116,-36,-70,168,-18,-56,156,-8,-34,138,-8,-21
235,645,0,34,-72,19,93,-103,11,149,-88,-2,190,-61,-15,109,-160,-21,191,-146,-35,233,-136,-43,266,-129,-49,111,-128,-41,196,-92,-46,219,-67,-42,230,-56,-44,113,-83,-57,183,-50,-53,169,-34,-33,149,-33,-25,113,-36,-73,163,-17,-59,150,-7,-36,132,-7,-22
235,646,0,33,-75,20,93,-106,13,148,-91,0,190,-62,-13,110,-165,-19,194,-150,-33,237,-139,-42,270,-132,-48,113,-132,-39,200,-96,-45,225,-70,-41,240,-58,-44,114,-87,-56,186,-53,-52,172,-36,-34,152,-34,-26,114,-38,-73,167,-19,-59,153,-8,-36,135,-8,-23
234,648,0,33,-76,21,91,-109,14,147,-94,2,189,-65,-10,111,-168,-18,196,-153,-31,239,-142,-39,273,-135,-45,114,-134,-38,202,-99,-42,226,-72,-39,240,-62,-41,115,-88,-54,189,-56,-49,177,-39,-31,160,-37,-24,116,-39,-71,170,-21,-56,157,-10,-33,139,-10,-20
233,650,0,34,-77,22,92,-109,16,148,-93,5,189,-65,-8,111,-169,-15,197,-154,-28,240,-144,-36,274,-137,-41,115,-135,-36,202,-99,-38,226,-74,-34,239,-64,-37,116,-90,-53,190,-57,-46,180,-40,-28,162,-37,-21,117,-40,-69,170,-22,-53,158,-11,-30,141,-10,-17
232,652,0,33,-76,21,91,-108,15,148,-92,3,189,-64,-9,111,-168,-17,195,-153,-30,239,-144,-38,271,-137,-43,114,-134,-37,201,-101,-40,225,-75,-36,239,-65,-39,116,-89,-54,190,-58,-48,180,-41,-30,164,-38,-23,116,-40,-70,169,-23,-54,157,-12,-32,140,-12,-19
232,652,0,34,-73,19,93,-103,12,149,-86,-1,191,-59,-14,110,-163,-17,192,-150,-29,235,-141,-37,266,-135,-43,113,-132,-36,198,-98,-40,220,-73,-36,232,-64,-39,115,-86,-53,185,-55,-48,172,-39,-30,153,-37,-23,115,-39,-69,165,-22,-54,151,-11,-33,133,-10,-20
233,653,0,34,-70,18,93,-99,11,149,-84,-2,191,-60,-15,108,-160,-19,188,-146,-32,229,-137,-40,261,-132,-46,111,-128,-39,193,-95,-43,212,-70,-38,220,-62,-40,112,-85,-55,180,-53,-50,165,-37,-31,145,-37,-23,113,-39,-71,161,-20,-56,146,-9,-33,127,-9,-20
243,664,0,30,-73,21,88,-106,15,143,-99,3,184,-78,-9,102,-161,-21,183,-153,-34,226,-146,-40,260,-143,-44,107,-128,-41,191,-100,-45,204,-75,-38,207,-70,-37,112,-84,-57,178,-58,-53,160,-42,-31,138,-44,-20,115,-38,-72,162,-26,-57,145,-16,-31,125,-16,-16
279,735,0,28,-65,12,82,-101,3,136,-103,-8,177,-93,-19,85,-140,-31,162,-146,-48,204,-145,-53,236,-148,-57,91,-104,-48,164,-95,-65,151,-77,-57,131,-77,-50,97,-62,-62,159,-59,-68,141,-46,-41,120,-45,-24,102,-18,-75,149,-28,-64,133,-19,-36,115,-17,-17
296,714,0,26,-74,23,75,-118,18,127,-121,7,168,-109,-4,84,-167,-22,166,-183,-37,212,-187,-42,247,-195,-46,94,-133,-44,177,-131,-62,161,-107,-55,135,-104,-47,105,-88,-62,175,-89,-67,155,-69,-42,130,-65,-24,112,-41,-78,161,-53,-67,144,-39,-38,125,-35,-19
350,702,0,38,-55,13,100,-72,3,157,-48,-11,198,-23,-26,114,-120,-33,194,-94,-49,236,-74,-56,269,-63,-61,113,-86,-51,187,-35,-68,164,-21,-59,140,-32,-53,111,-42,-67,171,0,-71,147,7,-45,124,-3,-29,106,2,-82,151,24,-70,132,31,-44,114,24,-28
350,699,0,38,-55,13,100,-70,3,157,-46,-10,198,-21,-24,115,-119,-34,195,-92,-49,236,-72,-55,269,-61,-59,114,-84,-51,188,-34,-67,166,-20,-57,142,-30,-50,111,-39,-66,172,1,-69,147,9,-42,125,-1,-27,106,4,-80,151,27,-68,132,33,-42,114,27,-26
351,696,0,38,-56,13,100,-70,3,157,-47,-10,198,-23,-24,114,-119,-35,195,-91,-51,237,-70,-57,271,-57,-61,114,-84,-53,187,-34,-69,164,-21,-60,140,-32,-53,111,-38,-67,171,1,-70,146,9,-44,123,-3,-28,105,6,-80,150,27,-69,131,32,-42,113,26,-26
351,693,0,38,-54,12,100,-68,1,157,-44,-13,198,-21,-27,114,-118,-36,194,-89,-52,235,-68,-58,268,-56,-62,113,-82,-53,185,-33,-70,163,-19,-61,138,-29,-54,109,-38,-67,169,2,-72,144,9,-45,122,-1,-29,103,6,-81,148,27,-70,128,32,-43,111,26,-27
350,689,0,38,-55,12,100,-68,2,157,-45,-11,198,-21,-25,115,-117,-35,195,-88,-51,235,-67,-56,268,-55,-60,113,-82,-53,186,-32,-69,164,-19,-59,140,-29,-52,109,-37,-67,170,2,-71,146,9,-44,123,-1,-28,102,6,-81,148,26,-69,130,31,-42,112,25,-26
290,435,0,42,-47,12,106,-61,0,162,-34,-17,199,-8,-35,123,-136,-23,197,-97,-42,238,-72,-52,271,-54,-61,117,-111,-42,188,-45,-63,163,-28,-61,142,-41,-59,108,-72,-60,168,-8,-72,141,3,-56,121,-12,-46,100,-28,-78,147,21,-75,126,29,-58,107,15,-47
290,431,0,42,-46,13,105,-60,1,160,-32,-16,199,-7,-34,122,-134,-21,196,-96,-40,237,-71,-50,271,-54,-58,116,-109,-41,187,-45,-61,164,-28,-60,143,-42,-58,108,-70,-59,169,-7,-71,142,3,-56,122,-12,-46,100,-25,-77,148,22,-74,127,31,-57,109,17,-46
289,433,0,42,-47,14,105,-63,3,160,-36,-14,199,-11,-31,121,-137,-19,195,-100,-37,237,-76,-47,270,-60,-56,116,-112,-40,185,-48,-58,163,-31,-57,142,-45,-57,108,-73,-58,169,-11,-68,142,0,-53,122,-15,-44,101,-28,-76,149,18,-72,128,27,-56,110,15,-45
292,429,0,44,-44,11,106,-58,-1,161,-31,-18,199,-7,-35,120,-136,-20,195,-100,-38,236,-76,-48,268,-60,-56,114,-113,-39,184,-48,-57,161,-30,-57,141,-44,-57,108,-73,-56,168,-10,-66,141,1,-52,121,-15,-44,102,-29,-72,147,20,-68,127,28,-52,109,14,-42
292,434,0,42,-49,12,105,-63,0,160,-36,-18,199,-10,-35,120,-139,-21,195,-103,-38,236,-79,-48,270,-65,-56,115,-115,-40,185,-50,-58,162,-33,-58,142,-48,-58,109,-76,-57,168,-12,-67,143,-2,-53,122,-18,-45,102,-31,-74,149,17,-70,128,25,-54,110,11,-44
293,438,0,41,-49,13,104,-65,1,160,-39,-16,199,-12,-34,118,-140,-23,194,-105,-40,235,-81,-50,269,-68,-58,114,-115,-43,184,-51,-60,161,-34,-58,141,-48,-58,108,-75,-60,168,-13,-68,142,-3,-53,122,-19,-45,103,-31,-77,149,16,-71,129,24,-55,111,10,-45
294,440,0,41,-49,9,103,-66,-4,160,-38,-21,199,-11,-39,118,-141,-23,195,-106,-42,237,-83,-53,271,-68,-61,113,-116,-41,185,-52,-61,163,-35,-61,142,-49,-61,109,-76,-57,170,-14,-67,144,-3,-53,123,-19,-45,102,-31,-73,149,16,-69,130,24,-53,112,11,-43
295,443,0,40,-50,9,103,-66,-3,159,-41,-20,199,-14,-38,118,-141,-22,194,-106,-40,236,-83,-52,270,-68,-61,114,-116,-40,184,-51,-59,161,-35,-60,141,-50,-61,108,-76,-56,169,-14,-67,143,-4,-54,123,-20,-46,102,-31,-72,149,15,-69,130,23,-54,112,10,-44
295,446,0,41,-48,9,103,-66,-4,159,-41,-21,199,-15,-39,118,-140,-23,193,-106,-41,235,-83,-52,268,-68,-61,114,-115,-41,183,-52,-59,161,-35,-60,141,-48,-60,108,-75,-57,169,-15,-67,143,-4,-53,123,-20,-44,102,-31,-73,149,14,-69,129,23,-52,111,11,-42
294,451,0,40,-50,8,102,-68,-5,159,-43,-22,199,-18,-40,117,-142,-21,192,-107,-40,233,-85,-51,267,-70,-60,113,-117,-39,183,-53,-59,161,-37,-60,140,-50,-60,108,-77,-55,169,-16,-66,143,-6,-53,123,-22,-44,103,-34,-72,149,12,-68,130,21,-53,113,8,-42
294,449,0,40,-51,10,104,-67,-3,160,-41,-21,199,-15,-39,118,-141,-22,194,-106,-40,235,-82,-51,269,-67,-60,114,-115,-41,185,-51,-60,163,-33,-60,142,-48,-60,108,-76,-57,170,-14,-67,145,-3,-53,124,-18,-45,103,-31,-74,150,15,-70,132,25,-53,115,13,-43
294,452,0,40,-51,10,103,-68,-2,160,-44,-19,199,-17,-37,117,-142,-22,193,-106,-40,234,-84,-50,268,-68,-59,113,-117,-40,184,-53,-59,162,-34,-58,141,-48,-58,108,-77,-57,169,-16,-67,144,-4,-52,123,-19,-44,103,-33,-74,149,14,-69,130,23,-52,113,11,-42
294,451,0,40,-51,10,103,-68,-3,159,-42,-20,199,-15,-38,116,-140,-23,191,-105,-41,233,-82,-52,266,-67,-60,113,-114,-41,182,-51,-60,161,-33,-60,140,-45,-59,108,-75,-58,168,-14,-68,143,-3,-53,122,-18,-44,102,-31,-74,148,14,-70,129,24,-53,112,12,-42
295,451,0,40,-51,10,103,-69,-3,159,-43,-20,199,-16,-37,116,-140,-22,191,-105,-40,233,-83,-51,266,-67,-59,113,-115,-41,182,-51,-59,161,-33,-59,139,-46,-59,109,-74,-57,168,-14,-67,143,-3,-52,122,-18,-43,103,-31,-73,149,15,-69,130,23,-52,112,11,-42
295,458,0,40,-54,13,102,-74,1,159,-50,-16,198,-22,-34,117,-143,-22,192,-110,-40,235,-88,-50,268,-73,-58,114,-118,-42,184,-54,-59,163,-35,-58,142,-46,-57,109,-76,-59,170,-17,-67,146,-4,-51,125,-16,-42,103,-32,-76,151,12,-70,134,23,-52,117,13,-41
307,612,0,29,-75,13,86,-117,5,139,-111,-6,178,-90,-17,106,-158,-34,197,-147,-53,245,-138,-62,283,-133,-68,111,-117,-51,202,-94,-70,185,-72,-62,160,-71,-56,115,-66,-64,191,-49,-71,170,-36,-46,144,-37,-29,114,-16,-78,168,-16,-68,151,-7,-42,131,-6,-24
308,610,0,29,-76,12,86,-117,3,140,-110,-7,179,-89,-19,106,-159,-34,196,-149,-54,245,-139,-63,283,-133,-69,110,-115,-51,199,-95,-70,181,-77,-63,156,-76,-57,113,-64,-64,189,-51,-71,167,-39,-46,143,-41,-29,113,-15,-76,167,-18,-67,150,-11,-41,129,-9,-23
307,610,0,28,-75,10,86,-117,1,139,-110,-10,179,-89,-21,104,-158,-34,192,-150,-54,240,-142,-64,277,-137,-71,108,-115,-50,196,-96,-71,178,-78,-66,153,-77,-59,112,-65,-63,187,-53,-72,165,-41,-48,141,-41,-31,112,-16,-76,166,-19,-68,148,-11,-42,128,-8,-24
309,608,0,25,-71,9,83,-111,0,139,-106,-12,179,-88,-25,97,-153,-36,181,-147,-58,228,-138,-69,265,-132,-76,101,-111,-53,186,-94,-76,166,-76,-70,140,-76,-64,105,-63,-67,177,-52,-77,155,-40,-52,131,-40,-35,106,-17,-80,159,-20,-73,141,-10,-46,121,-8,-28
308,608,0,25,-72,10,82,-112,0,138,-107,-12,179,-88,-24,98,-153,-37,183,-146,-59,230,-137,-70,268,-133,-77,102,-111,-54,187,-93,-76,167,-75,-70,142,-76,-63,106,-63,-67,179,-52,-77,157,-40,-52,133,-41,-35,107,-16,-80,161,-20,-73,143,-11,-46,123,-9,-28
308,609,0,25,-72,11,82,-114,2,137,-109,-10,178,-92,-22,98,-155,-37,184,-148,-58,232,-139,-68,269,-135,-75,102,-112,-53,187,-95,-75,169,-77,-69,142,-78,-62,107,-64,-67,180,-54,-77,158,-42,-51,134,-42,-34,107,-16,-80,162,-21,-73,144,-12,-46,125,-10,-27
308,609,0,25,-71,10,83,-112,0,138,-106,-12,179,-89,-24,96,-153,-38,182,-145,-59,229,-137,-69,266,-132,-77,100,-112,-55,185,-94,-77,165,-76,-71,139,-76,-64,105,-62,-68,177,-53,-79,155,-40,-53,131,-40,-35,105,-16,-82,160,-20,-75,142,-11,-47,122,-9,-29
308,609,0,24,-71,10,82,-112,0,137,-108,-12,178,-91,-24,96,-153,-37,181,-145,-58,229,-136,-69,266,-131,-75,100,-112,-54,184,-93,-77,164,-75,-70,138,-77,-63,104,-62,-68,177,-53,-78,155,-40,-52,130,-40,-35,105,-15,-81,160,-20,-74,142,-11,-47,122,-8,-28
307,612,0,25,-70,10,83,-108,-1,139,-103,-13,180,-86,-26,94,-151,-39,178,-143,-61,224,-134,-71,261,-129,-78,98,-111,-56,181,-91,-80,161,-72,-74,135,-74,-67,102,-63,-70,173,-52,-81,151,-38,-54,127,-39,-36,103,-17,-83,157,-19,-76,138,-9,-48,119,-7,-29
305,617,0,26,-69,10,84,-107,-1,139,-102,-13,180,-87,-26,95,-152,-39,179,-144,-61,225,-136,-72,262,-131,-80,98,-112,-56,183,-93,-81,163,-74,-75,137,-76,-69,102,-65,-70,175,-53,-82,152,-39,-55,128,-41,-37,102,-18,-84,157,-20,-77,139,-11,-49,119,-9,-30
338,688,0,37,-53,24,92,-88,17,144,-85,2,185,-75,-13,97,-154,-1,169,-140,-17,209,-130,-26,240,-125,-34,97,-142,-27,174,-99,-44,159,-67,-42,141,-64,-38,98,-114,-51,159,-59,-58,137,-35,-42,115,-40,-32,99,-77,-75,140,-27,-67,120,-8,-51,104,-13,-41
338,687,0,34,-56,21,90,-92,15,143,-90,0,183,-79,-14,99,-157,-2,172,-142,-19,211,-132,-29,244,-126,-35,100,-146,-27,178,-100,-46,162,-67,-44,141,-63,-40,100,-117,-49,162,-59,-59,138,-34,-45,116,-39,-34,101,-80,-72,141,-27,-66,121,-6,-51,104,-11,-41
304,656,0,31,-60,18,89,-96,8,145,-89,-10,185,-75,-28,97,-168,-8,174,-156,-27,216,-145,-39,250,-139,-48,98,-149,-33,177,-105,-55,157,-79,-57,134,-84,-55,101,-114,-56,164,-62,-67,140,-40,-52,119,-48,-41,104,-72,-78,150,-30,-72,130,-10,-52,113,-14,-40
301,662,0,30,-60,16,87,-97,6,143,-92,-11,183,-80,-29,95,-165,-10,170,-154,-29,211,-145,-40,244,-140,-48,97,-147,-33,174,-105,-56,155,-79,-56,132,-85,-54,100,-113,-55,162,-64,-67,139,-43,-51,118,-51,-41,103,-71,-77,148,-33,-70,128,-14,-51,111,-19,-39
305,667,0,28,-65,20,84,-105,10,138,-103,-8,178,-91,-26,94,-170,-12,171,-160,-31,212,-150,-41,246,-146,-49,97,-149,-38,174,-106,-57,154,-81,-55,132,-88,-52,100,-112,-60,163,-66,-68,139,-45,-50,118,-53,-40,103,-70,-83,148,-34,-74,128,-15,-53,111,-21,-40
406,927,0,7,-70,-1,49,-124,-2,92,-149,2,120,-160,6,69,-119,-58,141,-149,-76,181,-164,-79,213,-177,-80,85,-76,-59,149,-122,-76,146,-142,-64,136,-151,-51,97,-42,-56,150,-95,-60,141,-113,-34,128,-116,-14,105,-18,-52,139,-66,-47,131,-83,-26,119,-85,-9
405,927,0,8,-69,0,49,-124,-2,92,-149,1,120,-160,6,69,-119,-56,140,-148,-74,180,-162,-77,211,-175,-78,84,-76,-58,148,-121,-74,146,-140,-62,136,-149,-50,97,-43,-54,150,-94,-58,141,-112,-33,128,-116,-14,106,-19,-51,140,-66,-45,131,-83,-25,120,-85,-8
404,925,0,9,-69,-1,51,-123,-4,94,-148,-3,123,-158,0,69,-119,-57,141,-148,-75,181,-162,-78,212,-175,-78,85,-75,-59,149,-120,-76,146,-138,-66,135,-147,-53,98,-42,-56,151,-94,-61,142,-111,-36,128,-115,-17,106,-18,-53,140,-66,-48,132,-82,-28,120,-85,-11
405,926,0,8,-70,-2,50,-124,-4,93,-149,-1,123,-158,3,69,-119,-58,140,-148,-75,180,-163,-77,211,-176,-76,84,-76,-59,149,-120,-75,147,-140,-63,137,-149,-51,97,-42,-55,150,-94,-59,143,-113,-35,130,-117,-15,106,-18,-51,140,-66,-45,133,-84,-25,122,-87,-8
404,926,0,8,-71,-1,51,-125,-3,95,-149,-2,126,-155,1,68,-120,-57,141,-148,-73,181,-163,-75,212,-175,-74,84,-76,-59,149,-120,-76,148,-139,-65,139,-149,-52,96,-42,-56,151,-94,-61,144,-113,-37,131,-118,-17,105,-18,-52,140,-66,-47,133,-84,-26,123,-88,-9
404,924,0,8,-70,-1,51,-124,-4,95,-149,-3,125,-156,0,69,-120,-57,141,-148,-73,181,-162,-74,212,-174,-72,84,-76,-59,150,-119,-76,148,-138,-64,137,-148,-50,96,-41,-56,150,-92,-61,143,-110,-35,130,-115,-15,104,-16,-53,140,-63,-48,133,-80,-26,122,-84,-9
402,928,0,8,-70,-1,49,-125,-4,92,-150,-2,121,-159,1,68,-119,-54,139,-147,-71,178,-161,-74,209,-175,-74,83,-76,-57,147,-119,-74,147,-138,-65,137,-148,-53,95,-41,-55,149,-93,-61,142,-111,-38,129,-115,-18,104,-17,-53,139,-65,-49,132,-82,-29,121,-85,-12
402,927,0,9,-69,-2,51,-123,-6,95,-147,-6,126,-155,-4,68,-119,-59,140,-147,-76,180,-161,-77,210,-174,-77,82,-76,-61,148,-117,-79,147,-137,-67,137,-146,-54,94,-41,-59,149,-90,-64,142,-109,-38,129,-114,-17,103,-16,-56,139,-62,-50,131,-79,-28,121,-83,-10
401,928,0,8,-68,-2,49,-123,-6,93,-148,-5,123,-158,-3,67,-117,-58,139,-146,-75,178,-160,-76,208,-173,-75,83,-75,-60,147,-118,-77,146,-138,-66,137,-148,-52,95,-41,-57,149,-92,-62,142,-111,-37,129,-115,-16,104,-17,-53,139,-64,-48,132,-82,-27,121,-86,-9
402,929,0,8,-69,-1,50,-124,-5,93,-148,-4,125,-157,-1,67,-120,-58,138,-148,-74,178,-162,-75,209,-175,-74,82,-77,-60,148,-119,-77,147,-138,-65,136,-148,-51,94,-43,-56,149,-93,-61,142,-111,-35,129,-116,-14,103,-19,-53,138,-64,-46,131,-82,-23,120,-85,-5
400,925,0,9,-69,0,50,-123,-4,94,-147,-5,125,-156,-4,67,-120,-55,139,-148,-73,179,-163,-75,209,-175,-74,82,-78,-59,148,-118,-78,146,-135,-67,134,-143,-54,95,-43,-58,149,-90,-64,141,-105,-38,127,-108,-18,103,-17,-57,140,-61,-51,132,-76,-29,120,-77,-10
400,927,0,8,-69,0,49,-125,-3,92,-150,-2,123,-158,0,66,-121,-56,138,-149,-72,177,-164,-73,207,-177,-72,82,-79,-59,147,-120,-75,145,-137,-64,134,-144,-50,94,-44,-57,148,-92,-61,140,-108,-35,127,-111,-15,102,-19,-55,138,-63,-48,130,-77,-25,119,-79,-7
397,926,0,8,-70,2,48,-125,0,91,-151,1,120,-160,3,67,-124,-53,140,-152,-69,179,-166,-70,208,-179,-70,84,-81,-57,149,-121,-73,146,-138,-61,135,-146,-49,96,-46,-56,150,-93,-60,142,-108,-34,128,-111,-14,105,-20,-55,142,-64,-48,133,-78,-25,121,-79,-7
397,924,0,9,-72,-1,51,-127,-4,97,-149,-4,128,-153,-3,68,-125,-52,140,-153,-67,179,-168,-69,209,-181,-68,84,-81,-56,150,-122,-72,148,-139,-63,137,-147,-51,97,-46,-55,151,-94,-60,143,-110,-36,129,-113,-17,106,-20,-54,142,-65,-48,135,-80,-26,123,-82,-9
397,917,0,8,-71,2,49,-127,0,92,-151,2,123,-158,6,66,-126,-54,139,-154,-70,178,-170,-72,209,-183,-71,83,-82,-57,152,-126,-74,148,-142,-62,136,-147,-48,98,-47,-55,153,-98,-58,146,-114,-32,132,-117,-12,108,-21,-52,145,-67,-44,137,-83,-21,126,-86,-3
398,914,0,8,-71,3,50,-127,1,93,-150,3,124,-157,6,65,-127,-54,140,-155,-69,180,-171,-68,211,-184,-65,82,-82,-57,151,-125,-71,150,-142,-58,139,-148,-44,96,-46,-55,153,-96,-56,146,-114,-30,133,-117,-10,106,-20,-52,144,-65,-42,137,-82,-19,126,-86,-1
397,913,0,9,-73,2,50,-129,0,93,-152,3,122,-158,7,66,-127,-53,140,-156,-69,179,-172,-70,209,-185,-69,83,-82,-56,152,-126,-72,151,-144,-60,139,-149,-47,98,-46,-53,154,-98,-55,148,-117,-30,136,-122,-11,108,-20,-51,145,-67,-41,139,-85,-19,129,-90,0
397,908,0,9,-74,3,53,-129,0,98,-150,1,129,-153,4,66,-129,-52,141,-157,-67,180,-174,-67,210,-187,-65,83,-83,-56,155,-126,-74,154,-143,-63,141,-147,-48,97,-46,-54,156,-97,-57,152,-116,-33,139,-120,-13,108,-18,-52,147,-64,-42,142,-84,-20,132,-90,-2
395,906,0,10,-72,5,52,-126,3,95,-149,3,125,-156,6,65,-130,-52,139,-157,-68,179,-173,-69,208,-186,-68,82,-85,-56,154,-125,-72,154,-141,-60,143,-146,-46,95,-47,-56,155,-94,-56,151,-113,-31,139,-119,-10,104,-18,-55,145,-59,-43,141,-78,-19,131,-84,0
390,904,0,10,-73,6,55,-127,3,101,-145,2,134,-149,3,67,-134,-50,142,-162,-65,182,-178,-66,211,-191,-64,84,-89,-56,159,-132,-73,157,-147,-60,145,-150,-45,98,-51,-57,160,-99,-58,154,-116,-31,139,-119,-9,108,-20,-57,152,-59,-45,147,-77,-22,136,-83,-3
390,907,0,9,-73,6,53,-127,4,98,-148,4,130,-152,7,66,-134,-52,141,-163,-69,180,-179,-70,210,-192,-69,83,-90,-58,159,-134,-76,155,-147,-63,140,-148,-45,98,-52,-58,160,-100,-59,152,-116,-30,137,-118,-6,107,-22,-58,151,-60,-45,145,-78,-20,133,-84,0
389,904,0,11,-75,7,55,-128,3,102,-147,3,135,-148,4,68,-136,-52,145,-166,-68,185,-181,-68,216,-195,-66,85,-91,-58,162,-134,-75,161,-150,-60,148,-152,-44,100,-52,-58,163,-100,-58,157,-118,-29,143,-123,-7,109,-20,-58,154,-59,-45,149,-79,-19,139,-87,0
389,903,0,10,-74,8,54,-128,5,100,-147,5,134,-149,6,68,-135,-55,145,-165,-71,185,-182,-70,215,-195,-68,85,-91,-60,162,-136,-76,159,-150,-60,147,-151,-43,100,-52,-60,163,-101,-59,156,-119,-28,142,-122,-4,109,-21,-59,153,-60,-45,149,-79,-18,138,-86,2
390,904,0,10,-75,9,55,-129,6,103,-147,5,136,-147,6,66,-137,-55,144,-167,-72,184,-184,-72,215,-197,-71,84,-92,-62,162,-137,-80,158,-149,-64,143,-149,-47,99,-52,-63,163,-101,-62,155,-117,-31,140,-119,-8,109,-20,-62,153,-59,-48,147,-77,-21,136,-82,-1
388,904,0,10,-75,10,54,-130,7,101,-147,7,135,-147,8,67,-138,-57,145,-171,-72,186,-188,-73,216,-202,-71,86,-94,-63,162,-139,-74,161,-154,-56,151,-157,-39,101,-55,-62,163,-104,-57,158,-122,-24,145,-127,-2,110,-23,-61,156,-60,-45,152,-79,-18,141,-86,2
388,906,0,9,-75,11,53,-129,9,99,-148,10,133,-149,13,66,-137,-56,143,-170,-73,183,-188,-74,213,-202,-72,85,-94,-62,161,-141,-75,158,-155,-57,147,-157,-39,100,-56,-62,162,-105,-56,156,-124,-23,143,-128,1,109,-25,-60,154,-61,-43,150,-80,-16,140,-87,5
387,906,0,9,-75,8,52,-130,5,100,-148,5,134,-149,6,67,-137,-56,144,-172,-73,183,-190,-74,215,-204,-72,85,-94,-61,161,-142,-75,159,-157,-57,149,-159,-40,101,-57,-61,163,-108,-57,157,-127,-25,144,-131,-2,110,-27,-60,155,-65,-45,151,-84,-19,142,-91,2
387,903,0,10,-75,8,53,-128,5,100,-146,5,133,-150,7,67,-135,-60,144,-170,-77,183,-187,-78,214,-201,-76,86,-92,-64,160,-140,-78,156,-154,-59,144,-155,-40,100,-54,-63,161,-105,-59,155,-123,-24,142,-126,1,109,-24,-61,153,-63,-45,149,-83,-18,141,-90,4
392,904,0,9,-76,10,53,-130,7,101,-148,8,135,-148,9,65,-138,-61,143,-173,-78,183,-191,-79,215,-205,-78,84,-95,-66,160,-143,-79,154,-155,-59,142,-154,-40,100,-57,-65,161,-107,-59,153,-122,-24,138,-123,0,109,-26,-63,153,-64,-45,147,-80,-17,136,-85,4
390,904,0,8,-76,10,52,-130,8,98,-148,9,133,-149,11,67,-140,-57,145,-176,-75,185,-194,-78,217,-208,-77,86,-98,-62,160,-146,-72,157,-159,-53,148,-161,-35,102,-60,-60,162,-111,-53,155,-128,-19,142,-130,5,111,-29,-59,154,-69,-40,148,-87,-12,138,-92,9
395,898,0,7,-75,8,51,-129,5,99,-147,6,134,-148,7,65,-139,-58,141,-174,-77,180,-192,-80,212,-206,-80,84,-97,-62,157,-147,-76,148,-155,-58,134,-151,-40,100,-60,-61,159,-111,-57,146,-122,-22,131,-118,2,109,-29,-60,151,-68,-43,142,-82,-14,130,-83,7
395,899,0,7,-76,9,51,-129,7,98,-148,9,133,-149,11,65,-140,-58,142,-175,-76,180,-193,-79,212,-207,-80,85,-97,-62,157,-148,-74,148,-158,-53,135,-155,-35,100,-61,-61,159,-113,-55,146,-125,-19,131,-123,6,109,-30,-59,151,-70,-40,143,-85,-11,131,-87,11
397,901,0,7,-76,7,51,-131,4,97,-149,4,131,-151,5,65,-138,-58,141,-174,-76,180,-192,-78,211,-207,-77,86,-96,-62,156,-148,-77,146,-157,-58,132,-154,-40,102,-59,-60,159,-115,-56,145,-126,-23,129,-123,2,112,-30,-57,150,-75,-42,141,-91,-15,130,-93,6
400,901,0,7,-77,6,52,-133,3,100,-149,2,134,-148,3,66,-138,-54,143,-175,-71,182,-193,-73,214,-207,-72,87,-95,-58,159,-147,-75,149,-157,-59,134,-153,-42,103,-58,-57,160,-115,-57,147,-126,-27,132,-122,-4,114,-29,-56,150,-75,-44,141,-90,-19,130,-91,0
365,744,0,25,-73,19,78,-114,9,133,-111,-6,176,-94,-20,85,-171,-29,167,-173,-44,210,-171,-50,244,-174,-56,94,-140,-51,177,-119,-65,163,-93,-57,139,-89,-51,102,-96,-68,169,-77,-66,149,-55,-40,125,-55,-25,108,-51,-85,152,-36,-67,136,-22,-40,119,-21,-23
365,743,0,25,-71,20,77,-112,10,133,-109,-4,176,-94,-19,83,-168,-29,165,-171,-44,209,-169,-50,242,-171,-56,93,-138,-51,175,-116,-65,160,-90,-56,137,-87,-50,102,-96,-69,166,-74,-66,145,-54,-39,122,-53,-25,108,-51,-86,149,-35,-67,134,-21,-39,116,-21,-23
364,743,0,26,-72,21,78,-113,12,133,-111,-1,175,-96,-16,85,-169,-29,167,-172,-43,210,-169,-49,243,-172,-54,94,-139,-51,177,-116,-63,162,-89,-54,139,-87,-47,103,-96,-68,168,-74,-64,148,-53,-37,124,-53,-23,108,-51,-85,149,-35,-65,134,-20,-37,117,-21,-21
364,741,0,26,-72,22,78,-113,13,134,-110,-1,176,-94,-15,85,-168,-29,168,-171,-43,211,-168,-48,244,-170,-54,95,-138,-51,177,-115,-63,162,-88,-53,139,-85,-47,103,-96,-68,168,-74,-64,148,-52,-37,124,-52,-23,109,-50,-85,150,-34,-65,134,-19,-37,116,-20,-20
364,740,0,26,-70,20,79,-111,11,135,-108,-3,177,-92,-17,85,-168,-30,167,-169,-44,210,-167,-49,244,-169,-54,94,-138,-51,177,-115,-64,162,-88,-54,139,-85,-48,103,-95,-69,168,-73,-65,147,-52,-38,123,-53,-23,108,-50,-85,149,-33,-66,133,-19,-38,115,-20,-22
365,740,0,26,-71,22,79,-113,13,134,-109,-1,177,-92,-16,86,-169,-29,168,-171,-43,211,-168,-48,245,-169,-53,95,-139,-51,177,-114,-64,162,-88,-54,138,-86,-47,103,-96,-69,168,-73,-65,148,-52,-37,124,-52,-23,109,-51,-86,150,-34,-66,134,-19,-38,116,-20,-21
365,738,0,26,-71,20,79,-112,10,134,-109,-4,177,-93,-19,86,-168,-29,167,-169,-44,211,-166,-50,244,-168,-56,95,-138,-51,176,-113,-65,161,-87,-56,137,-86,-50,103,-96,-68,167,-72,-66,147,-52,-39,123,-52,-25,109,-50,-85,150,-33,-66,134,-19,-39,117,-20,-23
365,736,0,26,-71,19,79,-112,9,134,-109,-5,177,-93,-20,86,-167,-31,168,-168,-46,211,-165,-51,243,-166,-56,95,-137,-53,177,-112,-67,161,-85,-56,137,-84,-49,103,-94,-70,167,-69,-67,146,-50,-40,122,-51,-25,109,-49,-86,149,-31,-68,133,-17,-40,115,-19,-24
365,735,0,26,-70,20,79,-111,10,134,-110,-4,176,-95,-19,85,-166,-31,166,-167,-46,209,-163,-51,241,-164,-56,94,-137,-53,175,-110,-66,160,-84,-56,136,-82,-49,102,-94,-70,165,-69,-67,145,-49,-40,122,-51,-25,107,-49,-87,147,-31,-68,131,-16,-40,114,-18,-24
364,734,0,26,-69,19,78,-110,8,134,-108,-6,176,-95,-21,85,-165,-32,165,-165,-47,207,-162,-52,240,-162,-57,93,-135,-54,174,-109,-67,158,-82,-57,135,-81,-49,101,-93,-71,164,-67,-68,143,-48,-41,120,-50,-26,106,-49,-87,145,-30,-69,129,-16,-42,112,-17,-26
363,733,0,26,-69,20,78,-110,10,133,-109,-4,176,-95,-19,85,-164,-32,165,-165,-46,207,-161,-51,239,-162,-55,93,-135,-54,175,-109,-66,160,-83,-54,137,-81,-46,101,-93,-71,164,-68,-66,144,-49,-38,121,-51,-24,106,-49,-87,145,-31,-67,129,-17,-39,112,-19,-23
360,734,0,26,-71,21,78,-112,11,133,-111,-2,175,-96,-17,86,-166,-31,166,-165,-45,209,-162,-49,241,-163,-53,94,-136,-52,176,-111,-64,163,-85,-53,140,-82,-45,103,-94,-69,166,-70,-65,146,-51,-38,123,-51,-23,108,-49,-86,147,-32,-66,131,-18,-38,114,-20,-22
359,731,0,27,-71,20,79,-112,10,134,-110,-4,176,-95,-19,86,-164,-32,167,-164,-48,209,-160,-53,241,-162,-57,94,-135,-55,178,-109,-68,164,-82,-56,142,-79,-49,102,-92,-72,166,-67,-69,147,-47,-42,124,-49,-27,107,-47,-89,147,-29,-70,131,-15,-42,114,-17,-26
359,733,0,26,-72,21,78,-114,11,133,-112,-3,175,-96,-17,86,-168,-31,168,-168,-46,211,-165,-51,243,-166,-55,95,-138,-54,180,-112,-66,167,-85,-55,144,-83,-47,103,-95,-71,168,-70,-68,149,-50,-40,126,-52,-26,108,-49,-87,149,-31,-69,134,-17,-41,117,-18,-24
357,731,0,27,-71,20,78,-113,11,133,-112,-3,174,-98,-17,86,-165,-32,167,-165,-47,210,-161,-53,242,-162,-57,95,-135,-54,178,-111,-67,166,-85,-56,143,-82,-48,103,-92,-71,167,-69,-68,148,-51,-40,126,-51,-26,108,-46,-88,148,-31,-69,133,-16,-41,115,-18,-24
356,734,0,26,-71,22,78,-114,13,133,-111,0,175,-96,-15,87,-168,-30,169,-167,-44,212,-164,-49,244,-166,-53,96,-138,-53,179,-114,-64,165,-87,-52,143,-85,-44,104,-95,-70,169,-72,-66,149,-52,-38,126,-54,-23,109,-49,-87,150,-33,-67,134,-18,-38,116,-19,-22
354,733,0,27,-70,21,79,-110,11,134,-108,-3,176,-94,-17,86,-163,-32,166,-163,-46,208,-160,-51,240,-161,-55,95,-134,-54,176,-110,-65,162,-83,-53,139,-82,-45,103,-91,-71,165,-68,-66,145,-49,-38,122,-51,-24,107,-47,-87,146,-31,-67,130,-17,-38,113,-18,-21
354,734,0,26,-69,21,79,-110,11,134,-107,-3,177,-93,-18,86,-164,-31,166,-164,-46,208,-160,-50,239,-162,-54,94,-135,-54,176,-109,-66,161,-83,-54,139,-82,-46,102,-93,-71,164,-68,-68,144,-48,-40,122,-50,-25,106,-48,-88,146,-31,-68,130,-16,-39,113,-17,-23
351,734,0,27,-70,20,79,-111,10,135,-108,-4,177,-93,-20,87,-165,-31,168,-164,-46,210,-161,-51,242,-162,-56,95,-136,-53,179,-111,-67,165,-84,-56,142,-81,-48,103,-93,-71,167,-69,-69,147,-49,-42,124,-50,-27,108,-49,-88,148,-31,-70,132,-16,-41,115,-18,-25
350,736,0,27,-69,20,79,-110,9,135,-107,-5,178,-92,-21,86,-165,-31,166,-165,-47,208,-162,-52,240,-163,-57,94,-136,-53,178,-110,-67,164,-83,-57,143,-81,-50,102,-94,-71,166,-68,-70,146,-48,-43,123,-49,-28,106,-50,-89,147,-31,-70,131,-17,-42,115,-18,-25
349,734,0,27,-69,19,80,-110,9,135,-107,-5,177,-92,-20,86,-164,-30,166,-164,-45,207,-161,-51,239,-162,-55,94,-134,-52,177,-109,-66,163,-83,-57,140,-81,-50,102,-93,-69,165,-67,-68,146,-48,-41,122,-49,-26,107,-49,-86,147,-31,-68,132,-17,-40,115,-18,-24
350,733,0,27,-69,19,81,-109,9,136,-106,-6,178,-92,-22,86,-164,-31,166,-165,-47,208,-162,-53,240,-164,-58,94,-135,-54,177,-110,-69,163,-83,-59,141,-82,-52,102,-93,-72,165,-67,-71,145,-47,-43,122,-49,-28,107,-48,-89,146,-32,-71,131,-17,-43,114,-18,-25
350,732,0,27,-68,19,79,-108,8,134,-106,-6,176,-94,-21,85,-162,-32,164,-162,-48,206,-159,-54,238,-161,-59,93,-133,-54,173,-107,-68,158,-82,-58,136,-81,-51,100,-92,-72,161,-66,-70,140,-47,-42,118,-49,-27,105,-47,-89,143,-31,-69,127,-17,-40,110,-18,-23
350,734,0,26,-69,20,80,-109,10,135,-106,-4,177,-92,-18,86,-165,-31,166,-165,-46,208,-161,-52,240,-162,-56,94,-136,-53,175,-110,-67,160,-85,-56,137,-83,-48,101,-93,-71,162,-67,-68,141,-48,-41,119,-50,-26,106,-50,-87,143,-33,-68,127,-18,-39,111,-19,-22
352,735,0,26,-69,18,79,-109,7,133,-108,-7,176,-95,-22,85,-164,-32,164,-164,-47,205,-160,-53,237,-161,-58,93,-135,-53,172,-110,-68,156,-85,-58,134,-84,-51,99,-94,-70,160,-68,-69,139,-49,-42,117,-50,-27,104,-50,-87,142,-33,-69,126,-18,-41,109,-19,-24
353,734,0,26,-71,20,78,-113,10,132,-112,-4,175,-97,-19,87,-166,-32,166,-165,-48,208,-161,-53,240,-162,-58,94,-136,-55,176,-110,-67,161,-85,-56,138,-83,-48,101,-93,-72,163,-68,-70,143,-49,-42,121,-50,-27,104,-48,-89,145,-32,-70,129,-18,-41,112,-19,-23
352,735,0,27,-69,20,79,-110,10,134,-109,-5,175,-96,-20,86,-164,-32,166,-163,-48,208,-159,-53,240,-161,-58,94,-135,-55,175,-110,-68,159,-85,-57,136,-84,-50,101,-92,-73,163,-68,-71,143,-49,-43,120,-50,-28,105,-47,-91,146,-31,-72,130,-16,-43,113,-17,-26
354,737,0,26,-70,20,79,-112,10,134,-110,-5,176,-94,-20,86,-166,-31,167,-165,-47,210,-162,-53,242,-162,-59,94,-137,-54,176,-111,-67,161,-84,-57,139,-83,-50,102,-94,-71,165,-68,-69,145,-48,-42,122,-49,-28,106,-50,-88,148,-30,-70,132,-15,-42,115,-16,-25
354,738,0,27,-70,20,80,-111,9,135,-108,-6,178,-91,-21,88,-168,-30,169,-168,-47,213,-164,-54,247,-165,-59,95,-139,-52,179,-113,-67,164,-86,-59,141,-83,-52,104,-97,-70,168,-70,-69,147,-48,-43,124,-50,-29,108,-51,-87,150,-32,-69,134,-17,-42,116,-18,-26
355,740,0,27,-71,20,80,-113,10,135,-110,-6,177,-93,-22,89,-171,-28,170,-169,-46,214,-165,-55,248,-166,-62,96,-142,-51,179,-114,-69,164,-87,-61,140,-86,-55,103,-100,-70,168,-71,-72,148,-49,-47,125,-51,-33,108,-53,-89,152,-30,-73,136,-14,-47,119,-16,-31
354,745,0,28,-71,19,80,-113,8,135,-110,-9,179,-89,-26,90,-175,-29,174,-172,-49,219,-170,-59,254,-171,-66,96,-148,-52,183,-119,-72,168,-89,-67,145,-85,-61,104,-105,-71,173,-74,-75,152,-50,-52,129,-49,-39,109,-58,-90,155,-32,-76,140,-15,-51,123,-16,-36
356,746,0,27,-71,18,80,-114,7,135,-109,-10,178,-90,-27,89,-176,-29,173,-173,-49,217,-170,-59,253,-171,-66,95,-150,-52,181,-119,-72,167,-89,-67,143,-86,-61,102,-107,-71,171,-74,-76,150,-50,-53,127,-50,-40,107,-60,-90,152,-33,-76,137,-16,-52,120,-16,-37
355,741,0,28,-67,18,81,-109,6,136,-106,-12,179,-89,-30,89,-171,-28,171,-168,-47,215,-166,-57,249,-167,-65,94,-145,-51,178,-115,-72,163,-87,-68,140,-84,-63,100,-105,-71,168,-72,-76,148,-49,-54,125,-50,-41,105,-58,-91,151,-32,-77,135,-15,-54,119,-17,-38
355,741,0,28,-67,16,80,-107,4,137,-104,-14,180,-87,-31,86,-169,-30,167,-166,-50,210,-163,-60,244,-164,-68,91,-143,-53,175,-114,-74,161,-85,-70,138,-82,-65,97,-103,-72,165,-71,-78,144,-48,-55,122,-49,-41,102,-59,-90,148,-33,-78,133,-17,-54,117,-18,-38
353,739,0,28,-64,16,81,-104,3,137,-101,-15,180,-87,-33,85,-165,-30,164,-163,-50,206,-160,-60,239,-161,-68,89,-140,-53,172,-113,-76,159,-83,-73,137,-80,-68,95,-101,-72,162,-70,-79,143,-46,-57,121,-47,-42,100,-57,-91,146,-32,-79,131,-15,-54,115,-16,-39
354,737,0,28,-64,16,80,-104,3,137,-103,-14,179,-89,-32,84,-166,-32,163,-163,-52,205,-160,-62,238,-161,-70,88,-139,-55,172,-111,-77,158,-83,-73,136,-79,-68,93,-100,-74,161,-69,-81,142,-46,-58,120,-47,-44,98,-56,-93,145,-32,-81,131,-14,-56,115,-15,-41
352,738,0,28,-65,17,80,-105,5,136,-103,-12,178,-90,-29,84,-166,-33,163,-163,-53,205,-160,-62,238,-162,-69,88,-140,-56,174,-113,-76,162,-84,-71,141,-80,-66,94,-100,-74,162,-70,-79,144,-47,-56,122,-47,-42,98,-56,-93,144,-32,-78,129,-15,-53,113,-16,-38
352,740,0,28,-65,17,80,-106,5,135,-105,-12,178,-91,-29,84,-169,-32,165,-166,-53,206,-164,-63,239,-165,-71,87,-143,-55,175,-116,-76,165,-86,-71,146,-80,-66,93,-103,-74,163,-72,-81,145,-48,-58,123,-47,-45,97,-59,-93,145,-33,-80,130,-16,-55,113,-17,-40
349,739,0,29,-64,17,81,-104,5,136,-103,-12,179,-89,-30,86,-167,-31,165,-164,-51,207,-162,-60,239,-163,-68,88,-141,-55,174,-114,-75,163,-84,-69,143,-80,-65,93,-101,-74,163,-71,-80,145,-48,-57,123,-48,-43,98,-58,-93,146,-34,-80,131,-17,-55,115,-17,-39
351,740,0,29,-66,17,80,-107,4,135,-105,-13,178,-91,-31,85,-170,-33,166,-168,-54,208,-166,-65,241,-166,-73,88,-145,-56,176,-117,-78,166,-86,-73,147,-80,-67,93,-105,-76,164,-73,-82,146,-48,-60,124,-48,-46,97,-60,-95,145,-33,-82,130,-16,-58,113,-17,-42
350,740,0,28,-66,18,81,-107,6,136,-105,-11,179,-88,-28,86,-172,-30,168,-170,-51,210,-166,-62,243,-167,-71,89,-146,-54,177,-118,-75,166,-87,-70,145,-83,-66,94,-106,-74,166,-73,-80,148,-49,-58,125,-49,-45,98,-60,-94,149,-34,-81,133,-16,-56,116,-16,-41
350,744,0,28,-67,20,79,-108,9,134,-107,-7,178,-91,-24,86,-172,-31,168,-171,-51,210,-168,-62,244,-168,-70,89,-147,-55,178,-118,-74,168,-88,-69,149,-83,-65,94,-106,-74,167,-74,-79,149,-50,-57,127,-50,-44,98,-60,-93,148,-35,-79,134,-17,-54,116,-18,-39
350,744,0,29,-65,17,81,-105,6,137,-102,-11,180,-86,-29,86,-170,-30,166,-168,-50,208,-165,-60,241,-166,-68,88,-145,-54,176,-117,-74,166,-86,-70,147,-81,-67,93,-104,-73,165,-73,-78,147,-48,-57,125,-47,-44,97,-60,-92,146,-34,-79,131,-16,-54,115,-16,-39
352,744,0,28,-67,18,80,-108,6,136,-105,-11,180,-87,-28,87,-171,-30,167,-169,-49,209,-166,-59,242,-167,-66,90,-145,-53,177,-116,-72,167,-86,-67,147,-82,-63,94,-105,-72,166,-72,-76,148,-48,-55,126,-48,-43,98,-60,-91,148,-33,-77,135,-16,-52,118,-16,-37
353,744,0,27,-66,17,80,-108,4,135,-107,-13,178,-91,-30,85,-168,-32,166,-166,-51,208,-164,-60,240,-164,-67,89,-142,-54,175,-115,-75,163,-86,-69,141,-81,-64,94,-101,-73,164,-72,-78,146,-49,-55,124,-49,-42,99,-57,-91,148,-33,-77,134,-16,-52,118,-17,-37
357,741,0,28,-68,19,81,-109,8,136,-106,-9,179,-89,-27,88,-169,-31,169,-168,-49,212,-165,-58,245,-166,-65,92,-142,-54,178,-113,-73,163,-85,-66,141,-82,-61,98,-100,-73,166,-70,-76,147,-47,-53,125,-46,-39,102,-55,-92,150,-30,-76,136,-13,-51,120,-14,-35
446,741,0,25,-66,26,78,-101,17,133,-105,3,174,-98,-13,87,-150,-28,166,-148,-41,207,-144,-43,239,-143,-45,96,-125,-52,168,-95,-63,153,-66,-48,132,-59,-37,102,-85,-71,162,-58,-71,143,-34,-40,121,-30,-23,107,-43,-90,147,-23,-72,131,-6,-43,113,-3,-26
447,739,0,26,-65,25,79,-99,17,134,-103,2,175,-97,-14,87,-149,-27,164,-148,-40,206,-143,-42,237,-142,-43,95,-124,-51,167,-93,-62,152,-64,-47,131,-58,-36,101,-85,-71,160,-55,-70,141,-32,-39,119,-29,-23,105,-43,-90,145,-21,-71,128,-4,-42,111,-3,-25
445,738,0,26,-66,27,79,-101,19,134,-105,5,174,-98,-10,89,-150,-26,166,-147,-38,208,-144,-40,239,-143,-41,97,-125,-51,169,-94,-60,155,-64,-45,134,-58,-34,103,-85,-70,163,-56,-68,143,-32,-38,122,-28,-22,107,-42,-88,146,-20,-70,129,-3,-41,112,-2,-24
444,737,0,26,-65,23,79,-101,14,134,-104,0,175,-97,-16,89,-151,-28,166,-148,-41,207,-143,-44,239,-142,-46,96,-124,-51,169,-94,-63,153,-66,-49,132,-62,-40,102,-84,-70,162,-56,-70,142,-35,-40,120,-32,-24,106,-41,-89,146,-21,-71,129,-5,-43,111,-5,-26
441,735,0,27,-65,24,80,-99,15,136,-102,0,176,-94,-16,88,-151,-28,165,-147,-41,206,-143,-43,237,-141,-45,96,-125,-52,169,-94,-63,155,-65,-50,134,-59,-40,102,-85,-71,162,-55,-70,143,-32,-41,122,-29,-24,105,-43,-90,146,-20,-72,129,-3,-44,112,-2,-27
415,726,0,26,-73,29,79,-114,24,132,-117,13,172,-101,0,93,-165,-19,176,-161,-34,220,-156,-40,255,-156,-45,101,-137,-45,186,-107,-60,172,-72,-49,148,-63,-40,107,-94,-67,178,-67,-68,159,-39,-40,135,-34,-23,110,-47,-87,160,-28,-71,143,-9,-42,124,-7,-25
300,734,0,27,-64,16,79,-102,5,132,-106,-10,173,-99,-25,82,-153,-31,155,-150,-49,193,-147,-56,222,-148,-62,86,-127,-52,164,-107,-66,158,-82,-57,142,-78,-51,89,-89,-71,152,-67,-73,135,-48,-48,115,-48,-33,91,-48,-89,134,-34,-74,120,-20,-48,103,-22,-31
289,736,0,25,-63,15,77,-100,3,132,-104,-12,173,-100,-28,81,-152,-33,152,-148,-52,190,-145,-60,219,-144,-66,84,-125,-54,162,-105,-69,154,-82,-60,138,-78,-54,87,-88,-72,150,-66,-75,132,-48,-49,112,-49,-34,89,-47,-90,132,-33,-75,118,-20,-47,101,-23,-30
285,734,0,26,-63,16,78,-99,3,133,-102,-13,174,-98,-30,82,-152,-30,152,-148,-49,190,-144,-58,220,-143,-65,85,-125,-52,161,-105,-68,150,-82,-60,131,-80,-55,88,-87,-71,151,-67,-75,133,-50,-48,113,-50,-33,90,-46,-90,134,-34,-76,120,-21,-48,103,-22,-31
283,734,0,25,-64,15,78,-101,4,133,-103,-12,174,-97,-27,82,-155,-29,154,-151,-48,192,-148,-58,222,-147,-65,85,-128,-51,162,-108,-67,152,-83,-61,135,-80,-56,89,-90,-69,153,-69,-74,135,-50,-49,114,-50,-34,91,-49,-87,137,-35,-74,122,-22,-47,104,-23,-30
274,735,0,25,-67,17,76,-107,7,130,-110,-7,172,-103,-22,85,-159,-27,159,-156,-46,197,-154,-55,227,-152,-60,88,-132,-49,169,-115,-63,166,-91,-55,155,-84,-50,92,-93,-67,158,-74,-71,141,-55,-46,120,-54,-30,94,-50,-85,142,-39,-71,127,-26,-43,108,-27,-25
272,734,0,25,-65,16,76,-106,5,131,-108,-11,172,-102,-26,82,-160,-28,155,-159,-47,196,-156,-56,226,-155,-63,86,-134,-50,161,-114,-65,150,-89,-57,132,-86,-52,90,-95,-68,155,-74,-73,136,-55,-47,115,-55,-33,92,-52,-86,140,-40,-74,125,-26,-47,106,-27,-30
272,733,0,25,-65,17,77,-105,5,132,-106,-11,173,-99,-28,83,-160,-28,155,-159,-47,196,-155,-56,227,-154,-63,86,-133,-50,160,-112,-65,147,-88,-57,129,-86,-52,90,-94,-69,154,-74,-73,135,-55,-47,114,-55,-33,92,-51,-87,140,-40,-75,124,-26,-47,105,-27,-31
268,734,0,25,-69,19,75,-112,9,129,-114,-8,170,-106,-25,85,-165,-28,161,-163,-48,203,-159,-57,235,-159,-63,89,-138,-51,165,-116,-66,152,-92,-57,132,-90,-51,93,-97,-71,160,-78,-75,141,-58,-49,120,-58,-34,96,-53,-89,146,-41,-77,129,-27,-49,109,-28,-31
267,735,0,24,-68,20,76,-111,9,130,-112,-7,171,-103,-24,85,-164,-28,160,-163,-47,202,-160,-56,234,-159,-62,88,-137,-51,164,-116,-66,151,-91,-56,130,-88,-51,92,-97,-71,159,-77,-75,139,-58,-48,117,-57,-32,95,-53,-90,145,-42,-77,128,-28,-49,108,-28,-31
248,754,0,25,-72,22,74,-116,13,125,-121,-2,166,-112,-18,85,-168,-27,160,-167,-45,199,-165,-53,230,-164,-59,88,-141,-51,169,-125,-60,181,-100,-52,184,-91,-51,91,-101,-71,158,-83,-70,144,-65,-45,126,-62,-33,94,-56,-90,144,-47,-75,128,-35,-48,109,-34,-32
247,754,0,24,-74,22,72,-119,14,121,-127,-1,162,-118,-16,85,-170,-26,162,-170,-43,202,-167,-52,232,-165,-58,88,-143,-50,171,-127,-57,192,-104,-51,201,-95,-51,91,-103,-69,160,-86,-67,149,-67,-45,133,-63,-34,94,-58,-87,145,-49,-74,132,-35,-48,113,-34,-33
244,754,0,25,-73,23,73,-118,15,123,-125,0,164,-115,-16,85,-170,-24,162,-170,-42,202,-167,-51,232,-166,-57,89,-142,-48,171,-127,-57,190,-104,-52,199,-94,-51,92,-103,-68,161,-85,-68,146,-66,-45,127,-62,-34,95,-58,-87,146,-49,-74,131,-36,-48,111,-35,-32
294,643,0,27,-67,15,83,-108,3,138,-105,-15,179,-89,-34,91,-175,-17,172,-170,-38,216,-165,-49,250,-164,-58,94,-151,-40,175,-118,-64,156,-93,-64,132,-97,-61,97,-111,-61,163,-76,-73,140,-54,-56,118,-59,-44,100,-68,-82,151,-41,-76,132,-23,-55,114,-26,-41
295,636,0,28,-67,17,83,-108,5,138,-105,-13,179,-90,-33,93,-173,-17,173,-169,-38,217,-164,-49,252,-163,-58,95,-150,-42,175,-116,-65,156,-92,-64,132,-95,-62,98,-110,-63,165,-74,-75,142,-52,-57,119,-57,-45,101,-66,-85,152,-41,-78,134,-22,-57,115,-23,-43
294,588,0,26,-65,21,80,-103,11,134,-104,-5,173,-100,-22,87,-166,-14,162,-160,-30,205,-154,-39,239,-154,-45,90,-142,-38,165,-108,-56,148,-84,-53,126,-88,-50,95,-104,-59,159,-67,-67,138,-45,-47,118,-49,-35,99,-62,-80,147,-34,-70,130,-17,-49,113,-21,-36
294,583,0,27,-64,21,82,-102,12,136,-102,-4,174,-98,-21,88,-167,-12,164,-160,-28,206,-155,-37,239,-154,-43,91,-143,-36,166,-109,-55,149,-83,-52,127,-86,-49,95,-105,-58,159,-68,-66,139,-45,-47,118,-50,-35,99,-63,-79,147,-35,-69,130,-17,-48,112,-21,-35
415,402,0,30,-69,21,87,-104,14,144,-98,3,183,-79,-10,99,-160,-22,180,-151,-32,223,-141,-35,257,-137,-40,106,-126,-42,180,-89,-51,159,-67,-42,136,-72,-38,112,-79,-58,169,-48,-55,145,-33,-31,122,-38,-20,115,-33,-74,152,-14,-57,130,-1,-33,112,-4,-20
417,403,0,30,-69,24,87,-104,18,144,-98,7,183,-80,-5,98,-161,-21,180,-152,-29,223,-142,-32,256,-139,-35,106,-126,-42,180,-91,-48,159,-68,-38,136,-72,-33,111,-81,-59,169,-50,-53,145,-33,-29,122,-39,-18,114,-35,-75,152,-15,-56,130,-3,-31,111,-6,-19
419,401,0,30,-69,23,87,-103,16,143,-97,5,183,-80,-8,99,-159,-21,179,-151,-30,222,-142,-33,256,-138,-37,106,-126,-42,179,-90,-50,159,-68,-40,135,-71,-36,111,-80,-60,168,-49,-55,144,-33,-31,121,-38,-20,114,-34,-76,151,-14,-58,130,-2,-34,112,-6,-21
422,400,0,30,-70,23,88,-105,17,144,-98,6,183,-80,-6,99,-160,-20,180,-152,-29,223,-142,-32,257,-139,-36,106,-125,-41,181,-90,-49,160,-68,-39,136,-72,-35,112,-79,-58,170,-49,-54,146,-33,-30,122,-39,-19,115,-33,-74,152,-14,-57,131,-2,-32,112,-5,-19
585,390,0,34,-85,29,92,-127,30,144,-116,24,181,-84,15,123,-178,-4,212,-159,-8,257,-147,-7,292,-139,-9,134,-141,-26,212,-91,-25,189,-68,-14,165,-71,-7,140,-89,-42,201,-47,-32,174,-32,-11,149,-38,-3,139,-35,-58,172,-7,-37,151,4,-15,131,0,-2
588,389,0,34,-86,31,92,-128,32,144,-116,26,182,-83,17,123,-178,-4,212,-158,-7,257,-146,-5,291,-138,-6,133,-141,-26,212,-90,-24,188,-66,-11,165,-69,-4,139,-90,-43,199,-46,-31,173,-30,-9,148,-37,-1,139,-36,-59,172,-7,-36,150,4,-13,131,0,-1
591,388,0,34,-85,31,91,-126,31,145,-115,24,182,-81,15,123,-179,-6,213,-158,-9,258,-145,-8,293,-137,-9,133,-142,-27,212,-89,-26,188,-63,-13,164,-67,-7,138,-90,-44,200,-45,-33,173,-30,-12,147,-36,-3,138,-36,-60,173,-6,-38,150,5,-15,130,0,-3
591,391,0,34,-85,28,91,-127,28,144,-116,21,181,-84,12,122,-179,-5,210,-159,-9,256,-145,-9,290,-137,-11,133,-143,-26,210,-91,-27,188,-66,-15,165,-69,-9,139,-91,-43,200,-46,-34,174,-31,-13,149,-37,-4,138,-38,-59,172,-8,-39,150,4,-17,130,-1,-5
595,389,0,33,-84,26,92,-125,25,146,-112,17,184,-79,8,122,-176,-7,210,-154,-11,255,-140,-11,288,-132,-13,132,-140,-27,209,-86,-28,186,-62,-18,163,-65,-12,136,-89,-43,196,-42,-34,170,-28,-14,146,-34,-5,136,-37,-58,169,-5,-38,146,6,-17,128,0,-5
595,392,0,34,-85,28,92,-125,27,145,-114,20,183,-80,10,122,-179,-7,213,-158,-11,258,-143,-11,294,-134,-13,134,-142,-28,213,-88,-29,190,-64,-17,166,-67,-11,140,-89,-45,200,-43,-35,174,-28,-14,149,-35,-5,139,-36,-61,172,-5,-39,150,6,-17,131,1,-5
598,391,0,34,-83,28,94,-123,27,147,-109,20,186,-74,11,121,-175,-8,212,-153,-12,256,-139,-11,291,-130,-13,132,-139,-29,211,-85,-29,187,-61,-17,164,-65,-11,137,-88,-45,199,-41,-34,172,-27,-13,147,-34,-5,138,-35,-60,170,-4,-38,147,7,-16,129,1,-4
599,391,0,35,-80,25,96,-116,22,152,-98,14,190,-62,4,120,-169,-11,207,-147,-15,250,-131,-14,284,-123,-16,130,-133,-31,205,-79,-32,181,-56,-21,158,-62,-15,134,-82,-46,192,-36,-36,165,-24,-15,141,-32,-7,134,-31,-61,165,-1,-39,143,9,-17,125,3,-5
601,393,0,35,-79,25,96,-114,22,152,-96,14,191,-59,5,120,-169,-11,207,-146,-15,249,-131,-15,284,-123,-17,130,-132,-31,203,-79,-32,180,-58,-21,157,-63,-16,134,-81,-46,192,-37,-36,165,-24,-15,141,-33,-7,134,-31,-61,165,-1,-39,142,9,-16,124,3,-5
603,395,0,37,-77,26,97,-110,24,154,-90,16,193,-52,6,120,-166,-9,208,-144,-12,250,-129,-11,284,-121,-13,130,-130,-30,203,-78,-29,179,-55,-18,156,-61,-13,135,-79,-45,192,-36,-34,165,-23,-12,140,-32,-4,135,-28,-60,164,0,-38,142,10,-15,124,4,-3
604,397,0,36,-77,25,97,-109,22,154,-89,13,193,-51,2,119,-165,-10,206,-144,-14,249,-128,-14,283,-119,-16,130,-130,-30,202,-77,-32,178,-54,-22,155,-61,-17,135,-80,-46,191,-35,-36,164,-21,-16,140,-31,-7,135,-29,-61,164,0,-40,141,11,-18,123,6,-6
607,398,0,36,-79,26,97,-114,24,154,-93,15,192,-53,5,122,-169,-10,210,-146,-13,254,-130,-13,289,-121,-15,132,-132,-30,206,-77,-31,181,-55,-20,157,-62,-15,137,-81,-46,195,-35,-35,167,-22,-14,142,-31,-6,137,-30,-61,167,1,-39,144,12,-16,126,6,-5
608,402,0,35,-78,27,97,-113,25,154,-94,17,192,-53,7,120,-167,-11,209,-146,-13,252,-129,-11,286,-121,-12,131,-131,-31,206,-78,-31,181,-56,-19,158,-63,-12,136,-79,-47,193,-35,-35,166,-22,-14,141,-31,-5,136,-28,-62,166,0,-39,145,11,-17,125,5,-5
608,955,0,38,-79,21,100,-109,18,154,-93,11,190,-61,2,124,-152,-13,219,-138,-23,268,-126,-26,306,-121,-29,134,-101,-32,220,-74,-43,200,-56,-36,171,-59,-29,139,-43,-48,208,-28,-47,184,-14,-24,156,-17,-10,139,10,-62,184,13,-48,162,22,-23,140,23,-7
609,959,0,37,-80,20,98,-112,18,151,-96,10,188,-66,2,123,-154,-14,217,-140,-23,267,-128,-27,305,-123,-30,133,-102,-33,219,-76,-44,199,-59,-37,169,-61,-30,139,-45,-48,207,-30,-47,181,-16,-24,153,-18,-9,138,9,-62,181,11,-48,159,21,-23,137,22,-7
608,957,0,38,-78,21,99,-109,18,152,-94,10,189,-64,1,124,-152,-13,217,-137,-24,267,-126,-27,306,-122,-31,134,-101,-33,220,-74,-45,199,-56,-38,169,-59,-31,140,-43,-49,207,-28,-49,182,-14,-25,154,-16,-10,139,11,-64,183,13,-50,161,22,-25,139,23,-9
610,960,0,36,-79,21,98,-111,19,150,-97,12,188,-67,4,122,-154,-12,216,-140,-21,265,-128,-24,302,-123,-26,132,-103,-31,219,-77,-42,198,-59,-35,169,-62,-28,139,-45,-46,207,-31,-46,182,-18,-22,154,-20,-8,139,7,-61,182,10,-47,160,19,-22,139,20,-6
610,961,0,36,-78,20,97,-111,18,151,-96,11,188,-67,2,123,-154,-14,217,-140,-23,268,-129,-26,305,-124,-29,133,-103,-32,219,-77,-44,198,-60,-37,169,-63,-30,140,-45,-47,206,-31,-47,182,-17,-23,154,-19,-9,140,8,-62,183,10,-48,161,19,-23,139,21,-7
609,958,0,37,-79,25,98,-110,25,151,-96,19,188,-68,12,125,-153,-10,218,-139,-17,267,-128,-19,304,-124,-21,134,-102,-30,220,-77,-38,200,-60,-29,171,-63,-22,140,-46,-46,207,-31,-42,183,-19,-18,156,-21,-5,139,7,-61,184,9,-44,162,18,-18,141,18,-3
385,940,0,17,-63,16,66,-105,5,121,-116,-8,162,-117,-22,67,-155,-39,138,-167,-55,178,-170,-61,208,-174,-65,75,-125,-58,147,-114,-71,133,-93,-59,113,-90,-52,84,-85,-73,144,-80,-75,127,-62,-47,106,-59,-31,90,-45,-88,137,-48,-74,123,-35,-45,105,-32,-29
385,939,0,16,-64,16,67,-106,5,122,-115,-8,163,-116,-22,68,-155,-39,140,-167,-56,179,-170,-62,210,-174,-66,75,-125,-59,148,-114,-72,134,-93,-60,114,-90,-53,84,-85,-74,145,-79,-76,127,-62,-47,107,-60,-32,89,-44,-88,137,-47,-74,123,-36,-45,105,-33,-28
383,939,0,17,-64,16,68,-105,5,122,-114,-9,164,-115,-23,68,-155,-40,140,-166,-56,179,-169,-61,210,-174,-66,76,-125,-59,149,-114,-73,135,-93,-60,115,-90,-53,84,-84,-74,146,-79,-77,128,-62,-48,108,-59,-32,89,-44,-89,138,-47,-75,124,-35,-46,105,-33,-30
381,936,0,16,-64,18,67,-104,8,122,-113,-5,162,-117,-19,70,-155,-40,141,-167,-57,181,-169,-63,212,-173,-67,78,-124,-60,151,-114,-74,137,-93,-60,117,-89,-52,85,-83,-76,147,-79,-79,130,-62,-49,109,-59,-33,91,-42,-91,138,-45,-76,124,-34,-47,106,-31,-30
380,937,0,16,-64,17,67,-105,6,121,-115,-7,161,-118,-21,68,-154,-41,139,-166,-59,179,-168,-65,210,-172,-70,76,-124,-61,149,-114,-75,136,-93,-62,116,-89,-55,84,-83,-76,146,-78,-80,129,-63,-51,108,-59,-34,89,-42,-91,137,-46,-77,123,-34,-48,104,-32,-31
379,938,0,16,-65,18,65,-106,8,119,-116,-5,159,-121,-18,69,-156,-40,141,-165,-57,180,-168,-62,210,-172,-66,77,-125,-59,151,-115,-72,138,-94,-58,119,-90,-50,85,-85,-74,148,-80,-76,131,-64,-47,111,-61,-32,90,-44,-88,138,-47,-73,124,-36,-44,106,-33,-28
377,935,0,17,-66,17,66,-106,6,120,-116,-7,160,-120,-20,69,-155,-43,141,-163,-61,180,-165,-68,210,-168,-73,77,-124,-62,152,-114,-75,141,-92,-61,122,-88,-53,84,-83,-76,148,-78,-78,131,-62,-49,111,-59,-33,90,-41,-90,137,-44,-75,124,-33,-45,106,-31,-28
377,933,0,16,-65,14,66,-105,2,120,-115,-12,160,-120,-26,69,-155,-43,140,-161,-63,180,-162,-71,210,-165,-77,76,-123,-61,150,-112,-77,137,-92,-65,117,-88,-59,84,-82,-76,147,-77,-80,129,-61,-52,109,-59,-36,89,-41,-89,137,-43,-77,122,-33,-49,105,-31,-33
371,932,0,17,-64,15,67,-105,4,120,-115,-9,161,-118,-23,71,-152,-42,143,-159,-61,182,-160,-69,212,-163,-74,79,-121,-60,152,-111,-75,140,-91,-62,120,-87,-54,86,-81,-75,150,-76,-78,133,-60,-50,112,-57,-33,91,-40,-89,139,-42,-76,124,-32,-48,106,-29,-31
370,930,0,17,-65,16,68,-105,6,122,-113,-8,163,-116,-21,71,-152,-42,143,-159,-60,184,-160,-67,215,-163,-72,80,-120,-61,152,-111,-75,139,-90,-62,119,-86,-54,88,-79,-76,151,-75,-78,133,-60,-49,113,-56,-33,93,-37,-90,140,-41,-76,126,-30,-47,108,-27,-30
367,930,0,17,-66,16,66,-107,5,120,-115,-8,162,-117,-22,73,-154,-40,147,-161,-60,188,-162,-68,219,-163,-74,82,-122,-59,156,-112,-74,143,-92,-63,123,-88,-56,90,-81,-73,155,-76,-77,138,-60,-48,117,-57,-32,96,-39,-87,143,-42,-74,129,-31,-46,111,-28,-29
366,925,0,17,-68,15,67,-110,4,119,-119,-10,160,-120,-24,74,-154,-44,150,-161,-65,191,-162,-73,223,-163,-79,83,-122,-62,159,-111,-79,147,-92,-67,127,-88,-60,90,-79,-76,158,-74,-81,141,-59,-52,120,-56,-35,96,-36,-89,145,-39,-77,130,-29,-48,112,-26,-30
358,925,0,18,-72,22,64,-120,14,112,-133,4,151,-132,-8,81,-162,-37,161,-169,-58,204,-169,-67,236,-170,-72,88,-128,-57,173,-117,-72,161,-97,-61,141,-95,-53,96,-85,-72,169,-79,-75,153,-63,-47,131,-60,-31,101,-39,-86,153,-42,-72,139,-32,-44,120,-29,-26
359,914,0,18,-66,30,54,-118,29,84,-147,24,99,-174,17,81,-155,-29,157,-160,-48,198,-160,-57,226,-160,-61,86,-125,-52,171,-113,-64,169,-89,-52,155,-79,-45,92,-83,-69,163,-76,-68,154,-58,-42,136,-51,-28,96,-40,-83,144,-40,-68,135,-32,-41,119,-29,-24
358,912,0,19,-66,26,54,-117,24,85,-147,18,99,-174,10,82,-155,-30,156,-159,-49,197,-159,-59,226,-160,-64,87,-125,-52,170,-112,-65,164,-89,-55,146,-83,-47,93,-84,-68,163,-75,-69,151,-58,-44,131,-52,-29,96,-40,-83,144,-39,-70,133,-30,-43,115,-27,-26
359,911,0,18,-65,27,53,-117,26,81,-149,21,93,-177,15,81,-153,-30,155,-157,-50,195,-158,-59,224,-159,-65,86,-123,-52,168,-111,-64,165,-89,-54,149,-81,-46,91,-82,-68,162,-75,-68,152,-58,-43,133,-52,-29,95,-39,-83,143,-40,-69,134,-31,-44,117,-28,-27
361,909,0,18,-66,28,53,-117,27,83,-147,22,98,-175,16,81,-154,-31,155,-157,-51,196,-158,-60,225,-157,-65,85,-123,-53,169,-110,-65,164,-88,-54,148,-81,-47,91,-82,-69,162,-74,-69,152,-57,-44,133,-52,-29,94,-39,-84,143,-40,-70,134,-31,-44,117,-30,-27
360,911,0,18,-66,31,53,-118,31,83,-148,26,98,-174,21,81,-155,-30,156,-158,-49,197,-159,-59,226,-159,-63,86,-125,-52,169,-112,-64,162,-87,-52,144,-80,-44,92,-83,-69,162,-76,-69,151,-58,-43,131,-52,-28,96,-40,-84,144,-41,-70,135,-32,-43,118,-29,-26
361,910,0,18,-66,32,53,-118,32,81,-149,28,94,-177,22,81,-155,-28,156,-159,-48,198,-158,-57,227,-158,-62,85,-124,-51,168,-111,-63,161,-88,-51,144,-81,-43,91,-83,-68,162,-75,-68,151,-57,-42,132,-52,-28,95,-40,-83,144,-40,-69,135,-32,-43,119,-30,-26
361,910,0,18,-67,33,53,-119,35,81,-149,31,95,-176,26,82,-156,-28,157,-160,-47,199,-159,-56,228,-159,-61,87,-125,-51,170,-113,-62,163,-89,-50,146,-83,-41,92,-84,-69,163,-76,-67,152,-58,-41,132,-52,-27,96,-40,-84,145,-40,-69,135,-32,-43,118,-30,-26
360,908,0,19,-68,33,56,-119,33,87,-147,29,106,-170,23,84,-159,-28,161,-163,-48,204,-162,-57,235,-162,-63,89,-127,-52,172,-113,-64,162,-89,-53,141,-83,-45,95,-85,-70,167,-76,-69,152,-58,-43,132,-53,-27,99,-40,-85,149,-41,-71,138,-32,-44,121,-30,-26
358,908,0,20,-68,31,55,-120,31,85,-148,27,103,-172,21,83,-157,-29,160,-158,-49,201,-158,-59,230,-158,-64,88,-126,-52,171,-111,-64,165,-88,-53,148,-82,-46,94,-83,-70,165,-75,-69,154,-57,-44,135,-52,-29,97,-40,-85,147,-39,-71,138,-31,-45,121,-30,-28
358,903,0,20,-67,30,55,-118,30,84,-148,25,99,-174,18,83,-154,-30,159,-155,-50,199,-154,-61,228,-153,-67,88,-123,-53,170,-108,-65,164,-84,-54,147,-79,-48,93,-82,-70,164,-71,-70,153,-55,-44,134,-50,-31,96,-38,-85,146,-38,-72,135,-29,-46,120,-28,-29
236,648,0,33,-67,5,91,-90,-14,150,-72,-34,193,-50,-55,97,-143,-57,177,-118,-84,220,-103,-100,254,-91,-110,93,-104,-74,179,-81,-93,220,-76,-96,249,-80,-102,89,-57,-87,163,-36,-96,149,-33,-76,129,-41,-64,87,-9,-101,147,-4,-95,135,-3,-69,116,-8,-51
236,647,0,33,-65,5,92,-88,-15,151,-69,-36,194,-47,-56,97,-141,-56,176,-117,-84,219,-102,-101,253,-91,-111,92,-102,-74,179,-79,-94,218,-74,-97,245,-78,-103,89,-56,-87,164,-35,-97,148,-32,-77,126,-39,-65,87,-9,-100,147,-3,-95,134,-2,-70,115,-6,-52
235,649,0,33,-64,4,91,-87,-15,150,-70,-35,193,-49,-55,95,-139,-56,173,-117,-84,216,-102,-100,249,-92,-109,91,-101,-74,176,-78,-93,212,-72,-95,237,-76,-100,89,-56,-87,161,-34,-97,145,-31,-76,123,-37,-63,86,-9,-101,145,-4,-95,133,-2,-69,113,-6,-51
236,654,0,32,-65,5,90,-89,-14,149,-72,-35,193,-52,-54,94,-143,-55,172,-121,-82,215,-106,-98,248,-96,-107,90,-104,-73,174,-82,-92,211,-76,-94,237,-81,-99,88,-59,-86,160,-38,-95,144,-34,-74,123,-41,-62,86,-13,-99,145,-7,-93,132,-5,-67,113,-9,-49
236,653,0,32,-64,4,91,-87,-16,150,-68,-37,194,-46,-58,94,-141,-59,174,-121,-87,217,-106,-103,250,-95,-113,89,-104,-76,175,-82,-96,208,-76,-98,230,-83,-102,87,-58,-90,161,-37,-100,144,-32,-78,122,-39,-65,86,-12,-103,146,-6,-97,133,-4,-71,113,-7,-52
236,663,0,31,-64,5,90,-87,-14,149,-71,-34,193,-52,-54,92,-142,-57,170,-123,-85,213,-109,-100,246,-100,-110,90,-104,-75,173,-84,-93,200,-80,-93,218,-88,-97,88,-59,-89,160,-40,-98,142,-35,-76,120,-41,-63,87,-15,-103,144,-9,-97,131,-7,-70,112,-11,-52
239,666,0,30,-65,6,89,-89,-13,149,-72,-34,193,-50,-55,93,-144,-57,172,-124,-85,217,-111,-100,250,-102,-109,91,-106,-75,176,-88,-94,209,-84,-95,232,-92,-98,89,-60,-89,162,-43,-99,145,-37,-76,123,-42,-62,88,-14,-103,147,-10,-97,134,-8,-70,114,-11,-51
298,753,0,28,-62,10,86,-94,-3,142,-90,-19,183,-80,-34,88,-140,-42,163,-134,-63,205,-125,-72,238,-121,-79,90,-106,-61,165,-86,-83,148,-69,-75,124,-72,-68,92,-64,-77,158,-50,-87,137,-37,-58,115,-40,-40,92,-21,-93,145,-20,-85,130,-11,-56,111,-11,-37
297,752,0,28,-62,11,86,-94,-2,141,-89,-17,183,-79,-33,87,-140,-42,162,-134,-63,204,-125,-72,236,-121,-79,89,-106,-62,165,-86,-83,147,-69,-74,123,-72,-68,91,-64,-78,157,-51,-86,136,-37,-57,114,-39,-39,91,-21,-94,143,-19,-85,128,-11,-56,110,-11,-37
297,750,0,28,-62,8,86,-94,-6,141,-90,-22,183,-81,-37,86,-140,-42,160,-134,-63,201,-125,-74,234,-121,-81,87,-106,-61,163,-87,-85,146,-71,-78,122,-72,-72,90,-64,-76,155,-51,-87,135,-38,-59,113,-40,-41,90,-21,-92,142,-20,-85,127,-11,-56,108,-10,-38
297,749,0,27,-64,10,84,-96,-3,140,-93,-18,181,-84,-33,86,-142,-43,162,-137,-64,203,-129,-73,236,-126,-80,88,-107,-62,164,-88,-83,147,-72,-75,123,-74,-69,90,-65,-77,157,-53,-85,138,-40,-57,115,-42,-39,92,-22,-92,144,-21,-83,130,-14,-55,112,-13,-37
295,747,0,28,-63,10,85,-97,-3,141,-93,-19,182,-82,-35,87,-144,-42,163,-138,-62,205,-130,-72,237,-127,-79,89,-109,-61,165,-91,-82,148,-74,-75,123,-77,-70,91,-66,-76,158,-54,-84,138,-41,-57,116,-43,-39,92,-23,-92,144,-23,-83,129,-14,-54,111,-14,-36
295,746,0,28,-64,10,85,-97,-3,141,-93,-19,183,-81,-35,87,-144,-42,163,-139,-63,205,-131,-72,238,-128,-79,89,-110,-61,165,-91,-82,148,-73,-74,124,-75,-69,91,-67,-77,158,-54,-84,138,-40,-56,116,-43,-39,92,-24,-92,144,-23,-83,130,-13,-55,110,-13,-36
294,747,0,28,-63,10,85,-97,-4,141,-92,-20,182,-82,-36,87,-144,-41,163,-139,-62,205,-131,-72,238,-129,-79,89,-111,-61,165,-91,-82,148,-74,-76,123,-76,-70,91,-68,-76,158,-55,-85,138,-41,-57,116,-43,-40,93,-25,-92,144,-22,-84,129,-13,-56,111,-14,-38
293,747,0,29,-63,10,85,-96,-3,141,-92,-19,182,-81,-36,87,-144,-41,163,-138,-62,205,-131,-72,238,-128,-79,89,-110,-61,166,-90,-82,148,-73,-76,124,-75,-71,91,-68,-77,158,-54,-85,139,-41,-57,116,-42,-40,92,-24,-92,145,-23,-84,130,-14,-56,112,-14,-38
293,748,0,28,-63,10,85,-97,-4,140,-93,-20,182,-82,-36,87,-144,-43,163,-138,-64,205,-130,-73,237,-127,-81,89,-110,-62,165,-91,-83,148,-74,-76,124,-77,-70,91,-67,-78,158,-54,-86,138,-41,-58,116,-44,-40,92,-24,-93,144,-23,-85,130,-14,-57,111,-15,-38
293,749,0,28,-64,10,85,-97,-3,141,-92,-19,182,-82,-35,87,-145,-42,163,-139,-63,205,-131,-72,238,-128,-80,88,-110,-62,165,-92,-84,148,-74,-77,124,-76,-71,91,-68,-78,159,-55,-86,139,-41,-58,117,-43,-41,92,-24,-94,145,-23,-85,130,-14,-57,112,-14,-39
