278,885,0,27,-68,3,82,-100,-12,140,-93,-31,182,-82,-48,89,-157,-37,169,-155,-60,213,-153,-75,248,-154,-84,93,-121,-54,177,-120,-73,224,-117,-80,261,-117,-86,95,-78,-68,158,-65,-80,135,-53,-62,110,-51,-48,97,-32,-83,145,-32,-81,127,-24,-57,107,-22,-38
279,885,0,27,-67,3,82,-98,-13,140,-91,-31,182,-82,-48,88,-157,-38,168,-155,-62,213,-153,-76,247,-155,-85,92,-121,-55,176,-121,-74,224,-117,-81,262,-117,-88,95,-78,-69,157,-66,-81,135,-53,-62,110,-50,-49,97,-32,-84,145,-32,-83,126,-24,-58,107,-21,-39
238,832,0,26,-68,5,79,-104,-10,137,-99,-29,179,-88,-46,85,-165,-33,162,-160,-57,206,-157,-73,240,-158,-84,86,-133,-51,172,-128,-72,221,-125,-82,259,-125,-90,88,-91,-66,154,-68,-80,131,-54,-64,106,-55,-53,88,-46,-82,141,-33,-83,123,-26,-61,103,-26,-45
239,831,0,26,-68,4,79,-105,-11,136,-99,-30,179,-88,-47,85,-167,-34,162,-161,-58,206,-158,-75,240,-158,-86,87,-134,-52,172,-129,-73,221,-126,-82,260,-126,-91,87,-92,-67,154,-69,-80,132,-56,-65,106,-56,-53,87,-46,-82,141,-34,-83,123,-26,-62,103,-28,-46
240,828,0,26,-67,5,80,-104,-11,137,-98,-31,180,-87,-49,85,-166,-35,163,-159,-60,207,-156,-78,242,-157,-90,86,-133,-54,172,-128,-76,221,-124,-86,261,-124,-95,86,-92,-69,155,-67,-84,131,-54,-68,106,-54,-56,87,-45,-86,141,-32,-87,123,-24,-66,103,-25,-50
240,827,0,27,-65,4,80,-102,-13,137,-96,-32,180,-86,-51,86,-164,-36,163,-158,-62,208,-155,-79,243,-157,-91,87,-133,-54,172,-127,-77,222,-123,-87,261,-122,-96,87,-92,-70,154,-65,-84,130,-52,-69,104,-53,-57,87,-46,-86,140,-31,-88,122,-23,-67,101,-24,-51
271,794,0,30,-69,7,86,-98,-8,145,-82,-26,189,-65,-43,96,-153,-39,179,-144,-62,224,-140,-77,260,-138,-86,98,-116,-57,185,-111,-78,236,-107,-85,276,-105,-92,98,-72,-71,168,-55,-82,143,-44,-61,117,-44,-46,97,-25,-86,151,-19,-83,132,-14,-56,111,-14,-36
273,792,0,30,-70,6,87,-98,-9,146,-82,-26,189,-65,-43,96,-152,-39,179,-144,-62,224,-138,-77,260,-136,-86,99,-115,-57,185,-109,-77,236,-105,-84,276,-103,-91,99,-70,-70,168,-54,-81,145,-45,-60,119,-45,-46,99,-23,-85,152,-19,-82,134,-15,-56,112,-15,-36
365,820,0,22,-71,2,74,-108,-11,132,-106,-25,174,-99,-37,78,-154,-38,157,-166,-57,201,-171,-66,233,-178,-70,89,-116,-50,170,-132,-64,217,-139,-68,251,-148,-71,98,-71,-59,154,-78,-67,135,-68,-50,113,-63,-36,104,-27,-69,143,-43,-64,127,-37,-39,110,-29,-20
365,820,0,22,-72,2,76,-109,-11,133,-106,-24,174,-98,-37,80,-155,-37,159,-167,-56,204,-172,-66,237,-178,-71,91,-116,-50,173,-131,-64,220,-138,-69,254,-146,-73,100,-71,-59,156,-77,-68,137,-67,-52,114,-63,-39,106,-26,-69,145,-42,-64,128,-37,-41,112,-30,-22
366,820,0,21,-72,2,74,-110,-11,131,-109,-24,173,-100,-36,79,-155,-37,160,-168,-56,205,-174,-66,238,-181,-70,92,-116,-49,174,-134,-63,221,-142,-67,255,-151,-70,101,-70,-58,157,-77,-66,138,-67,-50,116,-63,-36,107,-26,-67,146,-42,-62,129,-36,-38,112,-28,-20
368,819,0,21,-73,1,74,-111,-12,131,-109,-25,173,-100,-38,79,-156,-39,160,-169,-58,205,-175,-68,238,-182,-72,90,-116,-51,174,-133,-65,222,-142,-69,257,-151,-72,100,-70,-59,157,-76,-67,138,-67,-50,114,-62,-36,107,-26,-68,146,-42,-63,130,-35,-38,112,-27,-19
368,821,0,20,-74,1,73,-114,-12,130,-112,-26,172,-101,-38,79,-159,-41,161,-171,-61,206,-177,-71,240,-184,-75,91,-117,-53,174,-135,-67,222,-144,-71,257,-153,-75,100,-70,-61,158,-79,-69,139,-70,-52,116,-65,-38,107,-25,-69,147,-44,-65,131,-38,-41,113,-31,-21
366,818,0,21,-73,1,74,-111,-12,132,-109,-26,173,-99,-39,80,-156,-43,161,-167,-63,206,-172,-74,241,-179,-78,91,-114,-55,175,-132,-70,222,-140,-74,257,-149,-78,100,-68,-63,158,-77,-71,139,-68,-54,115,-64,-39,106,-23,-71,146,-41,-67,130,-35,-42,113,-28,-22
366,817,0,21,-72,1,75,-110,-12,132,-108,-26,174,-98,-39,79,-155,-42,160,-165,-62,206,-169,-72,240,-174,-77,90,-113,-54,173,-129,-69,221,-136,-73,255,-144,-76,99,-66,-62,157,-75,-71,137,-67,-54,114,-63,-40,105,-22,-71,145,-40,-66,128,-35,-42,112,-28,-23
365,814,0,22,-72,0,76,-107,-14,134,-103,-28,176,-94,-42,79,-151,-45,161,-159,-67,206,-162,-77,240,-165,-81,89,-110,-57,173,-124,-74,221,-130,-77,255,-137,-81,97,-64,-65,156,-71,-75,136,-64,-57,113,-60,-43,103,-19,-74,144,-37,-70,128,-32,-45,110,-25,-25
336,581,0,52,-33,0,111,-16,-21,151,41,-44,179,89,-66,140,-59,-55,203,12,-86,238,55,-106,266,87,-118,123,-27,-73,195,47,-103,238,96,-114,273,132,-122,102,11,-86,153,77,-104,129,67,-84,109,47,-68,81,51,-101,125,96,-104,109,87,-77,91,71,-56
333,586,0,52,-33,1,111,-16,-19,152,39,-42,181,84,-64,140,-62,-54,205,9,-84,240,51,-104,268,83,-115,124,-30,-72,197,44,-101,240,92,-112,274,128,-120,104,9,-86,155,74,-103,132,65,-83,111,45,-67,82,49,-101,127,94,-102,111,85,-75,93,69,-54
368,724,0,36,-51,19,87,-85,11,140,-89,-4,180,-87,-19,90,-166,5,163,-159,-10,204,-155,-21,234,-156,-28,94,-153,-19,178,-136,-32,225,-129,-39,260,-128,-45,95,-124,-41,158,-71,-50,133,-46,-41,109,-42,-34,99,-85,-63,141,-40,-61,121,-20,-47,105,-18,-36
368,721,0,35,-49,16,87,-84,8,139,-87,-7,179,-88,-22,89,-165,3,163,-157,-13,203,-152,-25,234,-153,-32,93,-152,-19,177,-135,-33,224,-128,-41,258,-128,-48,95,-124,-41,158,-69,-52,132,-43,-44,108,-41,-36,98,-85,-62,140,-38,-62,120,-18,-49,103,-18,-38
367,720,0,35,-50,18,87,-84,10,140,-87,-5,179,-88,-20,90,-164,5,163,-158,-11,203,-152,-23,234,-152,-30,94,-152,-19,178,-135,-32,224,-129,-40,260,-128,-47,96,-123,-41,159,-68,-51,133,-44,-43,108,-41,-36,99,-84,-63,140,-37,-62,120,-18,-49,104,-17,-38
367,721,0,37,-50,19,88,-83,12,140,-87,-3,179,-88,-18,90,-164,7,163,-157,-9,203,-152,-20,234,-152,-27,94,-152,-17,177,-138,-31,223,-131,-39,258,-130,-46,95,-125,-40,159,-70,-51,134,-44,-43,109,-41,-35,99,-85,-63,141,-38,-62,120,-18,-49,104,-18,-38
366,723,0,36,-50,17,87,-84,9,139,-88,-6,179,-89,-20,90,-165,5,162,-158,-12,203,-154,-23,234,-154,-31,94,-153,-19,177,-138,-33,223,-131,-42,258,-130,-48,95,-125,-40,159,-71,-51,133,-45,-43,109,-43,-36,99,-86,-62,141,-39,-62,120,-20,-48,104,-20,-37
365,723,0,36,-51,18,87,-85,11,139,-88,-4,179,-88,-19,90,-164,5,162,-157,-10,202,-153,-22,233,-153,-30,93,-152,-19,177,-136,-32,223,-130,-40,257,-130,-47,94,-123,-41,159,-71,-52,134,-45,-43,109,-42,-35,98,-83,-64,142,-39,-63,122,-20,-49,105,-20,-37
365,723,0,36,-50,17,87,-84,10,140,-88,-6,179,-88,-21,90,-165,4,163,-158,-12,203,-153,-24,234,-153,-31,93,-152,-19,177,-137,-32,223,-130,-41,257,-129,-47,95,-124,-41,159,-70,-51,134,-44,-43,109,-41,-36,99,-84,-63,142,-39,-62,121,-20,-48,105,-20,-37
365,721,0,35,-52,15,87,-86,6,140,-88,-10,180,-86,-25,91,-165,0,164,-157,-17,204,-153,-29,235,-153,-37,94,-151,-22,178,-135,-36,224,-129,-44,259,-128,-51,95,-121,-43,159,-68,-53,134,-43,-45,110,-42,-37,98,-81,-64,142,-36,-63,121,-18,-49,104,-19,-37
366,719,0,34,-51,14,86,-86,5,140,-87,-11,181,-84,-26,90,-166,-2,164,-157,-20,205,-152,-32,236,-153,-40,93,-151,-24,179,-135,-39,227,-128,-47,263,-126,-54,95,-120,-44,158,-67,-54,134,-44,-45,109,-43,-38,99,-80,-65,140,-35,-64,120,-17,-49,103,-19,-38
364,719,0,35,-53,16,88,-87,8,142,-87,-7,182,-83,-21,91,-165,0,166,-157,-16,207,-153,-27,237,-153,-35,95,-150,-23,181,-134,-36,229,-126,-44,264,-125,-51,97,-119,-44,160,-68,-52,136,-45,-42,111,-45,-34,100,-78,-65,142,-35,-63,122,-18,-47,106,-19,-35
363,719,0,34,-54,15,87,-88,7,142,-86,-8,183,-80,-23,91,-165,-2,167,-157,-18,207,-152,-29,238,-153,-37,96,-149,-24,183,-133,-37,231,-125,-46,267,-123,-52,98,-117,-45,161,-67,-53,137,-44,-43,112,-43,-35,102,-76,-66,143,-33,-63,123,-17,-47,107,-17,-35
362,717,0,35,-55,16,88,-88,7,143,-85,-9,184,-78,-24,92,-165,-2,168,-157,-19,209,-152,-31,241,-152,-40,96,-148,-25,184,-131,-39,232,-125,-48,269,-123,-56,99,-115,-46,163,-65,-55,138,-42,-44,114,-41,-36,102,-73,-68,144,-32,-65,124,-15,-49,107,-15,-36
361,714,0,35,-56,15,88,-89,6,144,-85,-10,185,-76,-25,93,-164,-5,170,-156,-21,211,-151,-33,243,-152,-41,98,-144,-27,185,-129,-41,234,-123,-49,271,-121,-57,101,-110,-47,164,-62,-55,139,-41,-43,114,-41,-35,103,-68,-68,145,-29,-65,124,-13,-47,108,-14,-34
361,715,0,33,-58,15,88,-90,6,144,-85,-10,185,-76,-25,92,-164,-6,170,-156,-22,212,-151,-34,244,-151,-42,98,-143,-28,185,-128,-41,236,-119,-50,273,-117,-57,101,-108,-48,164,-62,-55,138,-41,-43,114,-41,-34,103,-65,-68,145,-28,-65,125,-13,-47,108,-15,-33
359,713,0,33,-58,14,88,-90,4,144,-83,-12,186,-73,-27,94,-161,-10,171,-153,-26,213,-147,-39,246,-147,-47,99,-138,-31,186,-122,-44,236,-114,-52,273,-111,-60,101,-102,-50,163,-58,-57,138,-37,-45,115,-37,-37,103,-58,-70,144,-23,-66,124,-9,-48,107,-12,-35
350,716,0,34,-64,14,89,-90,5,147,-78,-9,189,-63,-23,101,-151,-18,180,-144,-33,222,-139,-42,255,-139,-48,109,-118,-37,193,-106,-46,240,-98,-51,276,-95,-56,113,-76,-53,169,-46,-54,145,-33,-36,121,-34,-25,113,-28,-69,149,-10,-58,129,-4,-34,112,-5,-16
285,756,0,35,-61,9,92,-82,-11,149,-68,-34,193,-52,-56,101,-135,-61,182,-121,-97,227,-114,-116,261,-107,-127,99,-97,-85,188,-84,-117,240,-73,-126,277,-65,-134,95,-52,-102,168,-29,-120,153,-16,-94,131,-13,-74,91,-5,-121,151,8,-118,140,15,-85,123,18,-60
282,752,0,36,-58,10,93,-78,-9,149,-65,-32,193,-50,-54,101,-131,-57,181,-117,-91,225,-108,-110,258,-101,-119,99,-94,-81,188,-80,-113,238,-69,-122,275,-62,-129,96,-50,-100,166,-27,-119,150,-14,-93,128,-11,-73,92,-4,-120,149,10,-118,138,17,-85,122,19,-60
282,756,0,36,-59,12,92,-80,-6,149,-67,-28,192,-53,-50,101,-133,-57,182,-118,-90,225,-110,-108,259,-103,-118,100,-96,-82,189,-81,-113,238,-69,-121,275,-62,-128,96,-52,-101,168,-30,-118,151,-16,-91,128,-14,-70,92,-6,-120,151,8,-118,141,15,-84,123,18,-58
282,753,0,36,-60,10,93,-80,-10,149,-66,-32,193,-50,-54,102,-132,-60,182,-116,-94,226,-108,-112,260,-102,-122,100,-95,-83,189,-79,-113,240,-68,-122,277,-60,-130,96,-50,-101,168,-28,-117,154,-14,-91,132,-11,-73,91,-4,-119,150,10,-116,143,18,-85,128,21,-61
282,755,0,36,-60,13,93,-80,-5,149,-67,-27,193,-53,-49,103,-132,-54,183,-117,-87,227,-108,-105,260,-102,-115,101,-96,-80,190,-80,-110,240,-68,-119,278,-61,-126,97,-51,-100,169,-28,-117,151,-16,-89,129,-15,-69,92,-5,-119,152,9,-117,141,16,-84,123,17,-59
282,754,0,36,-60,12,93,-79,-6,150,-64,-28,194,-49,-50,103,-131,-55,183,-115,-88,227,-106,-106,261,-99,-116,101,-95,-80,190,-77,-109,240,-65,-118,277,-58,-126,97,-51,-100,170,-26,-116,153,-13,-90,130,-11,-71,93,-5,-120,152,9,-117,141,16,-85,124,18,-60
282,754,0,36,-59,10,94,-79,-8,151,-63,-31,194,-47,-52,104,-131,-55,185,-116,-88,229,-107,-107,264,-101,-118,102,-96,-79,191,-78,-109,242,-67,-119,280,-59,-127,98,-51,-98,171,-26,-115,153,-14,-89,130,-11,-70,94,-5,-117,153,9,-115,142,16,-83,125,18,-58
282,755,0,36,-60,9,94,-79,-10,151,-63,-33,194,-47,-54,104,-132,-55,185,-117,-89,229,-108,-108,263,-101,-118,102,-96,-79,191,-79,-108,242,-67,-118,280,-59,-127,99,-52,-97,171,-27,-114,154,-14,-90,132,-11,-71,94,-7,-116,153,8,-115,144,16,-84,126,18,-61
283,751,0,37,-59,9,94,-79,-10,151,-62,-32,194,-46,-54,105,-132,-55,186,-115,-88,231,-106,-107,265,-99,-117,103,-95,-79,191,-79,-108,243,-67,-117,280,-59,-126,99,-51,-97,171,-25,-114,157,-10,-90,136,-6,-72,94,-6,-116,153,9,-114,145,17,-83,129,21,-60
284,749,0,37,-59,11,95,-78,-7,151,-63,-29,194,-47,-50,104,-131,-51,185,-115,-81,229,-106,-98,263,-100,-108,103,-96,-75,190,-79,-102,241,-68,-111,279,-60,-119,99,-52,-95,171,-25,-109,155,-11,-84,132,-8,-66,94,-6,-115,154,9,-112,144,17,-80,127,20,-57
282,736,0,37,-57,10,94,-77,-8,151,-62,-31,194,-49,-52,105,-134,-46,186,-116,-76,229,-105,-94,263,-98,-103,105,-98,-70,193,-81,-97,242,-68,-107,280,-60,-115,101,-53,-90,168,-25,-107,147,-15,-84,122,-17,-65,96,-6,-109,151,10,-109,138,18,-77,121,20,-53
282,736,0,37,-56,10,94,-76,-8,150,-62,-30,193,-49,-52,105,-133,-45,184,-115,-75,228,-106,-93,262,-100,-103,104,-97,-69,191,-80,-98,240,-68,-108,278,-60,-115,100,-53,-89,166,-25,-108,143,-16,-83,120,-18,-63,96,-6,-109,149,10,-108,134,15,-76,116,15,-50
283,737,0,36,-57,11,93,-77,-7,150,-63,-29,193,-51,-50,105,-133,-45,184,-116,-76,228,-106,-94,263,-100,-103,104,-98,-70,191,-80,-99,240,-67,-109,279,-59,-117,101,-54,-90,166,-26,-109,144,-16,-85,120,-18,-65,95,-7,-111,148,9,-110,133,15,-77,115,15,-52
284,738,0,36,-57,12,93,-77,-5,150,-64,-26,193,-51,-48,105,-133,-44,183,-116,-74,227,-106,-92,261,-98,-101,104,-99,-70,190,-80,-98,239,-67,-108,277,-59,-116,100,-54,-91,165,-26,-109,143,-15,-85,120,-16,-66,95,-7,-112,148,9,-110,134,15,-78,116,16,-53
285,737,0,37,-57,13,94,-77,-4,150,-63,-26,193,-50,-48,106,-133,-47,185,-113,-78,229,-103,-95,263,-96,-105,105,-98,-73,191,-79,-101,241,-66,-110,279,-57,-119,101,-54,-94,166,-25,-111,146,-13,-88,123,-14,-70,96,-7,-115,149,10,-114,138,17,-83,121,20,-59
287,735,0,37,-58,15,94,-76,-1,151,-62,-22,194,-48,-42,107,-133,-42,186,-114,-71,230,-104,-88,264,-98,-97,106,-99,-69,193,-79,-95,242,-66,-104,279,-57,-112,102,-54,-91,169,-24,-106,150,-12,-82,127,-11,-64,96,-8,-112,152,11,-110,143,20,-79,128,24,-56
289,733,0,38,-58,13,95,-77,-4,151,-62,-25,194,-47,-46,107,-135,-42,187,-116,-71,230,-106,-89,265,-100,-99,107,-101,-68,193,-80,-93,242,-66,-102,280,-58,-111,103,-56,-89,171,-25,-104,151,-13,-81,128,-12,-65,98,-9,-110,151,12,-108,140,20,-78,124,22,-56
292,728,0,38,-56,15,94,-75,-1,151,-60,-23,194,-46,-44,106,-132,-41,185,-113,-70,228,-102,-86,262,-95,-96,106,-98,-68,191,-76,-94,240,-63,-104,278,-54,-112,102,-54,-90,167,-22,-105,145,-11,-80,122,-13,-63,97,-6,-112,148,14,-109,134,20,-78,117,19,-54
297,721,0,38,-55,15,96,-72,-1,152,-57,-22,195,-43,-42,108,-132,-36,187,-113,-63,230,-102,-79,264,-95,-89,108,-98,-63,193,-76,-87,242,-61,-96,280,-52,-104,104,-54,-85,169,-21,-99,149,-7,-76,126,-6,-59,99,-8,-107,151,15,-104,138,24,-74,121,26,-52
304,718,0,38,-57,16,94,-76,2,151,-61,-18,194,-46,-37,108,-133,-35,188,-112,-62,231,-100,-77,265,-93,-85,109,-100,-61,195,-77,-85,243,-62,-93,280,-51,-101,105,-57,-83,169,-19,-96,148,-6,-74,124,-7,-57,100,-10,-104,151,15,-99,137,23,-69,120,25,-47
307,719,0,37,-58,17,93,-77,3,151,-62,-17,194,-47,-36,109,-134,-35,189,-114,-61,232,-102,-75,267,-94,-83,109,-101,-60,196,-77,-84,245,-61,-92,282,-51,-99,106,-57,-81,169,-20,-94,146,-8,-71,123,-11,-54,101,-11,-101,150,14,-96,134,20,-65,116,18,-41
309,716,0,38,-57,16,94,-76,2,151,-61,-19,194,-45,-39,110,-131,-36,189,-111,-63,233,-98,-79,267,-90,-88,110,-99,-62,195,-75,-87,244,-60,-96,282,-50,-104,106,-55,-84,169,-18,-97,147,-7,-74,122,-9,-57,101,-8,-105,149,16,-100,134,22,-70,116,20,-47
312,715,0,38,-57,16,94,-75,1,152,-59,-19,195,-43,-39,110,-131,-35,189,-110,-61,233,-98,-77,267,-90,-85,109,-98,-60,194,-74,-84,243,-58,-93,281,-48,-100,105,-55,-81,169,-17,-95,147,-5,-72,124,-7,-55,100,-8,-102,150,17,-97,134,24,-67,116,22,-44
315,714,0,38,-56,17,95,-74,2,152,-59,-18,195,-43,-38,110,-129,-35,189,-108,-62,233,-96,-77,267,-88,-85,110,-95,-61,195,-72,-86,244,-57,-95,281,-46,-102,106,-52,-83,169,-15,-97,146,-4,-74,122,-7,-57,100,-6,-105,150,19,-100,134,25,-69,116,23,-46
317,761,0,38,-57,22,96,-74,10,154,-56,-6,196,-39,-20,112,-128,-42,194,-109,-67,236,-101,-80,269,-97,-88,114,-93,-67,198,-74,-87,246,-60,-93,282,-50,-101,111,-51,-86,179,-20,-89,163,-5,-59,139,-1,-40,106,-5,-105,156,16,-92,148,22,-59,132,22,-36
314,761,0,39,-57,25,96,-74,13,153,-57,-4,195,-41,-19,112,-129,-41,194,-112,-66,237,-104,-78,271,-100,-86,113,-95,-68,200,-77,-89,249,-63,-93,284,-52,-100,111,-53,-88,180,-22,-91,164,-4,-60,142,1,-40,106,-8,-108,155,15,-94,145,21,-60,129,21,-36
300,738,0,37,-60,18,93,-80,4,150,-64,-16,194,-48,-35,107,-137,-37,188,-120,-64,232,-109,-78,265,-101,-84,107,-103,-62,195,-87,-85,243,-75,-90,277,-68,-95,105,-60,-83,171,-29,-93,150,-16,-67,126,-16,-47,100,-13,-103,150,5,-93,136,13,-58,120,14,-32
297,740,0,37,-61,19,93,-81,5,150,-64,-14,194,-47,-33,107,-139,-36,189,-122,-64,232,-111,-78,266,-103,-85,108,-105,-62,196,-87,-85,243,-75,-90,277,-69,-95,105,-61,-83,172,-29,-94,151,-15,-67,127,-14,-47,101,-14,-104,152,6,-93,138,14,-58,121,15,-32
295,744,0,37,-62,21,93,-82,9,150,-67,-10,194,-48,-28,108,-141,-33,191,-124,-60,235,-113,-74,269,-106,-81,109,-106,-60,198,-88,-82,245,-77,-88,281,-71,-94,106,-63,-81,173,-32,-92,153,-17,-66,129,-16,-47,102,-16,-102,153,4,-92,141,13,-58,124,13,-32
293,742,0,38,-63,20,95,-84,7,152,-64,-11,195,-42,-30,109,-141,-34,192,-123,-59,237,-113,-74,271,-106,-81,111,-106,-60,200,-88,-82,248,-76,-89,283,-70,-95,108,-62,-82,177,-30,-91,157,-15,-66,133,-14,-47,103,-14,-103,155,6,-93,142,14,-60,126,15,-36
291,741,0,37,-61,20,94,-82,7,152,-63,-12,195,-43,-30,109,-140,-36,192,-123,-62,236,-113,-75,270,-106,-82,110,-106,-62,199,-88,-84,247,-77,-89,283,-70,-95,107,-62,-83,176,-29,-92,156,-14,-66,132,-11,-46,102,-15,-103,154,6,-93,141,14,-58,124,15,-33
254,583,0,40,-56,-2,99,-70,-27,155,-46,-51,198,-27,-73,104,-110,-81,188,-99,-115,233,-90,-129,268,-85,-134,101,-65,-99,192,-61,-135,243,-53,-141,283,-47,-143,98,-17,-111,169,-10,-134,148,-8,-100,124,-12,-71,93,30,-123,150,23,-122,134,21,-81,114,23,-49
254,586,0,39,-58,-1,98,-72,-26,155,-48,-50,198,-27,-72,104,-112,-83,187,-100,-117,232,-91,-130,268,-85,-136,101,-67,-101,191,-62,-138,243,-53,-144,283,-47,-146,98,-19,-112,171,-11,-135,150,-9,-100,126,-13,-70,94,27,-125,152,21,-123,136,19,-80,115,21,-47
253,590,0,39,-58,1,98,-70,-24,155,-48,-48,198,-27,-70,103,-112,-82,188,-100,-116,233,-91,-129,269,-86,-135,101,-69,-102,192,-63,-139,243,-53,-144,283,-45,-145,99,-21,-114,171,-11,-136,149,-9,-98,126,-12,-68,94,25,-127,152,21,-123,136,19,-79,115,21,-45
251,591,0,40,-58,1,99,-71,-24,155,-48,-48,198,-26,-70,104,-113,-80,188,-100,-115,234,-91,-128,269,-86,-134,102,-69,-100,192,-63,-136,243,-54,-142,282,-49,-144,99,-20,-112,169,-10,-134,148,-9,-99,124,-13,-70,93,26,-125,151,23,-122,135,20,-80,114,22,-47
250,594,0,38,-59,1,97,-74,-23,154,-53,-46,197,-32,-68,103,-116,-79,189,-104,-112,234,-96,-124,269,-91,-129,101,-71,-98,193,-66,-132,243,-57,-137,282,-51,-138,99,-23,-109,170,-14,-130,149,-13,-97,125,-17,-68,94,23,-121,151,19,-118,136,17,-78,115,18,-46
259,630,0,41,-56,7,99,-72,-17,154,-51,-41,197,-35,-65,105,-122,-73,186,-108,-106,230,-100,-121,265,-95,-129,99,-82,-96,189,-71,-131,239,-59,-138,278,-52,-142,94,-36,-112,165,-17,-130,146,-13,-96,123,-17,-70,88,11,-129,147,15,-124,133,16,-83,112,15,-52
215,583,0,38,-60,4,93,-86,-21,149,-74,-49,190,-60,-76,96,-144,-64,177,-135,-101,221,-128,-123,257,-125,-137,90,-107,-87,181,-101,-124,235,-93,-135,276,-89,-143,87,-61,-106,162,-40,-129,140,-30,-102,114,-32,-81,85,-14,-126,146,-6,-128,130,-1,-95,107,-2,-70
216,588,0,38,-61,2,93,-89,-24,148,-76,-52,190,-61,-79,95,-148,-67,176,-137,-104,221,-131,-128,257,-128,-142,89,-109,-89,180,-103,-126,233,-96,-138,274,-93,-148,86,-61,-108,161,-42,-131,139,-32,-106,114,-35,-86,84,-14,-127,146,-8,-131,130,-2,-100,108,-3,-75
413,713,0,37,-59,9,93,-75,-8,150,-59,-26,194,-45,-43,103,-123,-53,183,-110,-76,227,-102,-84,260,-101,-88,106,-82,-72,190,-76,-93,236,-69,-94,270,-67,-96,106,-35,-85,168,-23,-94,147,-15,-63,124,-15,-40,103,12,-98,152,11,-88,133,13,-50,114,16,-22
411,709,0,37,-58,11,92,-75,-6,150,-60,-24,195,-45,-42,104,-120,-53,184,-107,-75,227,-100,-84,261,-98,-87,106,-79,-73,191,-73,-94,236,-66,-94,270,-63,-96,106,-33,-87,167,-20,-95,145,-12,-63,122,-13,-39,103,14,-101,150,13,-89,132,15,-50,112,18,-21
411,712,0,37,-59,9,92,-78,-9,150,-62,-28,194,-46,-46,104,-123,-55,185,-110,-77,227,-103,-86,261,-101,-88,106,-82,-74,191,-76,-94,236,-68,-94,268,-66,-95,106,-36,-86,166,-22,-95,145,-13,-64,122,-14,-41,102,12,-99,150,11,-88,131,14,-50,112,16,-23
409,709,0,37,-58,9,92,-76,-9,150,-62,-28,194,-47,-46,103,-121,-54,182,-109,-76,225,-100,-85,258,-98,-88,104,-81,-73,189,-74,-93,234,-64,-93,267,-61,-94,104,-35,-87,165,-20,-95,143,-12,-65,120,-12,-43,101,12,-100,149,12,-89,131,15,-52,111,17,-25
406,711,0,38,-58,9,92,-76,-9,150,-62,-29,194,-47,-47,103,-123,-55,183,-110,-78,225,-102,-87,258,-100,-90,105,-82,-74,189,-75,-94,234,-66,-94,268,-62,-95,104,-36,-87,164,-21,-95,143,-13,-64,120,-13,-42,101,11,-100,149,11,-88,131,13,-50,111,15,-23
405,710,0,38,-56,11,92,-73,-7,150,-60,-26,194,-46,-44,104,-121,-52,182,-109,-75,225,-101,-85,258,-99,-89,106,-82,-72,189,-75,-93,234,-66,-94,268,-62,-96,105,-36,-87,165,-20,-95,144,-12,-64,120,-13,-42,102,11,-101,149,12,-90,131,15,-52,111,17,-24
403,707,0,38,-58,10,93,-76,-8,151,-61,-27,194,-45,-44,104,-122,-55,184,-108,-78,228,-101,-86,262,-99,-90,106,-81,-74,191,-73,-94,237,-64,-94,271,-61,-96,106,-34,-87,166,-19,-95,145,-11,-64,122,-12,-43,103,13,-100,150,13,-88,132,16,-52,113,18,-25
400,708,0,38,-57,9,94,-74,-8,150,-61,-27,194,-46,-45,105,-123,-52,184,-109,-76,228,-101,-86,261,-98,-90,106,-83,-72,190,-75,-93,236,-67,-95,270,-63,-97,105,-36,-86,166,-20,-95,145,-11,-66,122,-12,-44,102,11,-100,150,13,-89,132,16,-53,112,18,-26
258,692,0,39,-66,8,95,-94,-11,149,-78,-34,190,-62,-56,106,-143,-55,188,-130,-89,233,-124,-110,270,-120,-123,100,-103,-78,193,-93,-112,249,-84,-123,291,-78,-132,96,-56,-96,177,-35,-116,156,-28,-91,129,-31,-72,91,-7,-114,156,2,-117,140,5,-88,119,1,-65
259,692,0,39,-67,7,96,-94,-13,150,-77,-37,190,-61,-59,106,-145,-56,190,-133,-89,234,-127,-110,271,-122,-123,100,-105,-79,194,-95,-113,250,-85,-124,294,-78,-133,96,-57,-97,178,-37,-117,157,-27,-92,131,-31,-73,91,-7,-116,157,2,-118,142,6,-88,119,2,-66
260,691,0,38,-66,7,94,-94,-13,149,-77,-36,190,-62,-58,104,-144,-56,188,-131,-88,233,-124,-109,270,-119,-122,99,-104,-78,193,-94,-111,249,-84,-122,292,-77,-130,95,-56,-96,176,-37,-115,156,-28,-90,130,-31,-71,91,-6,-114,156,1,-116,140,4,-86,118,1,-64
260,691,0,38,-70,9,95,-99,-10,149,-83,-33,189,-66,-55,108,-147,-57,193,-134,-90,240,-126,-111,277,-120,-124,102,-107,-80,199,-95,-113,257,-85,-123,301,-77,-132,98,-57,-98,182,-37,-116,161,-28,-90,134,-32,-71,94,-6,-117,161,2,-118,144,6,-88,120,2,-65
264,694,0,37,-68,9,93,-96,-10,149,-78,-32,191,-60,-54,105,-145,-58,191,-132,-90,237,-124,-110,275,-118,-122,100,-105,-80,197,-93,-112,254,-83,-122,300,-74,-131,97,-56,-97,179,-36,-114,158,-28,-87,132,-31,-69,94,-7,-115,160,2,-115,143,4,-85,120,1,-62
281,707,0,35,-62,8,91,-89,-10,146,-76,-30,189,-65,-49,94,-139,-53,174,-136,-82,217,-132,-97,251,-130,-107,93,-102,-75,181,-99,-105,233,-93,-112,272,-89,-119,93,-57,-91,168,-47,-108,149,-38,-80,125,-39,-60,91,-12,-108,151,-12,-107,137,-8,-74,117,-7,-50
283,706,0,35,-63,8,91,-89,-10,147,-76,-31,189,-63,-51,94,-139,-55,175,-135,-84,218,-131,-101,253,-129,-111,94,-102,-77,181,-100,-107,234,-93,-115,274,-88,-122,93,-57,-94,170,-48,-110,151,-38,-81,126,-39,-61,91,-11,-111,152,-12,-110,137,-9,-78,117,-9,-54
293,700,0,35,-67,13,90,-96,-2,146,-81,-21,188,-66,-39,96,-145,-47,177,-140,-73,220,-138,-88,253,-138,-97,97,-108,-70,186,-104,-95,237,-99,-101,276,-97,-107,97,-64,-87,175,-55,-99,158,-45,-72,134,-44,-53,95,-16,-105,156,-17,-100,142,-12,-69,122,-12,-46
293,697,0,36,-69,14,91,-97,-1,146,-82,-19,188,-66,-37,98,-147,-45,179,-142,-72,222,-140,-88,257,-141,-98,98,-110,-68,188,-106,-94,239,-100,-100,278,-99,-106,98,-65,-86,178,-55,-98,159,-45,-72,135,-45,-53,96,-16,-105,157,-16,-100,142,-12,-69,123,-11,-47
292,695,0,35,-67,15,90,-96,0,145,-82,-18,188,-68,-35,97,-146,-46,178,-143,-74,222,-142,-90,256,-142,-100,98,-109,-69,187,-107,-95,238,-102,-102,277,-100,-108,98,-65,-87,176,-56,-99,158,-44,-72,134,-44,-53,96,-16,-105,156,-17,-100,142,-12,-68,122,-11,-45
291,694,0,36,-68,15,91,-96,0,145,-82,-19,187,-69,-36,98,-147,-45,178,-142,-72,220,-141,-88,255,-142,-98,98,-110,-68,186,-107,-94,236,-101,-100,274,-100,-106,98,-65,-86,175,-57,-98,158,-46,-71,135,-45,-53,96,-18,-105,156,-18,-100,142,-13,-69,123,-12,-46
290,694,0,35,-68,17,90,-97,3,145,-84,-14,187,-71,-31,98,-148,-41,178,-144,-67,221,-142,-83,255,-144,-94,99,-111,-65,187,-108,-90,237,-103,-96,276,-102,-103,99,-67,-84,176,-58,-95,158,-47,-68,134,-46,-49,98,-20,-102,157,-19,-96,142,-14,-65,123,-13,-42
289,692,0,35,-68,15,90,-96,1,145,-82,-17,187,-70,-33,97,-147,-40,178,-144,-66,220,-144,-82,255,-146,-91,99,-111,-64,186,-108,-88,235,-104,-94,274,-103,-101,99,-66,-82,176,-57,-93,157,-46,-66,133,-45,-48,98,-19,-101,156,-18,-95,141,-13,-64,122,-13,-41
290,692,0,35,-67,15,90,-96,1,144,-83,-17,186,-72,-34,96,-149,-41,177,-146,-67,220,-146,-82,254,-149,-91,97,-112,-65,185,-110,-88,235,-106,-94,273,-105,-100,98,-69,-83,175,-58,-93,157,-46,-66,133,-46,-48,97,-21,-101,155,-20,-95,140,-14,-64,121,-13,-42
291,693,0,33,-69,17,87,-100,3,142,-89,-14,184,-78,-29,94,-149,-42,175,-147,-66,218,-147,-80,252,-149,-88,96,-114,-65,183,-112,-87,234,-109,-93,272,-107,-99,98,-71,-83,175,-60,-91,156,-49,-64,133,-47,-47,98,-23,-101,156,-23,-94,140,-17,-63,121,-16,-42
291,691,0,34,-67,15,89,-96,2,144,-85,-15,186,-73,-31,94,-147,-39,173,-144,-62,216,-144,-76,249,-144,-85,97,-113,-62,182,-110,-83,233,-106,-89,272,-105,-96,99,-70,-80,173,-58,-87,155,-45,-60,131,-44,-43,100,-24,-98,155,-22,-91,140,-15,-60,121,-14,-38
297,696,0,33,-68,17,87,-97,4,143,-87,-13,185,-76,-29,93,-149,-35,173,-148,-59,215,-148,-72,249,-149,-81,97,-116,-60,182,-114,-81,233,-111,-87,272,-110,-93,99,-74,-79,174,-61,-87,155,-49,-60,132,-47,-42,100,-28,-98,155,-26,-90,140,-19,-59,121,-17,-37
396,669,0,34,-65,15,89,-95,3,145,-85,-13,186,-73,-28,103,-154,-34,187,-152,-59,234,-149,-74,271,-149,-84,107,-117,-57,199,-113,-80,251,-106,-88,293,-102,-96,109,-70,-75,189,-53,-87,165,-39,-65,139,-36,-49,110,-20,-93,167,-10,-90,147,-3,-64,125,-2,-45
401,670,0,33,-66,14,87,-98,2,143,-87,-15,186,-73,-30,101,-153,-37,186,-151,-62,233,-149,-77,270,-148,-87,104,-117,-59,197,-112,-82,251,-105,-90,291,-100,-98,107,-70,-75,187,-53,-86,165,-39,-64,138,-37,-48,108,-20,-92,166,-10,-88,146,-3,-62,125,-2,-42
400,669,0,34,-64,12,89,-92,-1,146,-81,-18,187,-69,-33,101,-149,-35,185,-146,-60,232,-143,-75,268,-141,-84,105,-113,-56,195,-108,-79,247,-100,-88,288,-97,-96,107,-67,-73,184,-49,-86,161,-35,-64,135,-34,-49,107,-18,-90,163,-8,-88,144,-1,-63,122,0,-44
402,673,0,34,-64,11,89,-93,-2,145,-82,-19,187,-69,-34,100,-151,-36,185,-147,-61,231,-144,-76,268,-143,-85,104,-115,-57,194,-108,-79,247,-100,-87,287,-97,-95,106,-69,-73,183,-51,-85,160,-37,-63,135,-35,-48,107,-20,-89,163,-10,-87,144,-2,-61,122,-1,-43
400,674,0,34,-64,11,89,-92,-2,146,-81,-19,188,-67,-35,101,-148,-35,185,-144,-59,231,-140,-74,267,-138,-84,105,-112,-56,194,-106,-78,247,-98,-86,287,-94,-95,108,-67,-72,183,-48,-85,159,-34,-63,133,-33,-48,108,-17,-89,163,-7,-88,143,0,-63,122,0,-45
401,679,0,34,-67,11,89,-96,-2,146,-83,-18,188,-68,-34,101,-152,-36,186,-146,-60,233,-143,-75,269,-142,-85,105,-115,-56,197,-108,-78,248,-99,-86,288,-95,-94,108,-69,-72,185,-50,-84,163,-36,-63,137,-35,-49,109,-19,-89,164,-8,-87,145,-2,-62,123,-1,-44
401,681,0,33,-66,11,88,-95,-2,146,-83,-18,188,-69,-34,101,-151,-37,186,-146,-61,233,-141,-76,269,-139,-86,105,-114,-57,197,-107,-79,249,-98,-88,289,-94,-96,108,-68,-73,183,-49,-85,161,-36,-64,133,-34,-50,109,-19,-89,163,-8,-88,144,-2,-63,122,-1,-44
400,682,0,34,-66,13,89,-95,1,146,-83,-15,188,-68,-31,103,-151,-36,189,-144,-60,236,-140,-74,272,-138,-83,107,-113,-57,199,-106,-79,251,-97,-87,292,-92,-94,109,-67,-73,186,-47,-85,163,-35,-63,136,-33,-49,110,-17,-89,165,-7,-87,145,0,-61,124,0,-43
406,684,0,32,-68,11,88,-98,-1,145,-84,-17,187,-69,-33,101,-148,-40,187,-141,-65,233,-137,-79,270,-135,-88,106,-109,-60,196,-101,-83,249,-93,-91,290,-89,-99,109,-62,-75,185,-46,-86,162,-37,-64,137,-36,-49,110,-13,-91,165,-8,-87,146,-3,-61,124,-2,-42
407,682,0,33,-68,11,89,-97,-2,146,-83,-19,189,-66,-34,103,-147,-39,188,-140,-63,234,-136,-77,271,-134,-85,108,-109,-59,197,-101,-80,249,-93,-87,288,-88,-95,111,-61,-73,185,-45,-83,163,-35,-60,137,-34,-45,112,-14,-88,166,-7,-84,146,-2,-58,125,-1,-39
406,682,0,33,-70,11,89,-101,-1,146,-86,-17,188,-67,-31,104,-150,-37,191,-143,-60,238,-138,-73,275,-137,-81,110,-110,-56,201,-102,-76,253,-94,-83,292,-91,-91,113,-62,-70,190,-47,-79,168,-36,-57,141,-36,-43,114,-13,-84,169,-8,-81,149,-3,-55,128,-2,-37
410,678,0,33,-67,10,89,-96,-3,146,-82,-19,188,-66,-34,103,-147,-37,188,-139,-60,234,-134,-73,270,-133,-81,108,-108,-57,197,-100,-77,248,-92,-84,287,-87,-91,111,-62,-72,185,-42,-81,164,-32,-58,138,-32,-43,112,-14,-87,165,-6,-83,146,0,-56,125,1,-37
445,438,0,36,-70,16,95,-101,8,151,-83,-6,191,-60,-19,112,-161,-12,198,-152,-27,243,-145,-36,278,-142,-42,119,-133,-32,207,-116,-44,259,-100,-50,298,-92,-56,122,-92,-50,190,-46,-54,161,-29,-40,132,-28,-31,122,-43,-67,162,-6,-63,138,6,-47,117,4,-35
446,435,0,36,-69,15,96,-98,7,152,-82,-7,192,-56,-21,112,-160,-14,198,-148,-28,244,-141,-38,280,-139,-44,119,-132,-33,207,-113,-44,258,-98,-50,296,-89,-56,121,-91,-50,190,-44,-54,162,-27,-40,133,-26,-32,122,-43,-67,162,-4,-63,138,7,-48,117,6,-36
494,393,0,37,-72,12,97,-100,2,153,-80,-12,192,-56,-27,112,-161,-18,198,-146,-34,243,-139,-46,279,-137,-54,118,-130,-38,207,-109,-50,259,-95,-58,300,-88,-66,120,-86,-54,189,-40,-56,162,-27,-40,134,-32,-32,121,-37,-71,162,0,-66,140,8,-49,120,3,-37
493,393,0,37,-71,11,98,-100,1,153,-81,-14,192,-55,-28,113,-161,-19,199,-146,-36,244,-139,-48,281,-136,-57,118,-129,-38,208,-110,-52,260,-95,-60,302,-88,-68,121,-85,-54,190,-42,-59,163,-29,-44,135,-33,-35,121,-35,-71,164,0,-68,141,7,-52,121,1,-40
495,395,0,36,-73,10,95,-102,-1,151,-84,-16,191,-59,-31,110,-163,-22,197,-149,-39,242,-142,-51,278,-140,-60,116,-131,-40,206,-112,-55,258,-98,-62,300,-91,-70,119,-87,-55,189,-44,-60,162,-30,-44,133,-35,-35,119,-37,-72,162,-1,-69,140,7,-52,120,0,-41
493,397,0,36,-73,11,95,-102,2,151,-85,-12,190,-61,-26,110,-162,-20,196,-149,-37,241,-143,-49,277,-141,-57,117,-129,-38,206,-113,-52,259,-99,-60,299,-92,-68,120,-85,-54,190,-45,-58,163,-31,-43,135,-34,-34,121,-35,-71,163,-1,-67,140,6,-50,121,0,-37
493,399,0,35,-70,8,95,-100,-2,152,-83,-17,191,-59,-31,110,-161,-21,195,-149,-39,242,-143,-51,279,-140,-60,117,-128,-38,207,-112,-53,258,-99,-61,299,-93,-69,121,-82,-53,189,-43,-59,162,-29,-45,135,-32,-36,122,-32,-69,162,0,-67,139,7,-51,120,3,-39
492,403,0,34,-71,7,95,-102,-3,152,-84,-18,190,-61,-31,110,-160,-20,196,-150,-38,242,-143,-49,277,-139,-56,118,-126,-37,208,-111,-51,260,-99,-59,299,-93,-66,122,-81,-51,189,-43,-58,162,-30,-44,135,-33,-36,123,-31,-66,162,0,-65,140,7,-50,121,3,-38
491,422,0,35,-75,10,95,-103,0,150,-85,-13,189,-64,-26,113,-159,-25,202,-149,-41,247,-144,-50,284,-143,-56,122,-120,-42,212,-107,-52,262,-97,-56,301,-93,-63,126,-72,-55,197,-45,-54,172,-36,-36,144,-38,-26,126,-22,-68,167,-3,-61,147,2,-42,128,-1,-29
490,426,0,34,-76,10,94,-107,0,149,-87,-14,189,-66,-27,113,-163,-25,202,-154,-40,248,-148,-49,284,-147,-56,121,-125,-41,213,-112,-51,263,-102,-55,302,-97,-62,126,-78,-54,197,-49,-54,172,-39,-37,144,-42,-28,126,-28,-68,167,-6,-62,146,-1,-44,127,-4,-31
486,424,0,35,-75,10,94,-105,0,149,-88,-14,188,-66,-27,112,-163,-21,202,-155,-38,248,-150,-47,284,-149,-54,121,-127,-39,213,-115,-49,264,-104,-54,303,-100,-61,126,-80,-53,198,-51,-55,173,-38,-39,145,-39,-29,126,-31,-68,169,-7,-63,148,0,-45,129,-4,-33
484,424,0,35,-73,10,95,-102,0,151,-83,-14,190,-62,-27,110,-162,-21,198,-153,-36,244,-148,-46,280,-147,-53,119,-125,-38,210,-115,-48,260,-104,-53,298,-100,-60,124,-80,-52,194,-52,-54,170,-40,-38,143,-42,-29,125,-30,-67,167,-10,-62,146,-4,-44,127,-6,-32
480,421,0,35,-70,10,95,-98,-1,152,-79,-15,191,-60,-28,110,-159,-23,197,-150,-39,242,-144,-49,278,-144,-57,119,-122,-40,209,-111,-51,258,-101,-57,296,-97,-64,123,-76,-54,193,-48,-57,167,-36,-40,140,-38,-30,125,-27,-70,164,-6,-65,143,0,-46,125,-2,-34
480,423,0,34,-74,9,93,-104,-2,149,-86,-16,189,-65,-30,110,-161,-27,198,-152,-43,244,-148,-53,279,-148,-60,118,-124,-43,209,-113,-54,259,-103,-59,298,-99,-65,123,-77,-57,193,-51,-57,169,-40,-39,141,-42,-30,124,-28,-71,166,-10,-64,146,-4,-45,126,-5,-32
478,426,0,34,-73,7,94,-101,-4,150,-82,-19,190,-62,-33,108,-160,-28,195,-151,-45,241,-146,-56,277,-146,-64,117,-121,-45,206,-112,-57,256,-104,-62,295,-101,-70,121,-74,-58,191,-51,-60,166,-41,-43,138,-42,-33,123,-25,-72,165,-10,-67,144,-5,-47,124,-6,-34
243,447,0,27,-74,6,79,-114,-12,135,-107,-33,178,-91,-52,86,-163,-58,175,-163,-89,224,-159,-107,261,-155,-118,89,-121,-76,185,-124,-105,241,-121,-112,282,-119,-118,94,-73,-90,175,-66,-103,158,-55,-80,132,-52,-63,98,-24,-104,158,-26,-103,144,-21,-76,123,-20,-54
242,449,0,26,-75,7,79,-116,-11,135,-107,-31,178,-90,-51,87,-165,-58,177,-166,-89,226,-163,-108,263,-158,-118,90,-124,-76,186,-127,-104,243,-123,-111,285,-121,-117,94,-75,-90,177,-69,-103,159,-57,-79,132,-54,-62,98,-25,-104,160,-28,-103,146,-23,-75,124,-21,-53
240,448,0,27,-75,7,78,-117,-11,134,-109,-31,177,-92,-50,86,-164,-57,177,-164,-89,225,-160,-107,262,-156,-117,90,-123,-76,186,-126,-104,242,-122,-111,283,-119,-116,94,-73,-90,177,-68,-103,161,-55,-80,136,-51,-63,98,-24,-104,159,-27,-103,146,-21,-76,125,-19,-55
240,450,0,27,-75,7,79,-117,-11,136,-108,-31,178,-91,-51,86,-165,-57,176,-165,-88,224,-161,-107,262,-156,-117,89,-124,-76,185,-127,-104,242,-123,-111,283,-120,-117,94,-75,-90,176,-70,-104,161,-56,-81,136,-51,-64,98,-24,-104,160,-28,-104,147,-21,-77,126,-18,-56
239,450,0,27,-75,7,79,-116,-11,135,-107,-31,178,-90,-51,86,-165,-58,176,-164,-89,225,-160,-108,261,-156,-118,89,-123,-76,185,-127,-104,241,-122,-112,282,-119,-118,94,-74,-90,176,-69,-103,161,-55,-80,137,-51,-64,98,-24,-104,160,-28,-103,147,-21,-76,127,-19,-55
238,449,0,27,-73,6,80,-113,-13,137,-105,-33,179,-88,-53,86,-163,-58,175,-162,-90,223,-158,-109,260,-152,-120,88,-121,-77,183,-125,-105,239,-121,-112,280,-117,-119,92,-73,-90,175,-67,-104,162,-53,-82,139,-47,-67,97,-23,-105,159,-25,-105,148,-19,-78,128,-16,-58
239,451,0,26,-73,5,80,-112,-13,137,-102,-34,181,-84,-54,85,-163,-58,173,-163,-90,222,-159,-109,259,-153,-119,87,-122,-77,183,-126,-105,238,-121,-112,279,-119,-119,92,-73,-91,173,-68,-104,158,-54,-82,133,-50,-65,96,-24,-105,158,-27,-104,145,-21,-77,124,-19,-56
238,451,0,27,-71,6,80,-109,-13,138,-100,-34,181,-84,-55,84,-159,-59,172,-159,-91,219,-155,-110,255,-150,-120,87,-119,-78,180,-123,-106,235,-119,-114,275,-115,-120,90,-71,-92,171,-66,-106,156,-51,-83,132,-46,-66,94,-22,-107,155,-24,-106,144,-18,-79,124,-15,-58
237,454,0,27,-72,5,82,-109,-14,140,-97,-35,183,-79,-55,84,-160,-57,171,-160,-88,218,-156,-106,254,-152,-117,87,-119,-76,180,-123,-103,234,-119,-111,274,-117,-117,91,-72,-90,170,-65,-104,152,-53,-81,127,-51,-65,95,-23,-105,154,-26,-104,140,-20,-77,119,-19,-56
237,454,0,27,-71,4,83,-106,-16,142,-93,-37,185,-75,-56,83,-159,-58,169,-158,-88,217,-154,-106,252,-149,-116,86,-118,-76,178,-122,-103,231,-118,-110,271,-116,-117,90,-70,-90,169,-65,-103,153,-52,-80,128,-48,-63,93,-22,-104,153,-26,-103,141,-20,-75,120,-17,-53
236,456,0,28,-70,3,84,-104,-17,143,-91,-38,186,-72,-58,83,-157,-58,167,-155,-88,213,-152,-106,249,-147,-116,85,-116,-76,176,-120,-103,229,-117,-110,268,-116,-116,90,-68,-90,165,-64,-103,149,-52,-81,124,-49,-65,93,-21,-104,151,-26,-103,138,-20,-76,118,-17,-56
236,458,0,28,-69,2,84,-103,-18,144,-89,-39,187,-71,-60,82,-156,-58,165,-156,-88,212,-152,-105,247,-148,-115,84,-116,-76,174,-120,-103,227,-117,-110,266,-117,-117,88,-69,-90,163,-64,-104,145,-52,-81,120,-50,-65,92,-21,-104,149,-26,-103,135,-21,-75,114,-19,-54
235,458,0,28,-69,4,84,-103,-16,143,-90,-37,187,-71,-58,82,-156,-58,166,-155,-88,212,-151,-106,248,-148,-116,84,-116,-77,174,-120,-104,228,-116,-111,267,-115,-117,88,-69,-91,163,-64,-104,147,-51,-81,123,-47,-65,92,-21,-105,150,-26,-103,137,-20,-75,117,-16,-54
234,458,0,29,-69,2,86,-102,-18,144,-87,-40,188,-67,-60,81,-155,-58,166,-155,-87,211,-151,-104,247,-148,-114,84,-114,-76,174,-119,-101,227,-116,-109,266,-116,-116,88,-67,-89,163,-63,-103,146,-52,-81,121,-50,-66,93,-19,-104,149,-25,-102,135,-20,-75,114,-17,-55
235,458,0,28,-69,2,85,-101,-18,145,-87,-39,188,-66,-60,79,-155,-58,163,-155,-88,209,-150,-105,244,-147,-114,81,-115,-76,170,-118,-102,222,-116,-109,262,-116,-116,86,-69,-90,160,-64,-104,143,-51,-82,118,-48,-66,89,-22,-105,147,-26,-103,133,-20,-76,112,-17,-56
234,457,0,28,-69,3,84,-103,-17,144,-89,-39,188,-69,-60,81,-155,-60,165,-154,-90,211,-150,-107,247,-147,-117,83,-114,-78,173,-119,-105,226,-116,-112,265,-115,-118,87,-66,-92,163,-64,-106,149,-50,-84,126,-45,-69,91,-18,-107,149,-25,-105,139,-19,-78,120,-14,-57
234,457,0,29,-67,1,86,-100,-19,146,-85,-41,189,-64,-62,79,-153,-59,162,-152,-88,207,-148,-105,242,-145,-115,81,-113,-77,169,-116,-102,221,-114,-110,260,-114,-117,85,-67,-90,159,-62,-105,144,-50,-84,120,-47,-69,89,-21,-105,146,-26,-104,133,-20,-78,114,-16,-58
234,457,0,29,-67,2,86,-100,-18,146,-85,-40,189,-65,-61,80,-154,-59,163,-153,-89,210,-149,-107,245,-146,-117,82,-114,-78,171,-117,-104,224,-116,-112,263,-116,-118,86,-67,-92,160,-62,-106,145,-49,-85,122,-45,-69,90,-19,-107,148,-25,-105,136,-19,-77,116,-15,-56
234,454,0,29,-67,2,86,-99,-18,146,-84,-39,189,-63,-60,80,-152,-58,163,-151,-87,209,-147,-104,244,-144,-113,82,-112,-76,170,-116,-102,223,-114,-109,261,-115,-115,86,-66,-90,160,-61,-104,146,-47,-83,122,-43,-67,90,-20,-105,148,-25,-104,136,-18,-76,117,-13,-56
235,454,0,29,-67,2,86,-98,-18,146,-83,-39,189,-63,-59,80,-153,-57,163,-152,-86,209,-148,-102,243,-145,-112,82,-113,-75,170,-117,-100,223,-115,-107,261,-115,-114,86,-66,-89,160,-61,-103,146,-48,-82,123,-43,-67,90,-20,-104,149,-25,-102,137,-17,-75,118,-13,-55
236,454,0,29,-68,2,86,-99,-18,146,-84,-39,189,-64,-60,80,-154,-56,164,-153,-84,209,-149,-101,244,-145,-111,83,-114,-74,171,-118,-99,223,-116,-106,262,-116,-112,87,-68,-88,160,-62,-102,144,-48,-81,121,-44,-65,91,-21,-103,149,-26,-101,136,-19,-74,116,-15,-53
237,453,0,28,-68,3,85,-101,-17,146,-86,-38,189,-65,-59,81,-155,-56,165,-153,-84,211,-150,-101,246,-147,-110,83,-115,-74,172,-118,-99,225,-116,-106,265,-116,-112,87,-68,-88,162,-63,-102,146,-49,-80,122,-45,-64,92,-21,-103,150,-26,-101,137,-19,-73,117,-15,-53
237,452,0,29,-67,3,86,-99,-17,146,-85,-38,189,-65,-58,81,-154,-54,164,-153,-83,210,-149,-100,245,-146,-109,83,-115,-72,172,-119,-98,224,-116,-105,264,-116,-111,87,-69,-87,161,-63,-102,145,-49,-81,122,-44,-65,91,-22,-102,149,-26,-101,137,-19,-74,117,-14,-54
237,451,0,29,-68,3,86,-101,-16,145,-85,-38,189,-65,-58,82,-155,-54,166,-153,-83,212,-150,-100,247,-146,-110,84,-115,-73,173,-118,-98,226,-116,-105,265,-117,-111,88,-68,-87,162,-63,-101,147,-50,-80,123,-46,-65,92,-21,-102,151,-26,-101,137,-19,-74,117,-15,-53
237,450,0,29,-68,2,86,-101,-17,146,-85,-38,190,-63,-59,81,-154,-55,166,-153,-84,212,-150,-101,247,-146,-111,84,-114,-73,173,-118,-99,226,-116,-106,265,-116,-112,88,-68,-88,162,-63,-102,147,-50,-81,123,-46,-65,92,-20,-103,150,-26,-102,137,-19,-75,117,-15,-54
238,451,0,29,-69,3,85,-101,-16,145,-86,-37,189,-65,-58,81,-156,-55,165,-155,-83,211,-151,-100,246,-148,-109,83,-116,-73,173,-119,-98,225,-117,-104,264,-117,-110,87,-69,-87,162,-64,-101,147,-50,-80,124,-45,-64,92,-22,-102,150,-26,-100,138,-19,-73,118,-15,-53
237,450,0,29,-70,4,86,-102,-15,145,-87,-36,189,-65,-56,82,-155,-54,166,-154,-82,212,-151,-99,247,-147,-108,84,-116,-73,174,-119,-97,226,-117,-104,265,-118,-110,88,-69,-87,163,-64,-100,149,-51,-80,125,-45,-64,93,-21,-102,151,-26,-100,139,-19,-74,119,-14,-54
236,449,0,29,-70,4,86,-103,-15,145,-87,-35,189,-65,-55,82,-155,-54,166,-154,-82,212,-150,-98,247,-146,-108,84,-116,-72,174,-119,-96,226,-116,-103,264,-117,-109,88,-68,-86,164,-64,-100,152,-49,-80,129,-43,-66,92,-21,-101,152,-25,-100,140,-18,-75,121,-13,-56
236,449,0,29,-69,3,86,-101,-16,146,-86,-37,189,-63,-57,82,-155,-54,165,-154,-82,211,-150,-98,246,-147,-107,84,-115,-72,173,-119,-97,225,-117,-103,263,-117,-109,87,-68,-87,162,-63,-100,147,-49,-80,124,-45,-65,91,-20,-102,150,-25,-101,138,-18,-74,117,-14,-55
233,449,0,29,-69,3,86,-102,-15,146,-87,-36,189,-64,-57,83,-156,-53,167,-155,-82,213,-152,-98,248,-149,-107,86,-116,-72,175,-120,-97,227,-118,-104,266,-119,-110,90,-69,-87,164,-63,-101,147,-50,-80,123,-45,-64,94,-20,-102,151,-25,-101,138,-18,-74,118,-14,-54
232,448,0,28,-71,3,85,-105,-16,146,-89,-36,189,-65,-56,83,-158,-54,169,-157,-82,216,-153,-98,251,-150,-107,86,-117,-72,177,-122,-96,230,-119,-102,269,-119,-109,90,-70,-86,167,-64,-99,152,-48,-79,129,-42,-64,95,-21,-100,154,-25,-100,142,-16,-74,123,-11,-55
243,724,0,32,-68,-7,90,-92,-26,149,-75,-44,192,-56,-61,90,-130,-61,181,-134,-87,229,-131,-98,266,-130,-102,96,-79,-71,189,-91,-93,242,-95,-99,279,-99,-103,101,-28,-77,180,-44,-92,166,-50,-76,142,-55,-62,107,17,-83,163,-10,-86,151,-19,-66,135,-19,-50
243,726,0,32,-68,-7,90,-91,-27,149,-75,-45,192,-55,-62,90,-131,-61,181,-135,-87,229,-132,-98,266,-131,-102,96,-79,-71,190,-92,-93,242,-96,-99,280,-100,-103,102,-28,-77,179,-45,-93,165,-51,-77,141,-55,-62,107,17,-84,163,-10,-86,152,-19,-66,134,-20,-49
242,728,0,32,-66,-7,90,-89,-27,148,-74,-46,192,-56,-62,90,-129,-62,181,-133,-89,228,-131,-99,264,-131,-103,97,-78,-72,190,-91,-95,241,-95,-100,279,-99,-103,102,-27,-78,178,-45,-93,164,-50,-77,141,-55,-62,107,17,-84,161,-9,-86,151,-19,-66,135,-20,-49
241,730,0,33,-66,-8,91,-89,-27,148,-72,-46,192,-54,-62,91,-128,-61,180,-133,-87,227,-132,-97,263,-133,-101,97,-78,-70,189,-91,-93,240,-95,-98,278,-100,-102,102,-27,-76,178,-45,-92,164,-50,-76,141,-54,-61,107,17,-83,161,-9,-86,152,-19,-66,136,-21,-49
242,731,0,32,-66,-9,90,-89,-29,148,-73,-48,192,-55,-64,89,-128,-63,179,-133,-90,227,-132,-100,263,-132,-103,96,-77,-72,188,-91,-95,240,-95,-100,278,-100,-103,101,-27,-77,177,-44,-93,163,-51,-77,140,-55,-62,105,17,-84,160,-9,-87,151,-20,-67,135,-22,-50
242,734,0,30,-66,-9,89,-89,-29,147,-73,-47,192,-56,-63,88,-128,-64,178,-134,-90,225,-133,-100,261,-134,-103,94,-78,-73,188,-92,-95,239,-97,-99,277,-101,-103,100,-28,-77,177,-46,-93,163,-53,-77,139,-58,-63,105,15,-83,159,-12,-87,150,-23,-68,134,-26,-52
244,735,0,30,-66,-10,89,-90,-31,146,-75,-50,191,-58,-66,87,-128,-65,177,-134,-92,224,-133,-102,260,-134,-106,92,-77,-74,185,-93,-97,237,-99,-102,275,-103,-106,98,-27,-78,175,-46,-95,160,-53,-79,137,-57,-65,103,16,-84,158,-12,-88,148,-22,-70,133,-25,-54
244,735,0,31,-66,-9,89,-90,-29,147,-75,-47,191,-57,-63,86,-128,-65,177,-135,-90,224,-134,-100,260,-134,-104,92,-78,-73,185,-94,-95,238,-99,-100,275,-104,-104,98,-28,-78,176,-48,-93,164,-56,-78,141,-61,-65,104,15,-83,158,-14,-87,150,-27,-69,135,-30,-54
243,733,0,31,-65,-10,90,-90,-30,147,-74,-49,192,-56,-65,87,-129,-64,178,-134,-90,225,-133,-101,261,-134,-105,92,-79,-73,186,-93,-96,238,-98,-101,276,-102,-106,98,-28,-78,176,-47,-95,162,-54,-80,138,-58,-66,104,15,-84,158,-14,-88,149,-25,-70,132,-27,-55
242,731,0,31,-65,-10,89,-88,-30,147,-74,-49,191,-58,-65,85,-125,-66,175,-133,-92,223,-132,-102,259,-133,-106,91,-75,-74,183,-92,-98,236,-98,-103,273,-102,-107,97,-26,-79,175,-47,-96,161,-54,-80,138,-59,-66,102,17,-84,157,-13,-89,148,-25,-71,133,-28,-56
243,731,0,31,-65,-9,89,-89,-30,147,-75,-49,191,-60,-65,84,-127,-65,175,-135,-92,221,-133,-102,257,-135,-106,90,-77,-74,184,-93,-98,235,-98,-103,273,-102,-106,96,-27,-80,174,-47,-97,159,-53,-81,135,-58,-67,103,15,-86,156,-14,-91,146,-24,-72,128,-26,-56
243,727,0,31,-64,-9,89,-87,-30,147,-73,-49,191,-59,-66,84,-125,-67,174,-132,-95,221,-131,-105,257,-132,-109,89,-75,-77,183,-92,-101,234,-97,-106,272,-101,-110,95,-27,-82,173,-46,-99,159,-51,-81,136,-55,-67,100,17,-88,155,-12,-92,145,-22,-72,128,-23,-56
243,726,0,31,-64,-10,89,-87,-31,147,-73,-50,191,-59,-67,84,-125,-67,174,-133,-94,221,-132,-105,257,-133,-109,89,-75,-76,183,-93,-100,235,-98,-105,272,-101,-109,95,-26,-81,174,-45,-98,160,-52,-82,136,-56,-67,101,17,-87,156,-13,-92,146,-24,-73,130,-26,-57
243,725,0,31,-64,-9,89,-87,-30,147,-74,-49,191,-60,-66,83,-125,-68,173,-132,-95,220,-132,-105,257,-133,-109,89,-76,-77,182,-92,-101,234,-97,-105,271,-100,-109,94,-27,-82,173,-45,-98,160,-51,-82,136,-56,-67,101,16,-88,155,-12,-92,145,-22,-73,129,-24,-57
242,724,0,32,-64,-9,89,-88,-30,147,-74,-50,191,-59,-67,84,-124,-66,173,-131,-93,219,-131,-104,256,-133,-108,89,-76,-75,181,-92,-100,232,-97,-105,270,-101,-109,94,-27,-81,173,-46,-99,158,-52,-82,135,-55,-68,100,17,-88,155,-13,-93,145,-22,-74,128,-24,-58
242,724,0,32,-64,-9,89,-87,-30,146,-75,-49,190,-61,-66,82,-125,-67,171,-133,-94,219,-133,-105,255,-134,-109,88,-75,-76,180,-93,-100,232,-98,-105,269,-101,-109,94,-27,-81,171,-46,-98,158,-53,-82,135,-57,-67,100,17,-88,154,-12,-92,145,-23,-73,129,-26,-57
241,724,0,32,-64,-10,89,-88,-31,147,-75,-50,190,-61,-67,82,-125,-67,172,-133,-95,220,-133,-106,257,-134,-110,88,-75,-76,181,-92,-101,233,-98,-107,270,-102,-111,94,-26,-82,172,-46,-99,159,-52,-83,135,-57,-68,100,17,-88,155,-12,-93,146,-22,-74,129,-25,-58
241,725,0,31,-64,-10,89,-88,-31,146,-75,-50,190,-61,-67,82,-125,-67,172,-133,-94,219,-134,-105,256,-136,-109,88,-75,-76,181,-93,-101,233,-99,-107,270,-103,-110,94,-27,-82,172,-46,-100,158,-53,-84,135,-57,-69,100,17,-88,155,-13,-94,145,-23,-75,128,-25,-59
241,727,0,31,-64,-10,89,-88,-31,146,-76,-50,190,-61,-68,82,-126,-68,171,-134,-96,219,-134,-107,256,-136,-111,88,-77,-77,180,-94,-102,232,-99,-108,269,-104,-112,93,-27,-83,171,-46,-101,158,-53,-85,136,-57,-71,100,16,-89,154,-14,-94,145,-24,-76,129,-26,-60
240,729,0,31,-65,-9,89,-89,-30,147,-77,-49,190,-61,-66,82,-126,-68,172,-135,-95,219,-135,-106,256,-137,-110,88,-76,-77,180,-94,-102,232,-100,-107,270,-105,-111,94,-27,-82,171,-47,-99,158,-54,-84,136,-59,-70,101,16,-88,155,-14,-93,146,-24,-75,130,-27,-60
238,732,0,30,-65,-8,88,-90,-28,147,-77,-47,190,-61,-63,83,-127,-67,173,-135,-93,220,-136,-103,257,-138,-107,89,-77,-76,183,-94,-99,235,-100,-104,272,-105,-108,96,-28,-81,174,-47,-98,160,-54,-82,137,-59,-68,102,15,-87,157,-14,-91,146,-24,-72,130,-26,-56
236,734,0,30,-65,-9,88,-90,-29,147,-76,-48,190,-61,-64,84,-125,-66,172,-135,-93,219,-135,-103,256,-137,-107,90,-75,-76,182,-93,-99,234,-99,-104,272,-103,-108,96,-26,-81,172,-45,-98,158,-52,-83,134,-57,-69,102,17,-87,156,-13,-92,146,-24,-74,130,-26,-59
236,737,0,30,-65,-9,88,-89,-30,147,-76,-48,190,-60,-65,84,-125,-67,174,-135,-95,222,-136,-106,258,-137,-109,90,-76,-76,183,-94,-101,236,-100,-106,273,-105,-110,97,-27,-82,174,-45,-99,160,-52,-84,137,-57,-70,104,17,-87,157,-13,-93,147,-24,-75,132,-27,-60
237,739,0,30,-65,-8,88,-89,-28,147,-74,-47,191,-58,-64,84,-126,-67,175,-136,-94,224,-136,-104,261,-138,-108,90,-76,-76,185,-94,-101,237,-100,-106,275,-105,-109,97,-26,-81,175,-45,-100,160,-52,-85,137,-55,-70,104,17,-87,159,-13,-93,148,-23,-74,130,-25,-58
431,747,0,37,-77,15,96,-101,18,153,-87,18,190,-62,19,125,-128,-4,208,-132,-6,249,-130,-4,282,-130,-2,137,-76,-13,217,-91,-8,260,-99,-6,291,-107,-7,142,-25,-18,203,-47,-11,191,-59,-1,171,-67,5,142,18,-23,175,-15,-10,165,-34,4,151,-40,15
434,745,0,37,-78,15,96,-104,18,153,-88,18,190,-63,19,125,-128,-4,208,-132,-7,250,-130,-6,282,-130,-4,137,-77,-13,217,-90,-9,261,-99,-7,292,-108,-8,142,-26,-18,203,-47,-12,190,-58,-2,168,-63,5,142,17,-22,175,-15,-10,163,-32,5,148,-36,16
436,743,0,36,-79,14,95,-104,16,153,-89,16,189,-63,17,125,-129,-5,207,-133,-7,249,-130,-6,281,-130,-4,137,-77,-13,216,-91,-9,259,-100,-7,291,-108,-8,142,-26,-18,203,-47,-13,189,-57,-4,167,-63,3,142,17,-22,174,-15,-10,162,-30,4,146,-35,14
436,742,0,36,-77,16,95,-102,19,153,-88,19,190,-62,20,124,-130,-4,207,-133,-7,249,-130,-5,281,-130,-3,135,-79,-13,216,-92,-9,259,-99,-6,290,-107,-7,141,-29,-18,201,-48,-11,188,-58,-2,166,-64,5,142,15,-22,174,-16,-9,161,-31,5,146,-35,17
435,740,0,36,-76,17,95,-100,20,152,-87,19,190,-62,20,123,-129,-4,206,-133,-7,247,-131,-6,280,-131,-4,136,-80,-15,216,-92,-11,259,-100,-9,290,-108,-10,141,-29,-21,201,-47,-15,187,-55,-4,164,-60,3,141,15,-27,174,-14,-14,161,-28,2,145,-32,14
436,738,0,38,-78,18,97,-103,21,153,-88,21,189,-63,23,125,-132,-3,209,-135,-6,251,-133,-5,284,-133,-2,137,-82,-14,220,-94,-10,262,-101,-8,294,-108,-9,143,-31,-21,206,-49,-14,192,-58,-4,169,-62,3,143,14,-26,177,-17,-15,165,-31,0,150,-36,11
436,739,0,36,-78,19,96,-103,23,153,-89,23,189,-63,24,125,-134,-2,209,-136,-5,251,-135,-4,284,-135,-2,137,-83,-13,220,-95,-9,262,-101,-6,294,-109,-7,142,-31,-21,206,-49,-14,192,-58,-2,169,-62,5,142,14,-27,177,-16,-14,164,-30,1,149,-34,13
436,739,0,37,-77,18,96,-100,22,153,-86,22,190,-60,23,124,-133,-3,207,-135,-5,249,-133,-4,281,-134,-2,136,-83,-14,217,-94,-9,260,-100,-7,291,-108,-8,142,-32,-21,204,-49,-14,189,-57,-2,166,-60,5,142,14,-27,175,-16,-14,162,-29,1,147,-32,12
436,739,0,37,-77,18,96,-100,22,153,-86,21,191,-60,22,123,-133,-2,207,-135,-5,249,-133,-3,282,-135,-1,136,-84,-13,218,-94,-9,261,-100,-6,292,-107,-7,141,-33,-21,204,-49,-13,188,-56,-2,166,-60,5,141,13,-27,175,-16,-14,162,-29,2,147,-32,13
435,738,0,37,-76,19,95,-101,21,152,-87,20,190,-62,21,124,-132,-4,207,-134,-7,250,-133,-6,282,-134,-4,135,-83,-15,218,-94,-11,260,-99,-9,292,-106,-9,141,-32,-23,203,-48,-16,188,-54,-3,165,-59,5,141,13,-29,175,-14,-16,162,-27,0,147,-30,12
434,736,0,38,-76,18,97,-98,21,154,-82,20,191,-57,20,124,-132,-2,207,-134,-5,249,-132,-4,281,-132,-2,136,-82,-14,217,-92,-9,259,-97,-7,291,-104,-8,141,-32,-21,203,-46,-14,188,-53,-3,165,-58,5,141,13,-28,175,-14,-14,162,-26,1,146,-29,13
432,732,0,39,-75,20,98,-97,21,154,-81,18,192,-55,16,123,-131,-7,206,-132,-12,248,-129,-12,282,-130,-10,135,-82,-20,218,-91,-18,260,-96,-15,291,-103,-16,140,-32,-29,203,-44,-23,185,-48,-9,162,-51,1,139,15,-37,175,-10,-23,161,-21,-5,145,-22,9
426,725,0,36,-69,15,94,-89,13,152,-77,8,191,-57,4,115,-124,-10,193,-125,-17,234,-124,-18,266,-125,-17,124,-79,-22,202,-87,-22,243,-90,-21,275,-95,-24,128,-31,-31,187,-40,-27,170,-44,-13,148,-47,-3,127,13,-39,163,-6,-28,148,-14,-8,132,-15,6
425,723,0,36,-69,14,94,-89,12,150,-79,6,190,-60,3,114,-122,-13,192,-125,-21,232,-123,-22,263,-123,-21,122,-77,-25,200,-85,-26,241,-90,-24,273,-94,-26,127,-30,-33,186,-41,-29,169,-45,-13,147,-48,-2,126,14,-41,163,-7,-28,148,-15,-8,132,-16,7
424,723,0,36,-68,13,92,-89,10,150,-79,4,190,-62,0,111,-122,-16,190,-124,-24,230,-122,-25,261,-122,-23,120,-77,-28,197,-85,-28,238,-89,-26,269,-93,-27,124,-30,-35,182,-40,-31,166,-45,-14,144,-48,-3,124,14,-43,161,-7,-30,147,-15,-9,130,-15,7
423,722,0,36,-67,12,92,-87,8,150,-77,1,190,-61,-4,110,-121,-15,187,-123,-23,227,-121,-25,258,-121,-24,118,-77,-27,194,-85,-28,236,-89,-27,267,-93,-29,122,-30,-36,180,-39,-32,164,-44,-16,142,-47,-5,122,14,-44,159,-6,-32,146,-14,-12,129,-14,4
419,725,0,35,-67,12,91,-87,8,149,-77,2,190,-61,-2,108,-121,-16,185,-123,-23,225,-122,-24,256,-123,-24,117,-77,-28,194,-85,-29,235,-89,-27,265,-93,-29,122,-30,-36,180,-41,-33,165,-46,-17,144,-48,-6,121,13,-44,158,-8,-33,146,-16,-13,130,-16,1
419,725,0,35,-67,13,93,-88,10,150,-78,5,190,-60,1,111,-121,-13,188,-124,-20,227,-122,-21,258,-124,-21,119,-76,-25,195,-85,-25,237,-89,-23,267,-94,-26,123,-30,-34,182,-41,-29,168,-45,-13,147,-49,-3,123,14,-42,160,-7,-30,148,-15,-10,132,-15,4
419,725,0,35,-69,12,92,-90,10,149,-80,5,190,-63,2,110,-122,-14,188,-125,-20,228,-123,-21,259,-124,-20,119,-77,-25,196,-86,-24,238,-90,-22,269,-95,-23,124,-30,-32,184,-43,-26,172,-50,-11,153,-54,-1,124,12,-39,162,-9,-26,151,-19,-7,136,-22,7
418,725,0,35,-67,12,92,-88,9,149,-78,3,190,-61,-1,110,-121,-15,187,-124,-22,226,-122,-23,257,-123,-22,119,-76,-26,194,-84,-26,235,-88,-24,267,-93,-26,123,-30,-35,181,-40,-30,165,-45,-14,143,-48,-4,123,13,-43,160,-7,-31,147,-15,-11,131,-15,4
419,725,0,34,-68,12,91,-89,9,148,-79,3,190,-63,0,109,-122,-14,186,-124,-20,225,-123,-21,256,-123,-20,118,-77,-25,194,-86,-24,235,-90,-22,266,-94,-24,122,-31,-33,181,-41,-28,166,-46,-12,145,-49,-2,123,13,-41,160,-9,-28,148,-17,-8,132,-17,6
418,725,0,35,-67,12,91,-88,9,149,-78,3,190,-61,-1,109,-122,-15,185,-123,-22,225,-121,-22,257,-123,-21,118,-77,-27,193,-85,-26,235,-88,-24,266,-93,-26,122,-30,-35,180,-40,-31,164,-44,-14,142,-46,-3,123,13,-43,160,-7,-31,146,-14,-10,129,-14,5
418,726,0,35,-67,12,91,-87,8,149,-77,2,190,-61,-2,109,-121,-14,185,-124,-21,224,-122,-22,255,-123,-21,118,-77,-26,194,-85,-26,235,-89,-24,266,-93,-27,122,-30,-35,180,-40,-31,164,-44,-15,142,-46,-4,123,13,-43,159,-7,-31,145,-14,-11,129,-13,4
417,727,0,35,-67,12,91,-87,8,149,-77,2,190,-60,-2,109,-121,-14,185,-123,-20,224,-121,-21,255,-124,-20,118,-77,-26,193,-84,-25,234,-88,-24,265,-94,-26,122,-30,-34,181,-39,-31,164,-43,-15,142,-47,-4,123,13,-42,159,-6,-31,146,-14,-11,130,-14,4
418,729,0,34,-66,10,92,-86,6,150,-76,0,191,-59,-4,108,-122,-15,183,-124,-21,223,-122,-22,254,-124,-21,117,-78,-26,192,-85,-25,233,-88,-24,264,-93,-26,122,-31,-33,179,-39,-30,163,-43,-15,141,-46,-5,123,12,-41,158,-7,-29,144,-14,-10,128,-14,4
418,729,0,35,-66,11,92,-86,8,150,-75,1,191,-57,-2,108,-120,-14,184,-122,-20,223,-121,-20,254,-124,-18,117,-76,-25,192,-84,-24,233,-88,-22,263,-93,-24,122,-30,-33,179,-39,-29,162,-43,-13,141,-45,-3,122,13,-40,157,-6,-28,143,-13,-8,127,-13,6
418,730,0,35,-66,10,91,-86,6,150,-75,0,191,-57,-4,108,-121,-16,184,-123,-22,224,-122,-23,255,-124,-21,117,-77,-27,193,-84,-26,234,-88,-24,265,-93,-26,122,-30,-34,179,-38,-30,163,-42,-15,140,-45,-5,122,13,-41,158,-6,-29,144,-12,-9,128,-12,6
419,730,0,35,-66,11,92,-86,7,150,-75,2,191,-58,-2,108,-121,-15,185,-123,-21,224,-122,-20,255,-124,-19,118,-77,-26,194,-85,-24,234,-88,-22,265,-93,-24,123,-30,-33,180,-39,-28,164,-42,-13,142,-46,-3,123,13,-40,159,-6,-27,145,-14,-7,129,-13,7
420,731,0,34,-66,11,91,-86,8,150,-76,2,191,-58,-1,109,-122,-15,186,-124,-20,225,-123,-20,256,-125,-18,119,-77,-25,194,-86,-24,235,-90,-21,266,-95,-23,124,-30,-33,180,-38,-28,163,-42,-13,141,-44,-3,124,12,-40,159,-6,-27,145,-13,-7,129,-13,7
422,731,0,35,-67,12,91,-86,9,150,-76,4,191,-58,1,109,-122,-14,186,-124,-19,224,-123,-19,255,-124,-17,119,-78,-25,194,-86,-23,234,-89,-20,265,-94,-22,124,-31,-32,179,-39,-27,164,-43,-11,142,-46,-2,124,12,-39,158,-6,-26,144,-14,-6,129,-14,8
425,731,0,35,-67,12,92,-86,9,150,-76,4,191,-58,2,110,-121,-12,185,-125,-17,224,-123,-17,254,-125,-15,119,-77,-23,194,-86,-20,234,-90,-18,264,-96,-20,124,-30,-30,180,-40,-24,166,-45,-10,145,-49,-2,125,11,-36,158,-8,-23,146,-16,-5,130,-17,8
506,802,0,44,-79,19,108,-100,28,162,-83,34,193,-51,40,155,-113,10,236,-101,13,275,-91,16,305,-85,20,163,-56,2,243,-53,12,284,-55,18,314,-61,20,162,-2,-3,221,-15,9,215,-30,18,196,-40,23,156,42,-7,185,13,8,176,-7,21,163,-17,30
508,800,0,45,-79,19,111,-100,27,164,-80,33,194,-47,39,157,-111,9,240,-98,13,280,-88,17,310,-82,21,164,-54,2,246,-49,13,289,-51,18,319,-59,19,164,2,-3,224,-12,9,219,-28,17,201,-40,22,156,46,-6,186,15,9,179,-6,21,167,-17,30
507,801,0,44,-77,19,109,-97,29,163,-77,34,194,-46,41,156,-109,13,237,-97,17,277,-87,22,306,-82,26,163,-53,4,244,-49,15,285,-52,19,316,-57,21,162,1,-1,222,-13,10,215,-27,18,199,-39,22,154,44,-5,187,12,9,180,-9,21,168,-20,29
505,801,0,44,-78,18,110,-97,26,164,-75,32,195,-42,38,155,-109,13,236,-96,17,275,-87,21,305,-82,25,162,-52,4,242,-49,15,284,-51,19,315,-57,20,161,1,-1,220,-13,10,219,-29,17,206,-42,20,153,44,-6,188,11,8,184,-12,20,176,-24,28
503,801,0,45,-79,18,111,-97,27,164,-74,33,195,-42,39,156,-109,12,238,-95,16,278,-85,20,308,-80,24,163,-52,4,244,-49,14,287,-51,18,318,-56,18,161,2,-1,223,-11,10,219,-28,16,204,-41,20,155,45,-6,187,12,8,184,-11,19,174,-23,27
500,799,0,46,-77,19,112,-96,27,165,-74,32,195,-42,38,156,-108,11,239,-93,13,279,-83,17,309,-77,20,163,-51,2,245,-45,11,288,-47,15,319,-52,16,162,4,-4,224,-10,6,219,-26,14,204,-38,18,155,46,-9,187,15,5,182,-8,17,172,-20,26
500,799,0,45,-77,19,111,-96,28,164,-74,33,195,-42,39,155,-108,9,237,-92,12,277,-82,16,307,-76,20,162,-51,0,244,-45,10,286,-46,14,317,-51,15,160,3,-5,222,-9,5,214,-23,14,197,-35,19,152,46,-10,184,16,4,177,-6,16,164,-16,26
499,798,0,46,-77,17,112,-95,26,165,-72,31,195,-40,36,154,-105,10,235,-91,13,275,-81,16,305,-74,20,161,-49,2,241,-45,11,284,-45,15,315,-49,16,159,4,-3,220,-10,7,218,-26,14,204,-40,18,151,46,-8,185,15,6,181,-8,18,171,-20,26
499,798,0,46,-78,17,111,-97,25,165,-74,30,195,-42,36,155,-106,11,237,-92,14,277,-81,17,307,-74,20,162,-49,3,242,-44,12,286,-45,16,317,-48,17,160,5,-3,221,-10,8,219,-27,15,205,-39,20,153,47,-7,186,15,6,183,-8,18,173,-20,27
496,799,0,46,-78,16,112,-97,24,165,-74,29,195,-42,34,156,-106,10,238,-91,12,278,-79,15,309,-74,18,162,-48,3,243,-42,12,287,-42,16,319,-46,17,161,5,-2,221,-9,9,220,-27,16,207,-40,20,154,48,-6,186,16,8,182,-8,19,173,-20,28
494,802,0,45,-77,16,111,-96,24,165,-74,29,195,-43,35,156,-106,10,237,-89,13,277,-78,16,308,-72,19,162,-49,2,242,-42,12,285,-42,16,317,-47,17,159,5,-2,220,-9,9,219,-26,16,207,-40,20,152,48,-6,185,15,7,182,-8,19,172,-20,28
493,805,0,46,-76,15,112,-96,22,164,-75,26,195,-43,32,154,-106,8,235,-89,10,276,-77,13,306,-71,16,160,-49,1,239,-42,11,282,-41,15,314,-44,17,159,4,-3,217,-10,8,217,-26,16,206,-40,22,151,46,-6,183,15,8,181,-8,20,172,-20,29
491,806,0,45,-75,14,111,-95,21,164,-75,25,194,-46,30,154,-104,7,235,-88,8,275,-76,10,305,-68,13,160,-46,1,239,-40,9,281,-40,14,311,-44,16,157,6,-4,216,-8,7,216,-25,16,206,-39,21,150,48,-7,183,17,6,180,-5,19,172,-18,29
490,811,0,45,-76,14,111,-94,21,164,-76,25,194,-48,30,151,-104,9,232,-89,10,272,-78,12,302,-71,16,157,-47,2,236,-42,10,280,-41,14,310,-45,16,155,5,-2,215,-10,7,217,-28,14,207,-43,20,149,47,-6,182,14,6,182,-10,18,175,-23,27
489,810,0,46,-75,15,111,-93,22,164,-72,26,195,-42,31,155,-103,11,237,-89,12,276,-78,15,306,-70,18,160,-46,4,241,-39,12,283,-39,16,314,-42,17,157,8,-1,218,-7,8,218,-25,16,206,-39,20,150,49,-5,183,18,7,181,-6,18,173,-20,27
487,812,0,46,-77,14,111,-95,20,164,-73,24,195,-43,28,154,-106,12,236,-91,13,275,-79,16,305,-71,18,160,-48,4,240,-42,12,282,-41,15,313,-44,16,157,5,-1,219,-10,7,220,-28,13,209,-41,18,150,48,-6,185,14,4,185,-10,15,178,-24,23
485,812,0,46,-75,16,110,-93,23,163,-74,27,194,-47,33,154,-104,12,236,-90,14,276,-79,16,307,-72,19,160,-48,5,240,-42,13,283,-41,17,313,-44,19,158,6,-1,219,-8,9,221,-26,16,211,-40,21,150,48,-6,184,17,7,184,-7,18,177,-21,27
484,811,0,46,-77,15,111,-94,21,163,-72,24,195,-42,28,156,-106,10,238,-90,10,278,-78,12,309,-71,14,161,-48,2,242,-41,8,285,-40,11,316,-42,12,158,6,-4,221,-7,3,219,-25,9,208,-38,14,150,49,-10,185,17,0,183,-7,11,175,-21,19
482,811,0,45,-76,15,110,-94,22,163,-73,26,194,-45,30,154,-104,10,237,-89,10,278,-77,11,309,-70,13,160,-46,2,241,-40,9,284,-39,12,315,-41,13,158,7,-4,221,-8,3,222,-26,11,211,-40,16,150,49,-9,186,17,1,184,-8,12,178,-21,22
479,810,0,45,-76,14,110,-94,20,163,-73,24,195,-44,28,153,-104,8,236,-87,7,278,-76,9,308,-68,11,158,-46,0,240,-39,6,283,-37,9,314,-38,10,156,8,-5,220,-6,2,221,-25,9,210,-38,14,149,50,-10,186,18,0,185,-7,11,177,-20,20
477,810,0,44,-75,15,110,-94,20,163,-73,23,194,-46,27,153,-105,7,236,-88,7,278,-76,8,309,-68,10,159,-47,0,241,-39,5,284,-37,8,314,-39,10,156,6,-6,222,-7,0,223,-25,8,213,-38,13,149,48,-11,188,17,-2,188,-7,9,182,-20,18
475,807,0,46,-74,15,111,-90,21,164,-67,24,196,-38,28,152,-103,7,236,-85,6,278,-74,8,309,-67,11,157,-45,-1,240,-38,4,283,-35,7,315,-37,7,155,9,-7,221,-3,-2,217,-20,6,202,-33,11,147,51,-12,185,19,-3,182,-5,7,173,-17,16
472,809,0,44,-75,13,109,-92,18,163,-68,21,196,-38,25,151,-104,5,235,-86,4,276,-74,7,307,-66,9,156,-46,-3,239,-38,2,282,-36,4,313,-37,4,153,7,-8,222,-5,-4,217,-22,2,202,-34,6,147,49,-13,184,17,-6,180,-8,4,171,-19,12
444,769,0,40,-56,8,99,-70,-5,156,-45,-23,199,-18,-40,110,-133,-27,188,-112,-48,231,-97,-62,264,-88,-72,109,-101,-47,193,-77,-65,240,-59,-72,277,-50,-80,107,-59,-63,177,-21,-73,154,-11,-54,128,-16,-42,103,-13,-81,157,11,-79,139,15,-56,118,10,-39
442,767,0,41,-54,10,99,-68,-4,156,-43,-22,199,-18,-38,110,-131,-26,188,-109,-48,230,-94,-63,264,-83,-73,110,-98,-47,193,-74,-66,241,-58,-75,278,-48,-83,107,-57,-64,175,-19,-75,152,-9,-57,127,-14,-44,104,-11,-83,156,13,-81,138,17,-58,117,12,-40
444,769,0,40,-56,11,99,-69,-2,156,-44,-20,199,-18,-36,110,-132,-26,189,-111,-47,231,-96,-61,265,-87,-70,109,-99,-46,193,-76,-65,241,-59,-73,279,-48,-81,106,-57,-64,177,-20,-73,154,-10,-54,129,-16,-41,104,-12,-82,158,12,-78,139,16,-54,118,11,-37
442,770,0,41,-55,11,100,-68,-1,157,-43,-18,199,-17,-34,111,-130,-25,189,-109,-45,231,-95,-60,264,-85,-69,110,-97,-45,193,-74,-64,242,-57,-72,279,-47,-80,107,-56,-63,177,-19,-72,154,-9,-54,129,-14,-41,104,-9,-81,158,13,-77,140,17,-53,118,12,-36
445,775,0,40,-57,11,99,-70,-1,156,-44,-17,199,-18,-32,110,-132,-25,189,-111,-45,231,-96,-59,265,-87,-68,109,-99,-45,194,-75,-62,242,-57,-69,279,-48,-77,107,-57,-61,179,-21,-70,157,-11,-51,131,-16,-39,105,-11,-78,159,11,-74,140,15,-51,118,9,-33
492,807,0,43,-63,11,103,-75,5,160,-48,-4,199,-16,-11,121,-117,-23,203,-100,-34,245,-86,-38,277,-77,-40,126,-71,-36,211,-58,-40,257,-47,-41,290,-40,-45,128,-21,-46,196,-9,-44,182,-9,-29,161,-12,-20,126,27,-55,169,22,-45,152,19,-24,133,19,-9
493,803,0,42,-61,10,102,-72,3,159,-45,-5,199,-16,-12,119,-114,-26,201,-98,-37,242,-85,-41,272,-77,-42,124,-68,-39,208,-56,-44,253,-45,-44,285,-40,-47,125,-19,-48,192,-7,-46,178,-7,-30,158,-11,-20,123,29,-56,166,24,-45,150,21,-22,131,21,-6
492,803,0,41,-60,9,101,-70,2,158,-45,-7,199,-18,-15,117,-113,-24,198,-99,-35,238,-86,-39,268,-78,-39,123,-67,-37,205,-57,-42,249,-47,-42,281,-42,-45,125,-19,-46,190,-8,-45,174,-8,-29,152,-11,-18,123,29,-55,164,22,-44,147,20,-22,128,21,-6
492,804,0,42,-62,7,102,-73,0,158,-47,-9,199,-18,-16,118,-115,-26,199,-100,-37,239,-87,-40,269,-78,-40,124,-68,-38,207,-58,-42,250,-48,-42,282,-44,-45,126,-18,-46,191,-10,-45,177,-10,-29,156,-13,-20,124,29,-54,164,20,-44,148,17,-22,130,19,-7
493,804,0,42,-62,8,102,-72,1,159,-46,-8,199,-16,-16,119,-115,-25,200,-100,-36,240,-87,-38,270,-79,-39,124,-68,-37,208,-58,-41,252,-48,-41,283,-43,-43,126,-18,-46,192,-10,-44,177,-10,-29,157,-14,-19,124,28,-54,165,20,-43,149,17,-21,130,17,-6
495,805,0,42,-63,8,103,-74,1,159,-47,-7,199,-15,-14,119,-115,-24,202,-101,-35,242,-87,-38,274,-78,-39,125,-68,-36,210,-57,-40,255,-48,-41,287,-43,-44,127,-18,-44,194,-10,-44,179,-11,-30,158,-16,-21,126,30,-53,166,21,-44,150,17,-23,132,17,-9
492,808,0,42,-62,7,103,-74,0,160,-47,-8,199,-15,-15,120,-114,-25,203,-98,-37,244,-84,-42,276,-75,-43,127,-67,-36,211,-56,-42,257,-47,-44,290,-43,-48,130,-17,-45,196,-8,-47,180,-11,-34,158,-18,-25,128,31,-53,169,22,-47,151,18,-28,133,17,-14
498,825,0,42,-64,10,102,-77,5,160,-50,-3,199,-18,-9,120,-116,-25,205,-98,-36,248,-86,-40,281,-79,-41,126,-68,-38,213,-56,-42,260,-45,-43,294,-40,-47,128,-17,-46,198,-8,-46,184,-7,-30,162,-11,-20,126,31,-54,172,24,-45,155,21,-23,135,22,-8
497,827,0,41,-62,10,102,-74,4,159,-48,-4,199,-18,-10,119,-115,-26,201,-97,-38,244,-85,-42,277,-79,-44,124,-69,-39,209,-56,-45,256,-44,-46,290,-38,-50,126,-20,-48,194,-8,-48,179,-7,-31,157,-10,-21,125,28,-57,169,23,-47,152,20,-25,133,21,-10
499,826,0,41,-62,9,101,-73,2,159,-46,-7,199,-16,-15,118,-116,-30,200,-97,-43,243,-84,-47,275,-77,-50,123,-70,-43,208,-55,-50,255,-43,-51,289,-36,-56,125,-20,-52,191,-7,-52,176,-5,-35,155,-10,-25,123,27,-61,166,24,-51,150,21,-28,130,21,-13
500,825,0,42,-62,10,102,-75,3,159,-47,-6,199,-16,-15,118,-117,-30,202,-97,-43,244,-84,-48,277,-76,-50,123,-71,-44,209,-56,-50,257,-43,-52,290,-36,-56,125,-21,-53,193,-7,-53,180,-5,-36,159,-10,-25,123,27,-62,167,24,-52,150,22,-30,131,21,-14
501,825,0,42,-63,11,101,-75,4,158,-47,-5,199,-16,-14,118,-117,-30,202,-97,-43,244,-84,-49,277,-76,-51,123,-72,-44,209,-57,-51,257,-44,-52,290,-37,-56,125,-23,-54,193,-8,-53,181,-7,-36,161,-12,-25,123,25,-63,167,22,-52,150,19,-30,132,19,-14
502,823,0,42,-63,10,102,-75,2,159,-46,-7,199,-15,-15,118,-117,-29,200,-97,-43,244,-82,-49,276,-73,-51,123,-72,-43,208,-56,-50,256,-43,-51,289,-35,-55,124,-23,-53,193,-8,-52,184,-7,-37,166,-12,-28,123,25,-63,166,22,-53,151,19,-31,133,18,-17
502,823,0,42,-64,10,102,-76,3,160,-46,-6,199,-15,-14,118,-118,-28,201,-98,-42,245,-83,-47,278,-74,-50,123,-72,-42,209,-57,-48,258,-45,-49,291,-38,-54,125,-23,-52,195,-8,-51,188,-7,-36,171,-13,-28,123,25,-61,167,21,-51,153,17,-31,135,17,-17
503,821,0,42,-62,9,103,-73,2,160,-44,-8,199,-13,-16,117,-116,-29,200,-96,-42,243,-81,-48,275,-72,-50,122,-71,-43,208,-55,-49,255,-43,-51,289,-36,-55,124,-22,-52,193,-7,-53,184,-6,-38,165,-13,-29,122,26,-62,166,22,-53,152,19,-33,133,17,-18
502,822,0,42,-62,10,102,-73,3,159,-45,-6,199,-15,-14,118,-117,-29,200,-96,-43,243,-82,-48,275,-73,-51,123,-71,-43,207,-56,-50,256,-44,-52,289,-37,-56,125,-22,-53,193,-8,-53,183,-7,-37,164,-12,-28,123,25,-63,166,21,-53,152,19,-31,133,18,-16
504,822,0,42,-62,11,102,-74,3,159,-45,-6,199,-15,-14,117,-117,-30,200,-96,-43,244,-82,-49,276,-73,-51,122,-71,-44,208,-57,-51,256,-44,-52,288,-37,-56,124,-23,-54,193,-7,-53,183,-6,-37,163,-12,-28,122,25,-64,166,22,-54,151,19,-32,133,17,-17
503,823,0,42,-63,11,102,-75,4,160,-46,-5,199,-15,-13,119,-118,-28,203,-98,-42,245,-83,-47,278,-73,-49,125,-73,-43,210,-57,-49,259,-45,-51,292,-38,-54,126,-23,-53,195,-8,-53,185,-7,-37,167,-13,-28,124,25,-63,168,22,-53,153,19,-31,135,17,-16
503,824,0,42,-62,11,102,-74,3,159,-45,-6,199,-15,-14,118,-116,-29,200,-97,-43,243,-82,-48,276,-73,-50,122,-72,-43,207,-57,-50,255,-45,-51,288,-38,-55,124,-24,-54,192,-8,-53,182,-8,-37,163,-13,-28,122,23,-64,165,21,-54,151,18,-32,132,16,-17
501,825,0,41,-64,10,102,-76,3,159,-47,-6,199,-16,-14,119,-118,-28,202,-98,-42,246,-84,-48,278,-74,-50,125,-74,-42,211,-58,-50,259,-46,-51,293,-39,-55,127,-24,-53,195,-8,-54,183,-8,-39,164,-14,-29,124,24,-63,168,21,-54,153,18,-33,134,17,-19
501,826,0,41,-64,11,102,-76,4,159,-48,-4,199,-17,-12,118,-117,-30,201,-98,-44,245,-84,-49,277,-74,-52,123,-72,-44,209,-58,-51,257,-46,-52,290,-40,-56,125,-22,-54,195,-9,-53,185,-8,-38,168,-14,-28,123,25,-64,167,20,-53,153,16,-32,135,15,-17
500,829,0,40,-64,10,101,-77,3,158,-49,-6,199,-17,-14,118,-119,-31,202,-99,-45,245,-85,-50,279,-77,-53,124,-73,-45,210,-59,-52,258,-48,-53,292,-41,-57,126,-24,-54,195,-10,-54,184,-10,-38,164,-15,-28,125,24,-64,168,19,-54,153,16,-32,134,15,-17
499,830,0,41,-65,10,102,-78,3,159,-50,-6,199,-18,-14,119,-120,-30,203,-100,-45,247,-86,-51,280,-76,-53,124,-74,-44,211,-59,-51,260,-49,-53,294,-42,-57,127,-23,-54,197,-10,-54,189,-10,-39,172,-15,-31,125,24,-64,170,19,-54,155,15,-33,138,14,-19
499,830,0,40,-63,11,101,-77,4,158,-49,-6,199,-19,-14,118,-118,-31,201,-99,-45,244,-85,-51,277,-77,-53,123,-73,-45,209,-58,-52,258,-47,-54,292,-40,-58,125,-24,-55,194,-9,-55,182,-9,-39,163,-15,-29,123,23,-65,167,21,-55,152,17,-33,134,16,-18
500,831,0,40,-64,10,101,-77,2,158,-50,-7,199,-19,-15,118,-118,-32,201,-98,-46,244,-85,-52,277,-76,-55,123,-72,-46,208,-58,-53,257,-47,-55,291,-41,-59,125,-22,-55,194,-10,-55,182,-10,-39,161,-16,-29,123,26,-64,167,21,-55,151,16,-33,133,16,-18
500,832,0,40,-63,11,100,-75,3,158,-49,-6,199,-19,-15,116,-117,-32,199,-98,-46,243,-84,-52,275,-76,-55,122,-72,-46,207,-58,-54,255,-47,-56,289,-40,-60,124,-23,-56,192,-10,-56,179,-10,-39,158,-15,-28,122,24,-66,166,20,-56,150,17,-33,132,16,-17
501,832,0,40,-63,10,101,-75,1,158,-48,-9,199,-18,-18,116,-117,-32,199,-98,-48,243,-85,-54,276,-77,-57,120,-72,-47,206,-59,-55,255,-47,-57,290,-41,-62,123,-23,-57,192,-10,-58,178,-10,-40,157,-16,-30,121,24,-67,166,20,-58,150,17,-35,131,17,-19
502,831,0,41,-63,9,101,-75,1,159,-47,-9,199,-17,-18,116,-117,-34,199,-97,-49,243,-84,-56,276,-75,-58,121,-72,-48,207,-59,-57,256,-47,-59,290,-41,-63,122,-23,-58,192,-10,-59,179,-10,-42,158,-15,-31,121,24,-68,165,20,-59,149,18,-36,130,17,-20
502,831,0,41,-63,9,101,-74,1,158,-47,-10,199,-17,-19,115,-116,-35,198,-97,-50,242,-84,-57,276,-76,-60,119,-72,-49,206,-58,-59,255,-47,-61,289,-42,-65,121,-23,-59,191,-10,-61,178,-10,-43,157,-16,-32,120,24,-69,165,20,-60,149,18,-37,130,17,-20
503,830,0,40,-61,8,101,-73,0,159,-46,-11,199,-16,-20,114,-115,-35,196,-96,-51,240,-83,-58,274,-75,-61,119,-71,-49,204,-57,-59,253,-46,-62,288,-40,-66,121,-23,-59,189,-9,-62,175,-10,-44,153,-15,-33,119,24,-69,164,20,-61,148,18,-38,128,17,-22
503,829,0,40,-61,8,101,-72,-1,158,-44,-12,199,-15,-21,114,-114,-37,196,-95,-53,240,-82,-60,273,-75,-63,118,-70,-51,203,-57,-61,252,-47,-64,286,-42,-68,120,-21,-61,189,-8,-63,175,-9,-45,154,-14,-34,118,26,-70,164,20,-62,147,17,-39,129,17,-22
504,828,0,40,-61,7,101,-73,-3,159,-43,-14,199,-13,-24,114,-114,-40,197,-95,-57,241,-82,-65,276,-74,-68,118,-69,-54,205,-56,-65,255,-46,-68,290,-41,-72,120,-21,-63,189,-7,-66,176,-8,-48,154,-14,-37,118,27,-72,164,21,-65,149,18,-41,129,17,-25
502,828,0,40,-61,8,101,-72,-1,158,-44,-11,199,-14,-20,115,-114,-38,198,-94,-55,242,-82,-62,276,-75,-65,119,-69,-52,206,-56,-63,256,-47,-66,291,-42,-70,121,-21,-61,191,-7,-65,177,-8,-47,156,-14,-35,119,26,-71,166,22,-63,149,18,-40,131,17,-23
502,828,0,40,-61,8,101,-72,-1,159,-43,-11,199,-14,-21,115,-114,-38,198,-95,-55,242,-83,-62,276,-77,-65,119,-70,-52,207,-56,-63,258,-46,-66,295,-41,-71,121,-21,-62,192,-7,-65,179,-7,-48,158,-12,-37,119,25,-72,166,22,-65,149,20,-42,130,18,-26
503,828,0,40,-62,8,102,-73,-2,159,-43,-12,199,-12,-21,117,-115,-40,200,-96,-55,244,-85,-61,278,-79,-63,120,-68,-54,210,-55,-64,262,-46,-66,300,-42,-70,121,-19,-63,195,-4,-66,184,-4,-49,163,-10,-38,120,28,-71,168,24,-64,152,20,-41,133,19,-25
502,828,0,41,-62,6,104,-73,-4,160,-42,-14,199,-9,-24,119,-115,-41,202,-94,-58,248,-83,-64,282,-78,-66,122,-68,-55,214,-54,-66,267,-45,-68,306,-42,-72,124,-18,-64,198,0,-68,189,0,-52,170,-6,-41,121,30,-73,170,28,-65,155,24,-44,136,22,-28
513,809,0,42,-56,8,103,-62,-6,159,-29,-21,199,2,-35,112,-108,-54,196,-91,-76,241,-82,-84,275,-79,-87,114,-68,-72,205,-55,-97,259,-46,-103,298,-39,-108,112,-23,-84,184,3,-96,170,9,-72,150,5,-54,107,23,-95,159,31,-90,144,31,-61,124,28,-39
513,808,0,42,-56,7,102,-62,-7,159,-30,-21,199,0,-35,112,-109,-53,195,-91,-76,240,-82,-83,275,-79,-87,113,-68,-71,204,-56,-96,257,-46,-102,297,-39,-107,111,-22,-83,185,2,-95,173,8,-73,154,4,-56,106,23,-95,157,30,-90,143,29,-62,124,27,-42
512,807,0,41,-56,6,102,-62,-8,158,-31,-24,199,-1,-37,112,-107,-53,195,-90,-76,240,-82,-84,274,-78,-88,113,-67,-70,204,-56,-95,256,-46,-102,295,-39,-106,112,-22,-82,183,2,-94,168,7,-71,147,3,-53,106,23,-94,157,31,-89,142,30,-61,122,27,-39
512,807,0,40,-56,7,102,-62,-7,159,-32,-22,199,-2,-35,112,-108,-53,195,-92,-75,240,-83,-83,275,-79,-86,114,-67,-70,205,-56,-95,258,-47,-101,297,-39,-106,112,-22,-82,184,2,-94,169,7,-70,148,3,-52,106,24,-93,158,30,-88,143,30,-59,124,27,-37
512,807,0,41,-56,7,102,-62,-7,158,-32,-22,199,-2,-36,111,-108,-53,195,-91,-76,240,-83,-84,274,-78,-88,113,-68,-71,204,-56,-96,257,-47,-102,296,-39,-107,112,-23,-83,183,3,-95,168,8,-71,147,4,-52,106,23,-94,157,31,-89,143,30,-60,123,27,-38
512,807,0,41,-55,6,101,-62,-9,158,-32,-24,199,-3,-38,111,-108,-54,195,-91,-78,241,-82,-87,275,-78,-90,113,-68,-71,204,-57,-96,257,-47,-103,296,-39,-107,112,-22,-82,183,2,-94,168,8,-70,147,3,-52,107,23,-93,157,31,-87,143,30,-59,123,27,-37
511,807,0,41,-56,6,101,-62,-9,158,-31,-25,199,-2,-39,111,-108,-55,195,-91,-79,240,-82,-88,274,-79,-92,113,-67,-72,204,-56,-98,256,-46,-105,295,-38,-110,111,-21,-83,181,3,-96,166,7,-71,146,2,-53,105,24,-94,156,31,-89,142,30,-60,123,26,-38
509,807,0,41,-55,6,102,-62,-9,158,-31,-24,199,-2,-38,112,-108,-53,195,-91,-77,240,-82,-85,274,-79,-89,114,-67,-71,204,-56,-96,257,-45,-102,296,-37,-107,112,-22,-82,182,2,-94,168,7,-71,148,3,-53,106,23,-94,156,30,-89,142,30,-61,123,27,-40
508,807,0,41,-55,6,102,-62,-8,158,-32,-24,199,-3,-37,112,-109,-54,195,-92,-77,241,-84,-86,275,-80,-90,114,-68,-71,205,-57,-96,258,-46,-103,297,-38,-108,112,-23,-82,183,1,-95,169,7,-72,149,3,-55,107,22,-94,157,30,-90,142,29,-62,123,27,-41
505,806,0,41,-55,6,102,-61,-9,158,-31,-25,199,-2,-39,112,-108,-54,194,-93,-78,239,-85,-86,273,-81,-90,115,-69,-72,204,-57,-98,257,-46,-106,297,-39,-111,113,-24,-84,181,0,-97,163,5,-72,142,2,-53,107,21,-96,156,29,-92,141,28,-62,121,26,-40
503,804,0,40,-55,7,102,-62,-7,158,-32,-23,199,-4,-37,113,-108,-53,194,-95,-77,239,-87,-86,274,-83,-90,115,-69,-71,205,-57,-97,258,-47,-104,298,-41,-109,113,-25,-84,183,-1,-98,166,4,-74,145,2,-56,107,20,-97,157,28,-93,141,28,-65,121,26,-43
266,478,0,32,-72,22,85,-106,12,139,-98,-3,182,-81,-19,101,-160,-37,193,-161,-61,241,-152,-73,276,-141,-78,103,-125,-60,202,-124,-80,250,-106,-81,284,-93,-81,105,-78,-77,185,-56,-84,169,-37,-60,145,-32,-43,105,-27,-93,163,-10,-84,153,0,-56,136,1,-35
268,478,0,33,-71,23,87,-104,12,141,-95,-4,185,-76,-21,101,-158,-38,193,-160,-63,241,-151,-75,276,-141,-80,103,-124,-61,201,-124,-83,251,-106,-84,285,-92,-85,104,-77,-79,184,-55,-87,168,-36,-62,145,-31,-45,103,-27,-96,162,-10,-87,152,1,-59,135,1,-38
271,478,0,33,-73,24,86,-106,15,140,-98,-1,182,-81,-16,102,-160,-36,195,-162,-61,243,-151,-72,278,-140,-76,104,-126,-60,204,-127,-82,253,-107,-83,288,-91,-83,106,-80,-78,186,-57,-85,171,-36,-60,148,-30,-43,105,-29,-95,163,-9,-85,153,2,-58,136,2,-37
285,473,0,35,-69,20,90,-102,9,144,-89,-8,186,-72,-24,101,-157,-39,193,-164,-66,241,-157,-79,276,-148,-86,102,-123,-63,199,-131,-90,253,-114,-94,290,-98,-96,103,-77,-82,186,-58,-94,171,-34,-70,149,-27,-52,102,-27,-100,162,-10,-95,152,2,-69,136,2,-49
287,475,0,35,-72,20,90,-107,10,144,-92,-7,186,-73,-23,103,-164,-37,197,-172,-63,246,-167,-75,282,-159,-81,105,-128,-61,204,-138,-87,259,-121,-91,298,-106,-93,107,-81,-79,192,-64,-91,177,-39,-68,154,-31,-50,105,-30,-97,164,-12,-93,155,-1,-67,138,0,-48
288,474,0,35,-72,22,89,-109,12,142,-95,-4,184,-78,-20,104,-164,-36,197,-173,-61,247,-167,-73,282,-160,-79,105,-129,-60,204,-139,-87,259,-122,-90,298,-107,-92,107,-82,-79,191,-62,-91,175,-39,-68,151,-32,-50,106,-30,-98,165,-12,-93,155,-2,-67,138,-2,-47
289,473,0,35,-71,23,89,-109,13,142,-98,-3,183,-81,-19,105,-164,-35,198,-173,-61,247,-168,-73,282,-161,-79,105,-130,-60,204,-139,-87,259,-123,-91,299,-109,-93,106,-82,-80,192,-62,-92,176,-38,-68,152,-31,-51,105,-31,-99,166,-10,-95,156,1,-70,139,1,-51
289,471,0,35,-72,22,88,-108,12,143,-94,-3,186,-74,-18,102,-164,-33,194,-171,-57,242,-170,-68,278,-167,-74,105,-128,-57,202,-135,-82,257,-125,-87,296,-115,-89,107,-81,-75,187,-59,-86,170,-36,-65,146,-31,-48,107,-30,-94,161,-10,-89,150,1,-64,132,1,-45
287,462,0,35,-65,13,93,-93,-1,150,-75,-19,192,-54,-36,100,-156,-38,188,-164,-63,236,-162,-75,272,-159,-81,101,-121,-59,196,-131,-85,248,-120,-90,288,-112,-92,103,-75,-76,180,-54,-90,159,-35,-68,134,-32,-51,101,-25,-94,157,-10,-90,143,-1,-65,124,-1,-45
286,464,0,35,-64,12,92,-93,-1,149,-76,-19,191,-57,-36,98,-153,-36,185,-161,-61,231,-159,-73,267,-157,-80,101,-120,-58,191,-128,-82,244,-119,-86,282,-111,-89,102,-75,-75,176,-52,-88,155,-34,-66,130,-31,-49,101,-26,-92,155,-9,-89,141,-1,-64,122,-1,-44
286,466,0,35,-63,13,92,-92,-1,149,-76,-18,191,-58,-35,98,-151,-38,183,-159,-63,230,-158,-75,264,-157,-81,100,-117,-59,190,-127,-84,241,-118,-89,280,-112,-91,101,-73,-76,174,-51,-90,153,-33,-68,129,-31,-51,100,-25,-94,153,-9,-90,140,0,-64,121,0,-44
286,467,0,35,-64,13,93,-93,0,149,-77,-18,191,-58,-35,98,-152,-37,185,-161,-63,231,-160,-75,267,-159,-80,101,-118,-59,193,-126,-83,245,-118,-88,283,-112,-91,103,-74,-76,175,-50,-89,155,-32,-69,131,-30,-52,102,-25,-93,154,-8,-90,141,0,-65,122,1,-46
286,469,0,35,-65,13,92,-94,0,149,-78,-17,191,-58,-34,99,-153,-37,185,-161,-62,233,-162,-74,268,-162,-80,102,-118,-58,194,-127,-83,247,-120,-88,285,-114,-90,103,-74,-75,177,-49,-89,157,-30,-68,133,-28,-50,103,-25,-93,157,-8,-89,143,2,-63,124,2,-43
287,473,0,34,-65,11,92,-96,-1,149,-80,-19,190,-60,-35,100,-155,-34,186,-162,-59,234,-165,-71,271,-168,-78,103,-121,-55,195,-128,-79,248,-124,-85,288,-120,-88,104,-76,-72,177,-51,-86,158,-31,-67,134,-29,-51,103,-26,-90,157,-9,-87,143,1,-63,126,2,-44
286,475,0,35,-67,13,93,-98,1,149,-82,-16,190,-61,-32,102,-157,-33,190,-163,-57,239,-169,-69,276,-174,-75,106,-122,-54,200,-130,-78,254,-127,-84,294,-127,-88,108,-76,-71,183,-52,-85,162,-32,-66,137,-29,-49,106,-27,-89,161,-9,-86,147,1,-61,129,3,-42
286,479,0,36,-70,16,92,-103,5,149,-87,-10,189,-64,-25,107,-161,-31,198,-163,-54,248,-168,-66,285,-174,-72,110,-126,-53,207,-130,-75,262,-127,-83,304,-127,-88,111,-79,-70,191,-51,-83,175,-27,-65,151,-20,-50,109,-29,-87,167,-7,-85,161,8,-63,148,13,-46
287,481,0,36,-68,17,93,-102,8,148,-85,-7,189,-64,-21,108,-160,-30,198,-163,-53,247,-168,-64,285,-173,-70,110,-126,-52,208,-129,-76,262,-126,-84,303,-125,-89,111,-80,-69,189,-50,-82,173,-27,-63,150,-20,-47,109,-30,-86,167,-8,-82,158,6,-58,143,10,-39
289,480,0,36,-68,17,93,-100,7,148,-85,-8,189,-65,-22,107,-158,-30,197,-159,-53,246,-164,-64,283,-169,-69,109,-123,-52,206,-127,-76,260,-124,-84,301,-123,-88,110,-78,-70,187,-49,-83,170,-26,-64,147,-20,-48,108,-28,-86,166,-7,-83,156,7,-59,141,11,-40
290,480,0,37,-70,19,94,-102,9,150,-85,-5,189,-64,-20,109,-159,-30,201,-162,-52,251,-166,-63,288,-171,-69,112,-123,-52,210,-128,-77,265,-126,-85,306,-124,-90,112,-77,-70,191,-50,-83,171,-28,-63,147,-22,-46,109,-27,-87,169,-8,-83,158,6,-58,142,8,-38
292,482,0,36,-71,19,92,-103,10,148,-87,-4,188,-67,-19,109,-160,-29,201,-163,-51,250,-167,-61,287,-170,-67,112,-124,-52,209,-129,-76,264,-126,-84,305,-124,-89,112,-78,-70,190,-51,-83,169,-29,-62,144,-25,-45,109,-27,-87,168,-8,-83,155,4,-58,137,6,-38
293,481,0,37,-70,17,94,-103,7,149,-85,-9,190,-63,-24,111,-160,-31,204,-162,-54,253,-165,-65,292,-170,-72,113,-124,-53,211,-128,-78,267,-125,-86,309,-124,-92,113,-76,-71,193,-50,-85,172,-29,-65,146,-24,-48,110,-25,-88,171,-6,-86,159,6,-62,141,7,-43
296,484,0,37,-72,17,94,-106,7,150,-86,-9,190,-62,-25,113,-166,-30,206,-167,-53,256,-171,-66,295,-174,-73,113,-129,-52,213,-132,-78,270,-129,-88,314,-128,-95,113,-81,-70,195,-54,-85,171,-32,-66,144,-28,-50,110,-28,-88,171,-9,-87,158,4,-64,138,4,-45
294,483,0,38,-71,17,95,-104,8,151,-85,-8,189,-64,-22,111,-160,-30,203,-162,-53,253,-166,-64,291,-171,-71,114,-125,-52,211,-129,-78,267,-125,-86,310,-123,-92,114,-78,-69,192,-51,-83,170,-30,-64,144,-27,-48,111,-26,-86,168,-8,-84,155,2,-60,137,2,-41
297,486,0,37,-72,16,95,-107,6,150,-87,-10,190,-63,-26,112,-166,-31,206,-168,-54,257,-171,-66,295,-176,-73,114,-129,-53,213,-133,-78,270,-129,-87,315,-128,-93,114,-80,-70,195,-54,-84,173,-33,-64,146,-29,-48,111,-28,-87,172,-9,-86,158,2,-61,139,2,-42
295,483,0,38,-70,17,95,-102,7,151,-81,-8,191,-59,-23,112,-159,-29,204,-162,-51,254,-165,-63,293,-169,-70,115,-123,-51,212,-127,-76,268,-123,-85,311,-122,-91,115,-77,-68,192,-50,-82,171,-29,-64,145,-26,-48,112,-26,-85,168,-7,-84,155,3,-60,136,3,-42
297,488,0,37,-71,16,95,-106,6,150,-87,-9,190,-63,-24,112,-165,-28,206,-168,-50,257,-170,-62,296,-175,-69,115,-129,-50,214,-133,-73,271,-129,-82,316,-127,-87,116,-81,-68,196,-54,-81,174,-32,-62,147,-28,-46,112,-29,-86,173,-9,-84,159,3,-61,140,3,-43
