241,774,0,45,-25,-27,78,-81,-30,83,-139,-37,82,-183,-37,57,-147,20,64,-194,-17,61,-160,-34,57,-126,-33,32,-151,19,39,-195,-33,39,-146,-56,34,-107,-53,8,-152,10,15,-198,-40,19,-149,-44,19,-108,-27,-18,-149,-1,-12,-203,-22,-7,-236,-25,-2,-269,-17
241,773,0,46,-25,-27,79,-81,-30,84,-138,-37,83,-182,-36,58,-148,19,64,-196,-17,62,-160,-33,56,-126,-31,33,-152,19,39,-197,-33,38,-147,-56,34,-108,-52,9,-153,10,15,-200,-40,19,-150,-45,19,-110,-28,-18,-151,-1,-13,-205,-23,-8,-238,-26,-2,-271,-19
243,771,0,45,-26,-27,79,-81,-30,83,-138,-37,81,-183,-37,58,-147,19,63,-196,-17,61,-162,-33,56,-127,-31,33,-152,19,39,-196,-33,38,-147,-56,33,-108,-53,9,-153,10,14,-200,-40,19,-151,-44,18,-110,-27,-18,-150,-1,-13,-204,-23,-8,-236,-25,-3,-270,-18
243,769,0,45,-26,-28,78,-81,-30,82,-139,-37,81,-183,-36,58,-146,21,64,-193,-16,61,-158,-33,55,-124,-31,33,-151,21,39,-195,-31,38,-146,-54,34,-108,-50,9,-153,13,14,-197,-36,19,-149,-40,19,-110,-23,-17,-150,2,-12,-202,-18,-7,-234,-20,-2,-265,-12
247,760,0,46,-27,-28,78,-82,-32,82,-139,-40,80,-183,-41,59,-148,18,66,-196,-19,63,-160,-37,56,-126,-37,33,-153,18,41,-198,-34,40,-149,-57,35,-110,-55,9,-155,10,16,-202,-38,21,-154,-44,21,-115,-28,-18,-152,-1,-11,-205,-21,-6,-237,-24,0,-270,-17
249,756,0,46,-26,-28,78,-82,-31,82,-139,-39,80,-183,-39,58,-148,19,65,-195,-18,62,-159,-36,55,-125,-35,33,-152,19,41,-197,-33,39,-148,-56,34,-109,-53,9,-154,10,16,-201,-38,20,-153,-43,20,-113,-26,-18,-151,-1,-12,-204,-21,-6,-237,-24,0,-269,-17
249,755,0,46,-26,-29,78,-81,-32,82,-139,-40,80,-183,-40,58,-147,18,66,-194,-18,62,-158,-36,55,-124,-35,33,-152,18,40,-197,-33,39,-148,-56,34,-110,-53,9,-154,10,16,-200,-38,20,-153,-43,20,-113,-27,-18,-151,-1,-12,-204,-21,-7,-236,-24,-2,-269,-17
250,755,0,45,-26,-29,77,-82,-33,81,-140,-41,78,-184,-40,58,-148,18,65,-195,-19,61,-158,-37,54,-124,-36,33,-153,18,40,-198,-33,39,-148,-56,34,-110,-53,9,-155,9,15,-201,-39,19,-152,-44,19,-113,-27,-18,-152,-2,-12,-205,-22,-7,-237,-24,-3,-270,-17
251,754,0,45,-27,-29,77,-83,-33,80,-140,-41,78,-184,-41,58,-149,19,65,-195,-19,61,-156,-37,54,-123,-36,33,-154,18,40,-198,-33,38,-148,-56,33,-111,-53,9,-155,10,15,-201,-39,19,-152,-44,19,-113,-27,-18,-153,-2,-13,-206,-22,-8,-237,-24,-3,-270,-16
250,753,0,45,-26,-30,77,-82,-33,81,-140,-41,79,-184,-40,58,-148,16,65,-194,-20,61,-156,-37,54,-122,-36,33,-153,16,40,-198,-35,39,-148,-56,34,-110,-52,9,-154,8,16,-200,-40,19,-151,-44,19,-112,-27,-18,-151,-3,-12,-205,-23,-7,-237,-25,-3,-269,-17
251,755,0,45,-26,-29,77,-82,-33,80,-139,-40,78,-184,-40,57,-148,18,64,-194,-17,61,-156,-34,54,-123,-32,33,-153,18,40,-198,-32,39,-148,-54,34,-111,-51,8,-155,9,15,-201,-38,20,-153,-42,19,-114,-26,-18,-153,-2,-12,-206,-21,-7,-237,-23,-2,-269,-16
250,757,0,45,-25,-30,77,-82,-34,81,-139,-41,79,-184,-41,58,-147,17,65,-195,-19,61,-157,-36,54,-124,-35,33,-152,17,40,-198,-33,40,-149,-55,34,-111,-53,9,-154,9,16,-201,-38,20,-154,-43,20,-115,-27,-17,-152,-2,-12,-205,-21,-7,-236,-24,-2,-268,-17
250,758,0,45,-26,-30,77,-81,-34,80,-139,-42,79,-184,-42,59,-148,17,65,-194,-19,62,-157,-36,55,-124,-36,33,-153,17,41,-198,-34,40,-149,-56,35,-111,-53,9,-154,9,16,-202,-39,20,-154,-44,20,-115,-28,-18,-152,-2,-12,-206,-22,-7,-237,-25,-2,-269,-17
250,759,0,45,-25,-30,77,-81,-34,81,-139,-41,80,-184,-41,59,-147,15,66,-194,-21,61,-156,-38,54,-123,-37,33,-153,15,41,-198,-35,39,-149,-57,35,-111,-54,9,-154,7,16,-201,-40,20,-153,-45,20,-115,-29,-18,-152,-3,-12,-206,-24,-7,-237,-26,-2,-270,-20
249,762,0,45,-25,-31,78,-81,-35,81,-139,-43,80,-183,-43,59,-149,15,67,-196,-21,63,-158,-38,56,-125,-38,34,-154,15,41,-200,-35,40,-151,-57,36,-113,-54,9,-155,8,16,-203,-39,21,-155,-45,21,-116,-29,-18,-153,-3,-11,-207,-23,-7,-239,-26,-2,-271,-19
249,763,0,46,-25,-29,78,-81,-33,81,-139,-40,82,-183,-39,59,-149,16,66,-196,-19,62,-159,-36,56,-125,-35,34,-154,16,41,-200,-34,40,-151,-56,35,-113,-53,9,-155,8,16,-203,-39,20,-156,-44,20,-116,-28,-18,-153,-3,-12,-207,-23,-7,-238,-26,-2,-271,-20
249,762,0,46,-25,-29,78,-81,-32,82,-139,-39,82,-183,-38,59,-149,19,66,-196,-16,63,-160,-33,56,-127,-32,34,-154,18,41,-200,-32,40,-152,-55,35,-113,-53,10,-156,10,16,-204,-37,20,-156,-43,20,-117,-28,-18,-154,-1,-12,-207,-21,-7,-239,-24,-2,-272,-18
248,762,0,47,-25,-28,79,-80,-31,83,-139,-38,83,-182,-37,60,-149,19,67,-198,-16,64,-163,-33,57,-129,-33,34,-154,19,41,-201,-31,41,-153,-54,36,-115,-53,10,-156,10,16,-204,-37,21,-157,-43,21,-118,-28,-17,-153,-1,-12,-208,-21,-7,-240,-24,-2,-273,-18
248,760,0,47,-25,-29,80,-80,-32,82,-139,-40,82,-183,-40,60,-148,18,66,-196,-17,64,-162,-35,58,-128,-34,34,-153,17,41,-200,-33,41,-152,-57,36,-113,-55,10,-155,9,16,-203,-39,21,-156,-45,21,-117,-30,-17,-152,-2,-12,-207,-23,-7,-240,-26,-2,-272,-20
248,759,0,46,-24,-29,79,-80,-32,82,-139,-39,81,-183,-40,60,-148,17,66,-197,-20,64,-164,-38,58,-130,-39,34,-153,17,40,-200,-35,40,-152,-59,36,-113,-57,9,-154,9,15,-203,-40,20,-156,-47,21,-117,-32,-18,-152,-2,-13,-205,-24,-8,-239,-28,-3,-272,-22
249,758,0,45,-26,-27,78,-81,-30,81,-139,-36,81,-183,-37,58,-147,21,64,-195,-14,63,-164,-33,58,-132,-34,32,-152,20,39,-200,-31,40,-153,-56,36,-114,-55,8,-154,10,15,-202,-37,20,-156,-45,21,-117,-31,-18,-151,-1,-14,-205,-22,-10,-238,-26,-5,-270,-21
251,754,0,45,-25,-25,77,-83,-27,82,-140,-32,80,-184,-32,56,-150,18,63,-200,-16,62,-168,-34,58,-134,-35,31,-155,16,37,-202,-33,38,-155,-57,36,-115,-56,6,-156,7,12,-205,-39,18,-159,-46,20,-119,-33,-21,-152,-4,-18,-207,-25,-13,-241,-29,-8,-274,-25
211,549,0,46,-21,-24,85,-73,-24,109,-124,-26,108,-168,-23,73,-118,25,85,-157,-6,69,-124,-23,56,-101,-22,49,-130,28,57,-165,-16,44,-115,-31,35,-84,-24,24,-136,22,33,-170,-20,24,-117,-18,18,-81,3,-1,-140,13,14,-184,0,23,-210,4,32,-237,16
205,547,0,46,-21,-23,85,-72,-23,110,-123,-25,109,-168,-22,75,-118,27,86,-156,-4,71,-124,-21,58,-100,-20,51,-129,30,58,-164,-12,45,-114,-28,36,-84,-22,26,-135,24,33,-168,-17,24,-117,-16,18,-81,4,1,-140,16,14,-183,5,23,-208,10,32,-235,22
202,548,0,46,-21,-23,86,-72,-22,110,-123,-24,109,-168,-20,77,-117,31,87,-155,1,71,-125,-16,58,-102,-15,52,-129,33,59,-164,-8,45,-115,-24,36,-85,-17,27,-136,28,34,-169,-12,24,-117,-11,18,-82,9,2,-141,20,14,-183,10,22,-208,16,31,-234,28
194,555,0,46,-22,-25,86,-71,-24,112,-122,-26,110,-167,-21,78,-115,38,90,-153,9,73,-121,-8,60,-99,-7,53,-128,42,62,-163,2,47,-114,-16,38,-84,-10,29,-136,37,36,-166,-2,26,-115,-2,20,-81,17,5,-141,30,18,-183,22,26,-207,29,35,-232,41
357,772,0,37,-38,-10,57,-103,-6,66,-152,-12,58,-192,-11,30,-145,29,47,-174,-13,52,-131,-32,49,-97,-27,14,-145,17,34,-171,-39,35,-116,-57,27,-80,-49,-6,-143,-3,18,-162,-60,20,-107,-61,13,-70,-36,-28,-139,-23,-16,-198,-47,-4,-232,-42,6,-262,-27
381,739,0,27,-59,20,27,-119,26,28,-164,17,22,-199,13,-25,-143,36,12,-176,-5,30,-142,-29,34,-112,-33,-37,-137,7,15,-172,-44,31,-127,-59,28,-93,-54,-38,-128,-26,10,-163,-76,25,-119,-70,23,-86,-47,-35,-116,-59,-23,-178,-83,-12,-216,-78,-4,-249,-65
261,669,0,41,-23,-31,78,-87,-32,95,-144,-37,80,-184,-35,54,-134,17,67,-167,-27,56,-125,-47,45,-97,-45,32,-141,18,44,-172,-40,35,-116,-58,28,-83,-47,10,-144,9,22,-168,-48,17,-111,-47,11,-74,-19,-15,-146,-2,0,-199,-25,11,-230,-23,22,-259,-8
264,674,0,40,-24,-33,75,-88,-36,92,-145,-43,77,-185,-41,51,-136,15,65,-168,-31,55,-125,-51,44,-98,-49,31,-142,17,43,-171,-43,35,-115,-61,27,-83,-50,8,-145,8,22,-169,-52,17,-112,-50,11,-75,-22,-16,-147,-3,-2,-201,-27,10,-230,-24,21,-259,-9
268,678,0,39,-27,-32,73,-90,-36,88,-144,-44,75,-186,-46,48,-137,19,63,-168,-29,53,-125,-53,43,-96,-53,28,-143,20,43,-172,-42,34,-116,-61,26,-83,-50,6,-145,9,22,-170,-52,18,-113,-51,12,-76,-23,-18,-147,-5,-3,-200,-29,8,-230,-26,20,-259,-11
330,681,0,37,-32,-20,63,-97,-18,72,-150,-23,61,-191,-22,37,-142,29,49,-174,-12,49,-130,-31,45,-96,-28,18,-146,25,35,-175,-27,30,-117,-43,23,-80,-32,-4,-146,12,15,-168,-41,14,-111,-38,8,-72,-12,-28,-145,-3,-14,-196,-23,3,-218,-16,21,-235,1
336,671,0,38,-30,-20,64,-97,-19,72,-151,-24,59,-192,-22,38,-144,24,49,-174,-17,49,-128,-35,45,-91,-32,17,-147,21,35,-174,-30,31,-115,-44,24,-76,-33,-5,-146,9,15,-167,-43,14,-107,-40,9,-67,-13,-30,-145,-5,-15,-197,-26,4,-219,-19,23,-235,-2
457,701,0,28,-50,11,31,-116,21,28,-165,17,16,-200,15,1,-151,48,14,-185,13,32,-160,-4,40,-136,-4,-13,-146,28,12,-177,-20,27,-125,-36,28,-86,-28,-24,-139,1,4,-170,-50,19,-117,-48,21,-78,-25,-33,-129,-24,-22,-190,-47,-9,-227,-44,2,-260,-32
242,578,0,44,-22,-30,83,-83,-31,101,-140,-34,87,-180,-31,60,-126,19,74,-160,-18,61,-121,-36,51,-96,-35,39,-134,22,50,-166,-31,39,-112,-48,32,-78,-39,16,-139,16,27,-162,-36,21,-106,-35,15,-69,-11,-8,-143,6,9,-193,-14,22,-224,-13,34,-252,-1
244,575,0,44,-23,-29,83,-83,-30,101,-140,-33,87,-180,-30,59,-127,18,73,-160,-19,61,-121,-37,50,-95,-36,37,-134,20,49,-167,-32,38,-112,-48,30,-78,-39,15,-138,14,26,-161,-37,20,-106,-36,14,-68,-13,-9,-142,4,7,-193,-16,20,-222,-14,32,-251,-2
241,575,0,44,-22,-31,84,-81,-32,102,-138,-36,89,-179,-34,60,-127,18,74,-158,-20,61,-119,-38,50,-92,-37,38,-134,21,50,-166,-32,39,-111,-49,31,-75,-40,16,-138,15,29,-161,-37,21,-105,-37,15,-67,-13,-8,-142,6,10,-192,-15,23,-223,-14,36,-251,-2
246,615,0,44,-21,-30,86,-80,-31,106,-136,-35,93,-177,-32,61,-129,19,78,-163,-20,64,-121,-39,52,-93,-37,41,-137,22,54,-169,-33,41,-112,-50,33,-77,-39,19,-141,15,33,-164,-39,24,-108,-38,17,-70,-13,-5,-147,5,14,-197,-15,27,-227,-13,41,-253,1
248,615,0,44,-21,-30,87,-80,-31,107,-136,-36,93,-177,-33,61,-129,20,78,-163,-19,64,-121,-38,52,-92,-36,41,-138,23,55,-169,-31,41,-113,-48,32,-78,-38,19,-143,16,33,-164,-37,24,-108,-36,16,-71,-12,-5,-148,6,13,-199,-13,27,-228,-10,42,-254,3
248,615,0,44,-21,-30,87,-80,-30,107,-136,-34,94,-177,-31,63,-128,19,78,-162,-19,65,-120,-36,53,-93,-34,41,-137,21,55,-168,-31,41,-112,-48,32,-77,-37,19,-142,14,33,-164,-37,24,-107,-36,17,-70,-12,-5,-148,5,14,-198,-15,28,-226,-11,42,-253,2
248,617,0,44,-21,-30,87,-80,-31,107,-136,-35,94,-177,-32,63,-128,21,78,-161,-18,65,-121,-36,53,-92,-34,42,-136,23,55,-168,-29,42,-113,-47,33,-77,-37,20,-141,16,33,-163,-35,25,-108,-35,17,-71,-11,-5,-147,6,14,-197,-12,28,-226,-8,42,-251,5
250,620,0,44,-23,-28,86,-82,-29,106,-138,-33,93,-177,-30,61,-129,20,77,-163,-19,64,-122,-37,53,-94,-35,41,-137,22,55,-169,-31,41,-114,-48,33,-79,-38,19,-142,14,33,-164,-38,24,-109,-37,17,-72,-12,-5,-148,3,13,-198,-15,27,-227,-12,42,-253,2
250,619,0,44,-22,-28,87,-82,-29,107,-138,-32,93,-177,-29,61,-129,21,77,-162,-18,64,-122,-36,53,-94,-34,41,-137,23,54,-168,-30,41,-113,-47,32,-78,-37,19,-142,15,33,-163,-36,24,-108,-36,17,-71,-11,-4,-147,5,13,-196,-14,27,-225,-10,42,-251,3
251,618,0,45,-22,-28,87,-82,-28,107,-138,-32,93,-177,-28,62,-128,19,77,-163,-19,64,-121,-36,54,-94,-35,41,-137,21,55,-169,-32,42,-113,-48,33,-78,-37,19,-142,13,34,-164,-38,25,-108,-37,17,-72,-12,-5,-147,3,13,-197,-15,27,-225,-12,42,-251,1
251,616,0,44,-21,-28,87,-81,-29,107,-137,-32,94,-177,-29,62,-128,17,78,-163,-20,65,-121,-37,54,-93,-35,41,-137,19,55,-168,-33,42,-113,-48,33,-78,-38,19,-142,12,34,-164,-38,25,-108,-37,17,-71,-12,-5,-147,2,13,-196,-16,28,-225,-13,42,-251,1
251,616,0,45,-21,-29,87,-82,-29,107,-138,-32,94,-177,-29,63,-129,19,78,-162,-19,65,-121,-37,54,-92,-35,42,-137,21,55,-168,-31,42,-113,-47,34,-78,-37,20,-142,14,34,-164,-37,25,-108,-36,17,-72,-11,-5,-148,4,14,-197,-14,28,-225,-10,43,-250,3
252,615,0,45,-22,-28,87,-82,-29,107,-137,-33,94,-177,-30,62,-128,18,77,-162,-20,65,-120,-38,54,-92,-36,41,-137,20,55,-168,-32,42,-112,-48,34,-78,-38,19,-142,13,34,-164,-38,25,-108,-37,17,-71,-12,-5,-147,3,14,-196,-16,28,-224,-12,43,-250,2
253,613,0,45,-22,-30,87,-81,-31,107,-137,-35,94,-177,-33,62,-129,19,78,-162,-20,65,-120,-38,54,-92,-36,42,-137,22,55,-167,-31,42,-111,-48,34,-77,-38,20,-142,14,34,-163,-37,25,-107,-36,17,-70,-11,-5,-147,5,14,-196,-13,28,-224,-9,43,-249,4
254,614,0,44,-21,-30,86,-81,-32,106,-137,-36,93,-177,-34,61,-129,18,77,-162,-21,64,-119,-39,54,-91,-37,41,-137,20,55,-167,-32,42,-112,-48,34,-77,-38,19,-141,13,33,-163,-38,25,-107,-37,17,-70,-12,-5,-146,3,13,-196,-15,27,-223,-11,42,-248,3
256,615,0,44,-23,-30,86,-82,-32,105,-137,-37,92,-178,-35,60,-130,19,76,-162,-20,64,-119,-39,53,-91,-38,40,-138,22,54,-166,-31,42,-111,-47,33,-77,-38,18,-141,15,33,-162,-37,25,-106,-36,17,-70,-11,-5,-146,5,12,-195,-14,27,-222,-10,42,-247,5
258,616,0,43,-23,-31,85,-82,-33,105,-137,-38,92,-178,-36,60,-130,19,75,-162,-21,63,-118,-39,52,-91,-38,40,-137,22,54,-167,-31,42,-111,-48,33,-77,-37,18,-142,16,33,-163,-37,25,-107,-35,17,-70,-10,-5,-147,6,12,-195,-13,27,-223,-9,42,-247,5
258,616,0,44,-23,-29,85,-82,-30,104,-138,-34,92,-178,-31,61,-130,20,76,-162,-19,64,-120,-36,53,-92,-34,40,-137,22,54,-167,-31,41,-111,-47,33,-78,-37,18,-142,14,33,-163,-37,25,-107,-36,17,-71,-11,-5,-147,4,12,-196,-15,27,-223,-11,42,-248,3
258,615,0,44,-22,-31,85,-82,-33,104,-137,-38,92,-178,-36,61,-130,18,77,-161,-22,64,-118,-40,53,-91,-38,40,-138,20,54,-166,-33,42,-110,-49,34,-76,-39,18,-142,13,33,-162,-39,25,-106,-37,18,-69,-12,-5,-146,3,13,-195,-16,28,-222,-12,43,-246,1
263,614,0,43,-22,-34,85,-81,-38,103,-136,-44,91,-178,-43,60,-131,15,76,-161,-26,64,-116,-44,53,-88,-42,39,-138,19,54,-166,-35,43,-109,-51,35,-76,-40,17,-142,13,33,-162,-40,25,-105,-39,18,-68,-13,-6,-146,4,11,-195,-16,26,-221,-12,41,-245,2
268,614,0,43,-23,-34,84,-81,-38,101,-136,-45,90,-179,-45,58,-133,15,75,-162,-27,63,-115,-46,51,-86,-44,38,-140,19,54,-167,-36,43,-109,-52,34,-75,-41,16,-143,12,33,-163,-43,25,-105,-40,17,-68,-13,-9,-147,2,10,-196,-19,26,-222,-15,41,-246,0
515,640,0,42,-30,-13,75,-89,-11,90,-139,-18,82,-183,-19,51,-138,35,68,-164,-3,63,-121,-21,55,-88,-18,33,-144,28,54,-169,-24,44,-114,-42,32,-78,-33,12,-149,12,36,-167,-37,29,-110,-36,18,-74,-12,-11,-152,-5,8,-204,-23,29,-227,-16,48,-246,0
518,640,0,42,-30,-15,74,-89,-15,89,-140,-22,80,-183,-24,49,-138,34,66,-164,-5,62,-121,-23,54,-88,-20,31,-144,27,53,-169,-25,43,-113,-43,31,-78,-34,11,-149,12,35,-168,-38,28,-110,-37,17,-73,-12,-12,-152,-4,7,-204,-23,28,-227,-17,47,-246,-1
517,640,0,42,-30,-16,75,-88,-16,91,-140,-24,81,-183,-25,52,-138,31,68,-165,-8,64,-121,-26,55,-89,-23,33,-145,25,54,-170,-28,45,-114,-46,32,-79,-37,12,-150,11,36,-169,-40,29,-111,-39,18,-74,-14,-12,-153,-5,8,-205,-24,29,-229,-18,48,-249,-3
521,639,0,41,-30,-16,73,-89,-16,88,-140,-24,80,-184,-26,47,-139,31,65,-164,-9,61,-120,-26,53,-88,-22,29,-145,25,52,-169,-28,42,-113,-46,30,-78,-37,9,-150,10,34,-168,-42,27,-110,-40,16,-73,-15,-14,-152,-6,6,-204,-25,27,-229,-19,45,-249,-4
518,643,0,41,-30,-16,74,-89,-16,89,-140,-23,81,-183,-25,50,-139,31,68,-164,-7,63,-121,-25,54,-89,-22,32,-144,26,53,-169,-27,44,-114,-44,31,-79,-36,11,-149,11,35,-168,-39,28,-111,-38,17,-75,-14,-12,-152,-5,8,-204,-24,27,-229,-18,46,-251,-3
519,642,0,41,-31,-18,72,-89,-19,88,-140,-27,79,-184,-29,48,-139,29,66,-166,-11,62,-121,-29,53,-89,-26,31,-145,24,52,-169,-29,43,-113,-47,31,-78,-38,10,-150,10,34,-169,-42,28,-111,-40,16,-74,-15,-13,-152,-7,6,-206,-25,26,-232,-19,43,-254,-3
517,643,0,42,-32,-16,74,-90,-15,89,-141,-23,80,-184,-25,49,-139,33,68,-165,-6,63,-122,-25,54,-89,-23,32,-145,27,53,-169,-26,44,-114,-45,31,-79,-37,11,-150,12,35,-168,-39,28,-111,-39,17,-75,-14,-12,-153,-5,8,-206,-22,27,-232,-16,44,-254,0
518,642,0,41,-31,-19,72,-90,-21,87,-141,-30,78,-184,-33,48,-139,26,65,-166,-14,62,-122,-31,54,-91,-28,30,-144,21,51,-169,-32,43,-113,-50,31,-79,-41,10,-149,7,34,-168,-45,28,-111,-43,16,-74,-18,-13,-151,-8,6,-205,-27,24,-232,-22,41,-255,-6
516,641,0,42,-31,-19,73,-91,-21,88,-142,-30,78,-184,-33,49,-140,26,67,-167,-15,63,-122,-33,54,-91,-30,31,-146,21,52,-170,-33,43,-114,-51,32,-79,-42,11,-150,7,34,-169,-45,28,-111,-44,17,-74,-19,-13,-152,-9,6,-206,-28,25,-234,-22,41,-257,-7
516,641,0,42,-32,-17,73,-91,-18,88,-142,-27,77,-185,-30,48,-140,30,66,-166,-11,63,-123,-29,54,-91,-26,30,-146,24,51,-169,-29,43,-114,-48,31,-80,-39,10,-150,9,34,-168,-42,28,-111,-42,17,-74,-17,-13,-152,-7,6,-206,-25,25,-234,-20,41,-258,-4
514,642,0,42,-32,-17,74,-91,-18,89,-143,-26,78,-184,-29,49,-140,30,67,-167,-9,64,-123,-28,54,-91,-25,31,-146,24,52,-171,-29,44,-115,-47,32,-80,-38,11,-151,10,34,-169,-41,28,-111,-41,17,-76,-16,-12,-153,-7,7,-207,-25,25,-235,-19,42,-259,-3
515,641,0,42,-32,-17,73,-91,-18,88,-143,-27,77,-185,-30,48,-140,30,67,-167,-10,63,-123,-29,54,-91,-26,31,-146,24,52,-170,-29,43,-114,-48,31,-80,-39,10,-150,9,34,-168,-42,28,-111,-42,17,-75,-18,-13,-153,-7,6,-207,-25,25,-234,-20,41,-258,-4
514,640,0,42,-32,-18,74,-91,-19,89,-142,-29,77,-185,-32,49,-140,28,67,-167,-12,63,-123,-31,54,-91,-28,31,-146,23,52,-170,-31,43,-114,-49,31,-80,-41,10,-151,8,35,-169,-44,28,-111,-43,17,-75,-18,-12,-153,-8,7,-207,-26,25,-235,-21,42,-259,-5
514,639,0,42,-32,-18,74,-91,-20,88,-143,-29,77,-185,-32,48,-140,28,65,-167,-12,62,-122,-30,54,-91,-27,30,-146,23,51,-169,-30,43,-114,-49,31,-79,-40,10,-150,9,33,-168,-43,28,-111,-42,17,-75,-17,-13,-153,-8,6,-207,-26,24,-234,-20,41,-258,-4
512,639,0,42,-33,-18,74,-91,-19,89,-143,-28,78,-184,-32,49,-141,27,67,-168,-13,64,-123,-31,55,-91,-28,31,-147,21,52,-170,-32,44,-114,-50,32,-80,-41,10,-151,6,34,-169,-45,28,-111,-44,18,-75,-19,-12,-152,-10,6,-207,-29,24,-236,-23,41,-260,-8
514,637,0,41,-32,-20,73,-92,-22,87,-143,-31,76,-185,-35,47,-140,25,65,-168,-15,62,-124,-34,53,-93,-31,30,-146,20,50,-170,-33,42,-114,-51,31,-80,-43,9,-150,6,32,-169,-45,27,-112,-44,17,-75,-19,-13,-153,-10,5,-208,-28,23,-236,-22,39,-261,-7
514,635,0,42,-32,-19,73,-92,-21,87,-145,-30,75,-186,-33,47,-141,24,64,-170,-15,62,-125,-33,53,-92,-30,29,-146,19,49,-171,-33,42,-115,-51,31,-80,-42,9,-150,6,31,-170,-45,27,-112,-43,17,-75,-19,-14,-152,-10,4,-208,-28,21,-238,-23,38,-263,-8
511,635,0,42,-32,-18,74,-92,-20,88,-145,-29,75,-186,-33,49,-141,24,66,-168,-15,63,-125,-32,54,-93,-29,30,-146,19,50,-170,-33,43,-115,-50,32,-80,-42,10,-151,6,32,-170,-44,27,-112,-43,17,-75,-19,-14,-153,-10,5,-208,-27,23,-238,-22,38,-264,-7
513,635,0,41,-33,-16,73,-93,-16,87,-145,-24,75,-186,-27,47,-140,29,64,-168,-10,62,-125,-28,53,-92,-25,29,-145,22,49,-171,-30,42,-115,-48,30,-80,-39,8,-150,8,31,-170,-42,26,-112,-42,16,-75,-18,-15,-152,-9,4,-208,-26,21,-238,-20,37,-264,-5
511,635,0,43,-33,-17,73,-93,-17,88,-145,-25,75,-186,-28,48,-140,29,66,-168,-10,62,-124,-28,53,-92,-25,30,-145,23,50,-170,-29,42,-114,-47,31,-80,-39,9,-150,9,32,-170,-42,26,-112,-41,16,-75,-17,-14,-153,-7,5,-209,-25,22,-239,-19,38,-265,-5
508,637,0,42,-32,-18,74,-92,-19,88,-144,-28,76,-185,-30,48,-139,27,66,-168,-12,63,-124,-29,54,-92,-26,30,-145,22,51,-171,-31,43,-115,-49,32,-80,-40,10,-150,8,33,-171,-43,27,-112,-41,17,-75,-17,-14,-153,-8,5,-210,-26,23,-240,-20,39,-266,-5
510,636,0,42,-33,-17,73,-92,-18,87,-144,-26,75,-186,-29,47,-139,28,65,-168,-11,61,-124,-29,53,-91,-26,29,-145,22,50,-171,-31,42,-115,-49,30,-81,-41,9,-150,8,32,-170,-43,26,-112,-43,16,-76,-18,-15,-153,-9,4,-208,-26,22,-238,-20,38,-264,-5
508,637,0,42,-32,-18,73,-92,-19,87,-144,-27,76,-185,-30,48,-138,27,65,-168,-11,62,-124,-29,54,-92,-25,30,-145,22,51,-170,-31,43,-114,-48,31,-81,-40,10,-149,8,32,-169,-43,27,-112,-41,17,-75,-17,-14,-152,-8,5,-207,-26,22,-237,-20,38,-262,-5
508,637,0,42,-32,-17,73,-92,-18,87,-144,-27,76,-185,-29,48,-139,27,65,-168,-12,62,-124,-29,53,-91,-26,30,-144,21,51,-170,-31,43,-115,-49,31,-81,-40,10,-150,7,32,-169,-43,27,-112,-42,16,-76,-18,-14,-152,-9,5,-207,-27,22,-237,-21,38,-263,-5
508,637,0,42,-32,-18,73,-92,-19,87,-144,-27,75,-186,-30,48,-138,27,65,-167,-12,62,-124,-29,54,-92,-26,30,-144,22,50,-169,-30,42,-115,-49,31,-80,-40,9,-149,7,32,-168,-43,27,-112,-42,16,-75,-18,-14,-152,-9,5,-207,-26,22,-236,-20,38,-262,-6
507,637,0,42,-32,-18,73,-92,-18,87,-145,-27,75,-186,-29,48,-138,28,66,-168,-11,62,-124,-28,54,-92,-26,30,-145,23,50,-170,-30,43,-115,-48,31,-80,-40,9,-149,9,32,-169,-41,27,-112,-41,16,-75,-17,-14,-152,-7,5,-207,-25,22,-237,-19,38,-262,-4
508,635,0,42,-31,-17,73,-92,-17,87,-144,-26,75,-186,-28,48,-138,29,65,-167,-10,62,-123,-27,53,-92,-24,30,-144,23,50,-171,-29,42,-115,-47,30,-80,-39,9,-149,9,32,-169,-42,27,-111,-41,16,-75,-17,-14,-152,-8,4,-208,-25,22,-237,-19,38,-263,-4
507,635,0,42,-31,-18,73,-91,-18,88,-145,-27,75,-186,-29,48,-138,28,66,-167,-11,62,-124,-28,54,-91,-25,30,-144,22,50,-170,-30,43,-115,-48,30,-80,-40,9,-149,8,33,-169,-42,27,-111,-41,16,-75,-17,-14,-152,-8,5,-208,-25,22,-238,-19,38,-264,-4
509,636,0,42,-32,-17,73,-93,-18,87,-146,-26,74,-186,-28,47,-140,27,64,-169,-12,61,-124,-29,52,-92,-25,29,-145,21,50,-172,-31,42,-115,-49,30,-81,-40,8,-150,7,32,-170,-43,26,-112,-42,16,-75,-17,-15,-152,-9,4,-209,-26,21,-240,-20,36,-266,-5
508,636,0,43,-32,-16,74,-92,-16,88,-146,-24,75,-186,-26,48,-138,30,65,-168,-8,62,-125,-26,54,-91,-23,30,-144,24,50,-171,-27,43,-116,-46,32,-80,-38,10,-149,10,32,-170,-40,27,-112,-40,17,-75,-16,-13,-152,-6,4,-209,-23,22,-240,-17,36,-266,-2
509,636,0,42,-32,-17,73,-92,-17,87,-146,-26,74,-186,-28,47,-139,29,65,-168,-11,62,-124,-29,53,-91,-26,30,-145,23,50,-172,-30,43,-116,-48,31,-81,-40,9,-150,8,32,-170,-42,27,-112,-41,16,-75,-17,-14,-153,-8,5,-210,-25,22,-240,-18,36,-267,-3
511,635,0,43,-32,-14,74,-92,-13,88,-145,-20,75,-186,-22,47,-138,32,65,-166,-5,62,-123,-22,53,-90,-19,30,-144,26,50,-171,-25,43,-115,-44,31,-80,-36,10,-149,11,32,-169,-37,28,-112,-38,17,-76,-16,-14,-152,-5,4,-210,-21,21,-242,-16,36,-269,-1
514,641,0,43,-34,-13,74,-93,-12,87,-145,-19,75,-186,-21,47,-139,33,66,-168,-4,64,-125,-23,55,-92,-21,30,-145,26,51,-173,-24,44,-118,-44,32,-81,-37,10,-150,11,34,-171,-37,29,-115,-39,18,-77,-17,-13,-154,-6,5,-213,-22,21,-244,-16,36,-272,-2
521,638,0,42,-34,-13,72,-95,-13,86,-147,-20,72,-187,-23,44,-142,31,63,-170,-7,61,-125,-25,53,-91,-23,28,-147,24,49,-173,-27,42,-118,-46,30,-80,-39,8,-152,9,31,-172,-39,27,-115,-40,16,-77,-18,-16,-155,-7,2,-214,-23,19,-246,-18,34,-273,-4
521,641,0,43,-35,-14,73,-94,-13,86,-147,-19,73,-186,-22,45,-140,32,63,-167,-5,61,-125,-23,53,-91,-21,28,-145,25,49,-172,-24,42,-117,-44,31,-81,-37,8,-150,11,31,-171,-37,27,-114,-39,17,-77,-17,-14,-153,-5,2,-212,-21,19,-244,-16,34,-272,-2
524,640,0,43,-34,-15,73,-94,-14,87,-147,-22,73,-186,-24,46,-140,30,64,-168,-7,61,-124,-25,54,-90,-22,29,-145,24,48,-171,-27,42,-116,-46,31,-80,-39,8,-150,10,30,-171,-39,27,-114,-40,17,-76,-18,-15,-153,-6,2,-212,-23,19,-245,-18,33,-273,-4
526,643,0,42,-34,-13,73,-94,-12,87,-147,-19,73,-186,-20,46,-140,33,64,-167,-4,62,-124,-22,53,-90,-19,29,-146,26,49,-172,-24,42,-117,-43,31,-80,-36,9,-151,12,31,-172,-36,27,-114,-38,17,-76,-15,-15,-154,-5,3,-214,-20,19,-246,-15,33,-273,0
527,645,0,43,-34,-14,73,-93,-12,86,-146,-19,73,-186,-20,47,-139,33,65,-167,-3,63,-124,-21,54,-90,-18,29,-145,27,50,-172,-23,43,-117,-43,32,-80,-36,9,-151,12,32,-171,-36,28,-114,-38,18,-76,-16,-14,-154,-4,3,-213,-19,19,-245,-14,34,-272,0
531,645,0,42,-35,-14,72,-94,-13,85,-146,-19,72,-187,-21,46,-139,32,64,-167,-5,61,-123,-23,53,-90,-20,28,-145,25,48,-172,-25,42,-117,-44,31,-80,-37,8,-151,11,31,-172,-37,27,-114,-39,17,-76,-17,-16,-155,-5,2,-214,-20,18,-246,-15,32,-273,-1
531,646,0,43,-35,-12,73,-94,-11,86,-147,-17,74,-186,-18,47,-140,32,66,-167,-4,63,-123,-22,54,-89,-20,30,-146,25,49,-172,-24,43,-118,-44,32,-80,-37,9,-151,11,32,-172,-37,28,-115,-38,18,-77,-17,-14,-155,-6,3,-214,-21,19,-246,-15,33,-273,-1
534,645,0,43,-34,-12,73,-94,-10,87,-147,-16,73,-186,-17,46,-141,34,65,-169,-3,62,-125,-21,53,-90,-18,29,-147,27,49,-175,-23,43,-119,-42,32,-81,-35,9,-153,12,32,-174,-36,28,-115,-37,18,-77,-15,-15,-156,-5,3,-216,-20,19,-249,-14,33,-276,1
534,645,0,43,-35,-11,73,-95,-9,86,-147,-16,73,-186,-18,46,-140,34,65,-167,-3,62,-124,-21,52,-90,-19,29,-146,26,49,-173,-24,42,-118,-44,31,-80,-37,9,-152,10,31,-172,-38,28,-114,-39,17,-76,-17,-15,-155,-7,3,-215,-22,19,-247,-17,34,-274,-2
535,645,0,43,-34,-12,73,-93,-10,87,-146,-17,74,-186,-18,46,-139,34,64,-167,-3,61,-123,-21,54,-90,-18,29,-145,27,49,-173,-24,43,-117,-43,32,-80,-36,9,-150,12,32,-172,-37,28,-114,-38,18,-77,-15,-14,-155,-5,3,-214,-21,19,-245,-15,33,-273,-1
619,622,0,44,-38,-1,69,-97,5,81,-148,1,71,-187,1,39,-138,44,57,-167,9,58,-126,-9,52,-89,-7,23,-143,32,46,-173,-15,42,-118,-35,31,-79,-29,3,-149,13,30,-173,-32,28,-117,-35,18,-79,-14,-21,-153,-6,-1,-214,-22,16,-245,-16,32,-271,-2
623,621,0,44,-38,0,69,-98,7,82,-149,4,70,-188,4,39,-140,47,56,-170,13,57,-126,-4,51,-90,-2,23,-144,34,45,-174,-12,41,-118,-31,31,-80,-25,3,-149,15,29,-174,-31,27,-117,-32,17,-79,-12,-21,-153,-5,-2,-215,-20,16,-246,-15,31,-273,0
639,627,0,43,-39,-1,68,-99,6,80,-149,2,67,-189,2,37,-140,46,54,-168,12,56,-126,-6,51,-90,-5,21,-144,34,43,-173,-11,39,-117,-31,30,-78,-26,1,-148,16,26,-173,-29,25,-116,-31,16,-77,-11,-24,-151,-3,-6,-212,-18,11,-244,-12,26,-270,2
641,627,0,43,-38,-3,68,-98,2,80,-149,-2,67,-189,-2,38,-139,40,55,-168,6,56,-125,-12,51,-89,-9,21,-143,30,43,-172,-17,39,-116,-35,30,-77,-29,1,-148,12,26,-172,-33,24,-115,-34,16,-76,-14,-24,-150,-6,-6,-211,-22,11,-243,-16,26,-269,-2
641,630,0,43,-39,-3,69,-100,3,81,-150,-1,68,-188,-1,38,-140,42,54,-169,8,56,-127,-9,52,-90,-7,21,-144,32,43,-174,-15,40,-117,-34,31,-78,-27,1,-148,13,26,-173,-32,25,-116,-33,16,-77,-12,-24,-150,-5,-6,-211,-20,12,-243,-14,27,-269,1
643,632,0,42,-38,-3,68,-99,2,80,-149,-2,69,-188,-2,37,-138,43,54,-167,8,56,-126,-10,51,-90,-7,20,-143,32,42,-174,-16,39,-118,-35,30,-79,-29,0,-147,14,25,-174,-32,25,-116,-33,16,-78,-12,-26,-150,-5,-7,-211,-20,11,-242,-14,26,-267,1
641,631,0,43,-37,-7,70,-97,-3,83,-148,-8,70,-188,-9,37,-136,38,55,-166,3,56,-124,-14,50,-88,-11,21,-142,29,44,-174,-19,40,-117,-38,30,-79,-32,0,-147,13,26,-173,-34,25,-115,-34,15,-78,-12,-26,-149,-5,-6,-209,-20,12,-239,-14,28,-265,1
639,628,0,43,-35,-8,71,-95,-5,84,-147,-11,72,-187,-13,38,-136,36,56,-166,-1,57,-123,-20,51,-88,-18,21,-143,27,44,-173,-23,40,-116,-42,29,-79,-35,0,-148,11,27,-172,-37,25,-114,-37,15,-77,-14,-25,-150,-7,-5,-209,-23,14,-239,-17,30,-264,-2
635,626,0,44,-35,-6,72,-95,-2,87,-147,-8,74,-186,-10,37,-138,37,56,-167,-1,57,-125,-19,52,-89,-17,20,-144,27,46,-175,-24,41,-117,-42,29,-80,-34,-2,-149,9,28,-174,-41,26,-115,-39,15,-78,-15,-26,-151,-10,-4,-211,-28,16,-241,-21,33,-266,-5
636,626,0,42,-34,-7,71,-93,-4,85,-145,-10,74,-186,-13,38,-135,35,57,-166,-3,60,-125,-22,56,-91,-21,21,-141,25,46,-174,-26,41,-116,-45,30,-79,-37,0,-146,8,28,-172,-42,25,-114,-41,15,-77,-18,-25,-148,-11,-5,-208,-30,15,-238,-24,31,-263,-9
645,607,0,44,-30,-14,78,-90,-12,94,-142,-17,83,-182,-17,51,-136,38,69,-165,-1,62,-121,-22,52,-89,-21,32,-143,31,53,-170,-20,44,-114,-40,33,-82,-33,11,-147,16,33,-167,-34,26,-110,-33,16,-77,-8,-13,-150,-1,5,-204,-18,21,-231,-11,36,-256,6
645,609,0,45,-30,-14,79,-90,-12,95,-142,-18,83,-182,-18,53,-137,38,70,-165,-1,63,-121,-22,52,-90,-21,33,-143,32,54,-169,-19,45,-114,-40,33,-83,-33,12,-147,16,34,-167,-33,27,-110,-32,16,-77,-8,-12,-150,-1,6,-203,-17,22,-231,-9,36,-256,7
644,608,0,45,-30,-16,79,-90,-14,95,-141,-21,83,-182,-22,53,-136,35,70,-165,-4,63,-121,-24,52,-92,-23,33,-142,29,53,-168,-22,45,-114,-42,33,-83,-36,12,-146,14,34,-165,-35,27,-109,-35,17,-75,-11,-12,-148,-2,5,-201,-20,21,-229,-13,36,-254,2
647,609,0,45,-31,-16,79,-89,-15,94,-142,-22,82,-183,-23,52,-136,35,69,-165,-5,61,-121,-26,50,-90,-25,33,-142,29,52,-170,-23,44,-115,-43,33,-83,-36,11,-147,14,33,-167,-36,26,-110,-34,16,-77,-10,-13,-149,-3,5,-204,-19,21,-232,-12,36,-257,4
649,613,0,44,-30,-17,78,-90,-16,94,-143,-22,81,-183,-22,51,-136,34,68,-164,-5,61,-120,-25,50,-90,-25,32,-142,28,51,-169,-23,43,-115,-43,32,-83,-36,11,-146,14,32,-167,-35,26,-111,-34,16,-77,-9,-14,-149,-2,4,-202,-19,19,-230,-12,34,-256,4
648,615,0,45,-31,-17,79,-90,-16,94,-142,-22,82,-183,-23,52,-136,33,69,-164,-5,62,-121,-25,50,-91,-24,32,-142,28,52,-169,-23,43,-115,-43,33,-83,-36,11,-145,13,32,-166,-36,26,-110,-35,17,-76,-11,-14,-147,-3,4,-201,-20,20,-230,-14,34,-256,2
646,614,0,45,-31,-17,80,-90,-17,95,-142,-23,83,-182,-24,52,-137,31,69,-166,-7,62,-122,-26,51,-92,-24,33,-143,26,51,-170,-25,43,-115,-45,33,-83,-38,11,-146,12,33,-167,-38,27,-110,-36,16,-75,-11,-14,-148,-3,4,-202,-21,20,-231,-15,35,-257,1
395,656,0,31,-40,-20,46,-108,-19,45,-161,-25,29,-198,-24,17,-141,21,26,-174,-18,30,-135,-34,29,-104,-30,-1,-139,17,9,-173,-35,12,-119,-50,9,-83,-39,-23,-135,5,-9,-163,-48,-3,-108,-45,-4,-71,-20,-46,-128,-8,-42,-183,-30,-32,-213,-24,-23,-241,-8
394,656,0,32,-39,-21,47,-108,-20,46,-162,-25,30,-198,-24,17,-140,21,25,-174,-18,30,-135,-34,29,-103,-30,-1,-139,18,9,-173,-35,12,-118,-51,9,-82,-41,-23,-134,6,-9,-164,-48,-3,-109,-46,-3,-70,-21,-46,-128,-7,-42,-183,-29,-33,-214,-23,-24,-242,-8
398,667,0,31,-40,-21,46,-108,-22,45,-160,-28,29,-198,-29,17,-141,18,25,-173,-21,30,-133,-35,28,-100,-31,-2,-140,15,9,-175,-36,12,-121,-50,9,-85,-40,-23,-136,3,-9,-165,-48,-3,-110,-45,-4,-72,-20,-47,-129,-10,-41,-184,-30,-32,-214,-24,-22,-242,-9
398,667,0,31,-38,-22,47,-106,-24,46,-160,-30,29,-198,-31,18,-141,18,26,-173,-21,31,-135,-37,29,-103,-33,-2,-140,15,10,-176,-37,12,-121,-52,9,-85,-41,-23,-136,4,-9,-165,-48,-3,-111,-46,-4,-73,-20,-47,-129,-9,-41,-184,-30,-31,-214,-24,-22,-242,-8
398,666,0,31,-39,-23,47,-106,-24,46,-160,-31,30,-198,-32,18,-141,18,26,-173,-21,30,-134,-38,28,-102,-34,-2,-140,16,9,-175,-36,12,-121,-51,9,-85,-41,-23,-136,5,-9,-164,-48,-3,-109,-45,-4,-71,-20,-46,-129,-8,-41,-183,-29,-31,-213,-23,-22,-241,-8
398,667,0,31,-38,-24,47,-106,-26,47,-161,-32,29,-198,-32,18,-140,19,26,-174,-20,29,-134,-37,28,-102,-33,-1,-139,17,10,-175,-35,12,-121,-51,10,-85,-40,-22,-135,6,-9,-164,-47,-3,-108,-45,-4,-71,-19,-46,-129,-6,-41,-183,-28,-31,-213,-22,-21,-240,-6
396,669,0,32,-36,-27,48,-105,-29,48,-160,-36,31,-198,-36,19,-140,18,27,-174,-23,31,-134,-40,29,-101,-36,0,-139,17,11,-175,-37,13,-120,-52,10,-84,-41,-22,-135,7,-8,-164,-48,-2,-108,-46,-3,-70,-19,-45,-129,-5,-39,-184,-27,-29,-213,-22,-20,-240,-6
395,670,0,32,-37,-27,49,-105,-30,49,-161,-37,31,-198,-37,20,-142,16,27,-176,-25,31,-133,-41,29,-100,-37,0,-140,15,11,-176,-38,13,-120,-53,11,-84,-41,-22,-135,6,-8,-164,-49,-2,-108,-46,-3,-70,-19,-46,-129,-6,-39,-184,-28,-29,-213,-22,-19,-241,-6
395,673,0,31,-37,-26,48,-106,-28,47,-161,-35,29,-198,-36,18,-141,16,27,-174,-25,30,-132,-41,28,-100,-37,-1,-140,15,10,-175,-39,13,-119,-54,9,-83,-43,-22,-136,5,-8,-165,-50,-3,-109,-46,-4,-71,-20,-46,-129,-7,-40,-184,-29,-30,-213,-23,-20,-241,-8
393,673,0,32,-37,-26,49,-105,-29,49,-160,-37,32,-198,-38,20,-141,17,28,-173,-24,32,-132,-41,30,-100,-38,1,-140,16,11,-175,-38,13,-119,-53,11,-83,-42,-21,-135,6,-7,-163,-48,-2,-108,-45,-3,-71,-18,-45,-129,-6,-39,-183,-28,-28,-212,-21,-19,-240,-5
391,671,0,33,-38,-26,51,-108,-29,51,-163,-37,30,-198,-37,18,-142,17,27,-174,-24,31,-131,-40,28,-99,-36,0,-140,16,10,-176,-37,13,-120,-52,11,-85,-41,-22,-136,7,-8,-164,-47,-2,-108,-43,-4,-70,-17,-46,-129,-5,-40,-183,-26,-29,-213,-19,-19,-240,-3
387,661,0,32,-41,-21,50,-107,-21,53,-161,-28,35,-197,-28,22,-141,26,32,-174,-13,32,-132,-30,27,-101,-28,3,-142,22,16,-175,-29,15,-121,-47,9,-87,-38,-18,-140,10,-3,-169,-41,0,-113,-38,-3,-77,-12,-41,-134,-4,-34,-189,-23,-22,-217,-16,-12,-245,1
343,698,0,33,-41,-25,52,-110,-26,53,-167,-31,30,-198,-30,17,-141,22,26,-175,-21,27,-130,-38,21,-100,-35,-2,-141,20,8,-175,-38,10,-118,-53,7,-86,-42,-22,-136,8,-11,-166,-50,-5,-108,-45,-7,-72,-15,-46,-130,-5,-40,-186,-30,-31,-217,-23,-24,-247,-6
340,698,0,35,-40,-24,54,-111,-25,55,-168,-30,32,-198,-28,21,-143,20,30,-178,-22,31,-134,-39,25,-103,-36,1,-143,18,10,-178,-39,12,-120,-54,9,-87,-43,-21,-138,7,-10,-168,-51,-3,-109,-46,-5,-72,-17,-45,-132,-7,-39,-188,-31,-31,-218,-25,-24,-249,-8
340,698,0,33,-41,-27,52,-111,-29,52,-168,-36,29,-198,-36,18,-142,20,27,-176,-23,27,-132,-42,22,-102,-39,-2,-141,19,7,-175,-39,9,-117,-56,6,-83,-45,-23,-137,8,-11,-166,-50,-5,-108,-46,-7,-71,-18,-46,-130,-5,-41,-186,-28,-32,-217,-22,-24,-247,-6
339,698,0,33,-42,-26,52,-111,-27,52,-168,-33,30,-198,-32,19,-141,21,27,-176,-22,28,-131,-41,22,-101,-38,-1,-141,19,7,-176,-39,10,-119,-55,8,-85,-44,-23,-137,8,-12,-166,-50,-6,-108,-45,-6,-71,-16,-47,-129,-5,-42,-186,-30,-33,-217,-24,-26,-248,-7
338,699,0,33,-41,-27,53,-111,-29,53,-169,-36,29,-198,-35,17,-141,21,26,-175,-22,27,-132,-41,23,-102,-39,-2,-141,20,6,-176,-39,9,-119,-56,7,-85,-45,-24,-137,9,-13,-167,-50,-6,-109,-46,-7,-72,-17,-47,-130,-4,-42,-187,-28,-34,-219,-22,-27,-250,-6
338,705,0,33,-41,-27,52,-111,-29,52,-168,-36,29,-198,-36,18,-141,20,27,-177,-23,28,-133,-42,24,-103,-41,-2,-141,19,7,-177,-40,10,-119,-57,7,-86,-45,-23,-137,7,-12,-167,-52,-6,-108,-47,-6,-71,-18,-46,-130,-6,-42,-186,-31,-34,-217,-25,-27,-248,-9
341,705,0,32,-41,-27,51,-111,-28,51,-168,-34,27,-199,-33,16,-142,20,25,-178,-23,26,-133,-40,22,-102,-37,-3,-141,19,5,-177,-39,9,-119,-55,6,-85,-44,-25,-137,8,-13,-167,-51,-7,-108,-47,-8,-72,-18,-48,-130,-6,-44,-188,-30,-37,-219,-25,-31,-250,-8
343,710,0,32,-43,-24,50,-112,-26,50,-167,-32,28,-198,-32,18,-143,23,26,-179,-20,28,-135,-39,24,-104,-37,-2,-142,20,6,-178,-38,9,-120,-56,7,-85,-45,-24,-138,8,-13,-168,-51,-6,-110,-48,-7,-73,-20,-47,-131,-6,-43,-188,-31,-37,-219,-26,-30,-250,-9
346,711,0,32,-43,-24,50,-112,-25,49,-167,-32,28,-198,-32,17,-143,24,26,-179,-20,28,-136,-41,25,-104,-39,-3,-142,21,6,-177,-38,9,-119,-56,7,-85,-45,-25,-138,8,-13,-167,-52,-7,-109,-49,-7,-72,-20,-48,-132,-7,-43,-188,-31,-37,-220,-26,-30,-251,-9
345,710,0,32,-43,-24,50,-110,-25,50,-166,-32,29,-198,-32,17,-144,23,26,-179,-20,28,-135,-39,24,-104,-37,-3,-143,20,7,-177,-39,10,-120,-56,7,-86,-45,-24,-138,7,-12,-168,-53,-6,-110,-49,-6,-73,-21,-48,-131,-8,-43,-188,-33,-36,-220,-28,-30,-251,-12
349,713,0,32,-43,-22,49,-111,-22,49,-166,-28,29,-198,-27,16,-143,26,25,-179,-17,26,-135,-37,23,-103,-35,-3,-143,22,6,-177,-36,9,-120,-54,6,-86,-44,-25,-138,9,-13,-166,-50,-6,-110,-47,-7,-73,-19,-48,-131,-7,-43,-188,-30,-36,-220,-25,-30,-251,-8
353,714,0,32,-44,-23,49,-111,-24,49,-166,-30,29,-198,-30,18,-142,25,25,-176,-18,26,-132,-38,21,-101,-36,-2,-141,22,6,-175,-35,9,-120,-53,6,-87,-43,-22,-137,9,-13,-165,-48,-6,-110,-46,-6,-73,-18,-45,-130,-6,-42,-186,-29,-35,-217,-23,-29,-248,-7
353,712,0,33,-43,-23,50,-111,-23,51,-167,-29,30,-198,-28,17,-141,24,25,-175,-19,26,-132,-39,22,-101,-37,-2,-141,21,7,-175,-36,9,-120,-53,7,-88,-43,-23,-137,8,-11,-166,-49,-5,-109,-46,-6,-74,-18,-45,-131,-7,-42,-188,-30,-35,-219,-25,-29,-250,-8
353,713,0,33,-42,-22,50,-111,-22,51,-167,-27,30,-198,-26,17,-141,24,26,-176,-18,27,-133,-36,22,-102,-34,-1,-141,21,7,-176,-35,10,-120,-52,7,-88,-42,-22,-137,8,-11,-167,-49,-5,-110,-45,-6,-74,-17,-45,-131,-7,-41,-188,-30,-34,-219,-25,-29,-249,-9
353,712,0,33,-41,-24,50,-110,-24,51,-167,-30,30,-198,-28,16,-141,21,24,-177,-21,26,-132,-39,21,-102,-36,-2,-140,18,7,-175,-37,10,-119,-53,7,-88,-43,-22,-136,7,-11,-166,-50,-5,-109,-46,-6,-73,-18,-44,-130,-7,-41,-186,-31,-34,-217,-26,-29,-247,-10
353,713,0,33,-41,-24,49,-111,-24,50,-166,-28,30,-198,-26,16,-141,23,24,-176,-17,26,-133,-35,21,-103,-32,-2,-141,21,7,-175,-34,10,-120,-51,7,-89,-41,-23,-136,10,-11,-165,-47,-5,-109,-44,-6,-73,-16,-45,-130,-4,-41,-186,-28,-35,-218,-23,-29,-248,-7
354,713,0,32,-41,-24,49,-111,-24,50,-166,-29,29,-198,-28,17,-142,23,25,-176,-19,26,-133,-37,21,-103,-35,-2,-141,20,6,-175,-36,10,-120,-53,7,-90,-43,-23,-137,8,-12,-165,-49,-5,-109,-46,-6,-74,-18,-45,-130,-6,-42,-187,-30,-35,-218,-25,-30,-248,-9
355,713,0,32,-42,-23,49,-111,-23,49,-167,-28,28,-198,-27,16,-142,23,25,-177,-18,26,-134,-36,21,-104,-34,-2,-142,21,6,-175,-35,9,-121,-52,6,-90,-42,-23,-137,9,-12,-166,-48,-5,-110,-45,-7,-74,-18,-46,-130,-6,-42,-187,-29,-36,-219,-24,-31,-249,-9
354,712,0,32,-41,-24,49,-111,-24,50,-166,-30,29,-198,-28,18,-142,23,26,-178,-19,27,-134,-37,22,-104,-35,-1,-141,21,7,-176,-35,10,-121,-52,7,-90,-43,-22,-137,9,-11,-166,-48,-5,-110,-45,-6,-74,-18,-45,-131,-6,-42,-187,-29,-35,-218,-25,-30,-249,-9
353,711,0,32,-41,-24,50,-110,-24,51,-166,-30,30,-198,-30,18,-142,22,27,-177,-21,28,-133,-39,23,-103,-37,-1,-142,19,8,-176,-37,11,-120,-53,8,-89,-43,-22,-138,7,-11,-167,-50,-4,-110,-47,-6,-74,-19,-45,-131,-8,-42,-188,-32,-35,-219,-27,-29,-250,-11
353,711,0,32,-41,-24,50,-110,-24,51,-166,-30,30,-198,-29,18,-141,22,27,-176,-20,28,-133,-38,23,-103,-35,-1,-141,20,8,-176,-36,10,-120,-53,7,-88,-43,-22,-137,8,-11,-167,-50,-5,-110,-46,-6,-74,-19,-45,-131,-7,-42,-188,-31,-36,-219,-26,-30,-250,-10
352,713,0,32,-41,-23,50,-110,-23,51,-166,-29,31,-198,-28,18,-142,23,27,-177,-19,28,-133,-37,23,-103,-35,-1,-141,20,8,-176,-36,11,-120,-53,8,-89,-43,-22,-137,7,-10,-167,-50,-4,-110,-47,-6,-74,-19,-45,-131,-7,-41,-188,-31,-35,-219,-26,-29,-250,-11
351,714,0,32,-41,-25,49,-110,-27,51,-166,-33,30,-198,-32,18,-143,19,26,-180,-22,27,-134,-39,22,-105,-37,-1,-143,17,7,-178,-39,10,-121,-55,7,-89,-44,-22,-138,5,-11,-168,-51,-5,-111,-47,-7,-74,-20,-45,-131,-8,-42,-188,-32,-35,-219,-27,-29,-250,-12
350,710,0,32,-41,-26,50,-110,-28,51,-167,-34,29,-198,-34,18,-144,19,25,-181,-23,27,-135,-41,22,-105,-38,-2,-143,17,6,-177,-39,9,-121,-55,7,-88,-45,-23,-138,6,-13,-168,-51,-6,-110,-47,-7,-73,-20,-46,-131,-7,-43,-188,-31,-36,-220,-26,-30,-252,-11
347,709,0,33,-42,-24,51,-112,-25,52,-168,-32,28,-198,-31,17,-144,21,26,-181,-20,27,-135,-38,22,-104,-35,-2,-144,19,7,-178,-36,10,-121,-53,7,-89,-43,-23,-140,7,-11,-168,-49,-5,-110,-45,-7,-74,-18,-46,-133,-7,-42,-191,-30,-35,-223,-24,-28,-252,-8
346,708,0,33,-42,-24,53,-113,-25,54,-170,-32,29,-198,-31,19,-148,20,28,-187,-22,29,-139,-39,24,-108,-37,-1,-148,17,7,-182,-39,10,-124,-55,6,-92,-45,-23,-143,5,-11,-173,-51,-5,-113,-47,-7,-76,-20,-47,-136,-9,-43,-194,-32,-35,-226,-27,-29,-258,-11
344,704,0,34,-41,-24,53,-113,-25,54,-171,-31,28,-198,-31,19,-147,21,27,-186,-21,28,-139,-39,23,-107,-37,-1,-147,18,7,-182,-38,9,-123,-55,5,-90,-45,-23,-143,6,-11,-173,-50,-6,-114,-46,-8,-77,-19,-47,-136,-8,-43,-194,-31,-36,-227,-26,-29,-258,-11
343,702,0,33,-41,-24,52,-113,-25,53,-171,-32,28,-198,-31,19,-148,20,27,-187,-22,28,-140,-40,23,-108,-37,-1,-148,17,7,-182,-39,9,-123,-55,6,-91,-44,-23,-143,6,-12,-173,-51,-6,-114,-46,-7,-77,-18,-47,-136,-8,-42,-194,-32,-36,-226,-26,-30,-258,-10
343,699,0,33,-42,-24,53,-113,-25,54,-171,-32,28,-198,-32,18,-149,20,27,-188,-22,29,-141,-40,24,-108,-38,-2,-149,17,6,-184,-39,9,-124,-55,6,-91,-45,-24,-144,5,-12,-174,-51,-6,-114,-47,-8,-77,-20,-48,-137,-9,-43,-195,-33,-36,-228,-27,-29,-259,-12
342,696,0,34,-42,-22,53,-113,-23,54,-170,-28,30,-198,-27,18,-149,21,27,-187,-19,29,-141,-36,24,-109,-33,-2,-149,18,7,-183,-38,10,-125,-53,6,-92,-43,-23,-144,5,-11,-174,-50,-5,-114,-46,-7,-77,-18,-47,-136,-9,-42,-194,-33,-35,-227,-28,-29,-259,-13
342,692,0,34,-42,-23,53,-113,-23,53,-170,-29,29,-198,-28,18,-148,21,27,-188,-19,29,-141,-36,25,-110,-33,-1,-148,18,7,-183,-37,10,-125,-53,7,-91,-43,-23,-143,6,-11,-174,-49,-5,-115,-46,-7,-77,-18,-47,-136,-8,-42,-195,-31,-35,-227,-26,-29,-259,-11
342,687,0,33,-42,-24,52,-111,-25,53,-167,-31,30,-198,-31,18,-147,22,27,-185,-20,29,-139,-37,24,-106,-34,-2,-147,19,8,-181,-37,10,-122,-54,6,-89,-44,-23,-142,7,-11,-171,-50,-5,-112,-46,-6,-75,-19,-47,-134,-8,-42,-192,-31,-34,-225,-26,-28,-256,-11
342,687,0,33,-42,-24,52,-111,-25,53,-167,-32,30,-198,-32,18,-146,20,28,-185,-21,29,-139,-38,24,-107,-35,-1,-146,17,8,-181,-39,10,-123,-55,6,-89,-45,-23,-142,5,-11,-172,-51,-5,-113,-48,-6,-76,-21,-47,-135,-9,-42,-193,-32,-34,-225,-28,-28,-257,-12
343,684,0,32,-42,-26,51,-110,-29,52,-165,-36,30,-198,-35,18,-145,17,26,-182,-23,28,-136,-39,22,-104,-35,-2,-144,16,7,-179,-39,9,-122,-56,6,-89,-45,-23,-140,5,-12,-169,-50,-5,-112,-47,-7,-75,-20,-47,-132,-7,-42,-190,-31,-34,-222,-26,-28,-253,-10
341,682,0,31,-40,-27,50,-109,-29,52,-164,-36,31,-198,-36,17,-146,18,25,-182,-22,27,-138,-39,21,-106,-36,-2,-145,17,7,-179,-38,9,-122,-55,5,-89,-46,-24,-140,6,-12,-169,-49,-6,-112,-46,-8,-76,-20,-47,-132,-7,-42,-190,-30,-34,-222,-25,-27,-253,-9
336,683,0,32,-39,-28,52,-108,-30,54,-164,-37,33,-198,-37,18,-145,20,28,-183,-22,29,-138,-40,23,-107,-38,-1,-144,18,8,-180,-38,11,-122,-56,7,-89,-46,-22,-140,7,-10,-170,-49,-4,-113,-47,-6,-76,-20,-46,-133,-6,-40,-191,-29,-32,-223,-25,-25,-254,-9
335,683,0,31,-41,-27,51,-109,-30,53,-165,-37,31,-198,-38,18,-143,20,27,-180,-22,28,-136,-39,23,-106,-37,-1,-143,18,8,-178,-38,10,-121,-55,7,-89,-45,-22,-139,7,-11,-169,-49,-5,-112,-47,-6,-76,-19,-46,-133,-6,-40,-189,-29,-32,-221,-25,-25,-252,-9
333,682,0,32,-41,-27,51,-109,-29,52,-165,-37,31,-198,-37,18,-143,21,26,-179,-21,27,-135,-40,22,-106,-38,-1,-142,19,7,-177,-37,9,-121,-55,6,-88,-45,-23,-138,9,-11,-169,-47,-5,-112,-45,-6,-76,-18,-46,-132,-4,-40,-187,-27,-33,-219,-22,-26,-250,-6
330,681,0,32,-41,-26,50,-108,-28,52,-163,-34,33,-198,-34,19,-142,22,27,-178,-19,27,-135,-37,22,-105,-35,0,-141,21,8,-177,-35,10,-121,-53,7,-88,-43,-22,-137,10,-11,-167,-46,-5,-111,-44,-6,-75,-17,-45,-131,-4,-40,-186,-26,-32,-217,-21,-26,-247,-6
329,678,0,32,-42,-26,50,-107,-28,52,-161,-35,35,-197,-35,18,-140,23,26,-174,-17,27,-133,-35,22,-105,-33,-1,-139,21,8,-175,-35,10,-120,-53,7,-87,-44,-22,-136,10,-11,-165,-46,-5,-110,-44,-6,-74,-18,-45,-130,-3,-40,-184,-25,-33,-215,-21,-26,-245,-5
327,679,0,32,-40,-27,50,-107,-28,52,-160,-33,37,-197,-31,20,-138,24,28,-172,-16,28,-132,-33,23,-104,-31,0,-138,23,9,-173,-33,11,-119,-51,8,-87,-41,-21,-135,12,-10,-164,-44,-5,-109,-43,-5,-73,-16,-44,-129,-1,-38,-183,-24,-31,-213,-20,-26,-243,-4
326,679,0,32,-41,-24,49,-108,-23,50,-158,-26,39,-197,-22,19,-138,26,27,-171,-12,27,-131,-27,23,-103,-24,0,-137,24,8,-172,-30,10,-119,-47,8,-86,-37,-21,-133,13,-11,-163,-42,-5,-109,-41,-5,-73,-14,-44,-127,0,-39,-182,-23,-32,-212,-20,-26,-241,-5
326,678,0,34,-42,-19,50,-108,-14,53,-157,-16,47,-195,-11,18,-138,25,26,-173,-9,28,-133,-22,23,-104,-17,-1,-136,22,7,-168,-27,9,-117,-42,7,-84,-31,-21,-131,11,-12,-160,-40,-6,-108,-38,-5,-72,-14,-43,-125,-2,-38,-179,-23,-32,-209,-20,-27,-238,-6
328,681,0,33,-42,-17,48,-109,-13,52,-156,-14,51,-194,-9,19,-136,25,27,-171,-8,27,-132,-20,23,-105,-14,0,-135,21,7,-166,-26,9,-117,-40,8,-86,-29,-21,-130,9,-12,-158,-40,-6,-107,-37,-5,-72,-12,-43,-123,-4,-38,-176,-24,-33,-206,-20,-27,-234,-6
327,682,0,34,-43,-15,48,-109,-10,53,-155,-12,58,-192,-8,20,-137,29,28,-173,-5,28,-135,-17,24,-106,-13,0,-136,24,8,-168,-24,10,-119,-38,9,-86,-28,-20,-131,11,-11,-158,-37,-6,-108,-35,-4,-73,-11,-43,-125,-4,-37,-178,-22,-31,-209,-18,-25,-237,-4
326,681,0,34,-42,-15,49,-109,-10,54,-155,-12,60,-191,-8,20,-138,28,29,-173,-5,29,-134,-18,24,-105,-13,0,-136,23,9,-169,-24,11,-119,-38,9,-86,-28,-20,-131,10,-10,-159,-38,-5,-108,-36,-3,-72,-11,-42,-126,-5,-37,-179,-23,-31,-210,-18,-25,-238,-4
326,680,0,34,-43,-14,49,-110,-11,54,-155,-14,62,-191,-10,21,-138,27,30,-173,-6,29,-134,-19,24,-105,-14,1,-136,22,10,-169,-26,11,-119,-39,9,-87,-29,-20,-131,8,-10,-159,-38,-5,-109,-35,-3,-73,-11,-41,-126,-6,-37,-179,-24,-31,-210,-18,-25,-238,-4
325,679,0,34,-42,-14,49,-109,-10,55,-155,-12,63,-190,-9,22,-137,26,31,-173,-7,30,-134,-19,25,-105,-14,2,-136,21,10,-169,-26,12,-120,-40,10,-88,-29,-19,-131,7,-10,-159,-39,-4,-108,-36,-2,-73,-12,-41,-125,-8,-36,-178,-25,-30,-209,-20,-24,-237,-6
326,676,0,34,-43,-13,49,-110,-8,55,-155,-11,63,-190,-8,22,-137,27,31,-173,-6,30,-134,-19,24,-104,-14,2,-136,20,10,-169,-26,11,-120,-39,10,-87,-29,-19,-131,7,-10,-159,-39,-5,-108,-35,-3,-73,-11,-42,-126,-8,-37,-179,-25,-31,-209,-20,-24,-238,-5
326,675,0,34,-41,-13,49,-110,-8,55,-155,-11,64,-190,-7,23,-137,25,32,-174,-8,30,-134,-20,25,-105,-15,2,-136,19,11,-170,-28,12,-120,-40,10,-87,-30,-19,-131,5,-9,-160,-40,-5,-109,-36,-3,-73,-12,-42,-126,-10,-37,-179,-27,-30,-211,-22,-24,-239,-8
325,676,0,34,-41,-11,49,-110,-6,55,-155,-8,64,-190,-4,23,-137,27,32,-174,-6,31,-135,-17,25,-105,-12,3,-136,20,11,-171,-26,13,-121,-38,11,-88,-28,-18,-132,6,-8,-160,-39,-4,-110,-35,-3,-74,-10,-41,-127,-9,-36,-180,-25,-29,-210,-20,-22,-239,-6
326,675,0,33,-42,-11,48,-110,-6,55,-155,-8,64,-190,-5,24,-139,27,32,-175,-6,31,-135,-18,25,-105,-13,3,-138,20,11,-172,-26,12,-122,-38,11,-88,-28,-18,-132,6,-9,-161,-38,-4,-111,-35,-3,-75,-11,-42,-127,-9,-36,-180,-25,-29,-211,-20,-23,-240,-6
325,676,0,33,-42,-11,49,-110,-7,55,-155,-9,65,-190,-5,25,-138,27,33,-175,-6,31,-136,-18,26,-105,-13,4,-137,20,12,-172,-25,13,-123,-37,12,-89,-27,-17,-133,6,-9,-162,-37,-4,-111,-33,-2,-75,-9,-41,-127,-9,-35,-180,-24,-29,-211,-19,-22,-240,-5
324,672,0,34,-42,-11,50,-110,-6,57,-155,-8,65,-189,-4,26,-138,27,34,-175,-5,32,-135,-17,27,-105,-12,5,-137,21,13,-173,-24,14,-123,-36,12,-89,-26,-17,-132,7,-8,-161,-36,-3,-111,-33,-1,-75,-9,-40,-127,-8,-35,-180,-23,-28,-211,-18,-22,-240,-5
324,669,0,34,-41,-11,50,-110,-6,56,-155,-8,66,-189,-3,25,-136,25,34,-174,-6,32,-134,-17,27,-104,-11,5,-135,19,13,-171,-25,14,-122,-37,12,-87,-26,-17,-130,5,-8,-160,-37,-3,-110,-33,-1,-73,-10,-40,-125,-9,-35,-178,-24,-29,-209,-20,-22,-238,-7
325,670,0,33,-40,-14,50,-109,-10,57,-154,-13,65,-189,-9,26,-137,22,35,-174,-10,32,-134,-21,26,-104,-15,5,-136,16,13,-172,-29,14,-122,-41,12,-88,-30,-17,-131,3,-8,-160,-40,-2,-110,-36,-1,-74,-13,-40,-126,-11,-35,-179,-27,-28,-211,-22,-22,-240,-9
329,671,0,34,-40,-12,50,-109,-8,56,-155,-9,63,-190,-4,27,-139,20,35,-177,-11,33,-136,-19,27,-105,-12,6,-138,14,13,-175,-30,14,-123,-41,12,-88,-29,-16,-134,1,-8,-164,-42,-3,-111,-37,-2,-75,-13,-40,-129,-13,-35,-183,-29,-28,-214,-24,-21,-244,-11
330,672,0,35,-40,-12,50,-109,-7,56,-154,-9,63,-190,-5,25,-140,23,34,-178,-9,33,-136,-19,27,-105,-13,5,-139,17,14,-175,-29,15,-123,-41,12,-88,-30,-16,-135,3,-7,-164,-41,-2,-112,-38,-1,-75,-14,-39,-129,-12,-34,-183,-29,-27,-215,-24,-21,-244,-11
332,672,0,35,-40,-13,51,-109,-9,56,-154,-11,61,-191,-7,25,-141,25,34,-178,-8,33,-137,-19,27,-105,-14,5,-140,19,13,-176,-26,15,-124,-39,12,-89,-29,-17,-136,6,-7,-165,-38,-2,-113,-36,-1,-76,-12,-40,-131,-9,-34,-185,-25,-27,-217,-20,-20,-246,-7
332,671,0,35,-40,-15,52,-108,-11,57,-154,-13,61,-191,-9,26,-142,21,34,-179,-11,32,-137,-22,27,-105,-16,5,-141,16,13,-177,-30,15,-124,-42,13,-88,-31,-16,-137,4,-7,-166,-41,-1,-114,-38,-1,-76,-15,-39,-131,-9,-33,-186,-26,-26,-218,-22,-20,-248,-9
334,672,0,35,-40,-15,51,-109,-11,56,-154,-14,61,-191,-10,25,-142,22,34,-180,-10,32,-138,-21,27,-106,-15,4,-142,17,13,-178,-29,15,-126,-41,12,-90,-30,-17,-137,5,-7,-166,-40,-1,-114,-38,-1,-76,-14,-39,-132,-9,-33,-187,-26,-26,-219,-21,-19,-249,-8
335,674,0,35,-40,-14,51,-109,-10,55,-155,-12,61,-191,-7,24,-143,25,33,-181,-8,32,-139,-19,27,-106,-13,4,-142,20,13,-178,-26,15,-125,-39,12,-91,-28,-17,-138,7,-6,-167,-38,-1,-114,-36,-1,-77,-12,-39,-133,-7,-33,-187,-24,-25,-219,-19,-19,-248,-5
337,674,0,35,-41,-14,50,-110,-10,55,-155,-13,61,-191,-9,24,-142,24,32,-180,-9,31,-139,-20,25,-106,-14,4,-142,19,12,-177,-28,14,-125,-40,11,-90,-29,-17,-138,6,-7,-167,-40,-2,-115,-37,-1,-77,-13,-40,-133,-8,-33,-187,-25,-26,-219,-20,-20,-248,-6
338,675,0,35,-42,-12,50,-110,-7,55,-155,-10,61,-191,-5,24,-142,26,32,-180,-7,32,-139,-19,26,-107,-13,4,-142,20,13,-177,-27,14,-125,-40,11,-90,-29,-17,-139,6,-7,-167,-40,-1,-115,-38,-1,-77,-14,-39,-134,-9,-33,-188,-26,-25,-220,-21,-19,-249,-7
338,675,0,35,-42,-12,51,-110,-7,56,-155,-10,61,-191,-7,25,-143,27,32,-180,-7,31,-140,-20,26,-107,-15,5,-143,20,13,-177,-27,15,-126,-41,12,-91,-31,-16,-139,6,-6,-169,-40,-1,-115,-39,-1,-78,-15,-38,-134,-9,-32,-189,-26,-25,-220,-22,-18,-249,-8
339,675,0,35,-41,-13,51,-109,-8,56,-155,-10,60,-191,-6,24,-143,27,31,-179,-6,31,-139,-18,26,-107,-13,4,-143,22,13,-176,-24,15,-125,-39,12,-91,-29,-17,-139,9,-6,-168,-37,-1,-116,-36,-1,-78,-13,-39,-134,-5,-32,-189,-22,-25,-220,-18,-18,-248,-4
339,676,0,35,-42,-13,51,-109,-8,56,-155,-11,61,-191,-7,24,-143,27,32,-180,-6,31,-140,-18,26,-108,-13,4,-143,22,13,-177,-25,15,-126,-39,12,-92,-29,-17,-139,8,-6,-168,-38,-1,-116,-37,-1,-78,-14,-39,-135,-6,-32,-188,-23,-24,-220,-19,-18,-249,-5
340,675,0,35,-41,-14,50,-110,-10,56,-155,-13,60,-191,-8,24,-143,25,31,-180,-9,31,-140,-21,25,-107,-16,4,-143,20,12,-177,-28,14,-125,-41,12,-91,-31,-17,-139,7,-6,-168,-40,-1,-115,-38,-1,-78,-15,-40,-135,-7,-32,-189,-25,-25,-221,-21,-18,-250,-7
342,672,0,36,-41,-11,52,-109,-6,56,-155,-8,59,-191,-3,26,-144,26,33,-182,-8,33,-141,-20,27,-107,-14,6,-144,19,14,-180,-29,15,-126,-42,12,-90,-32,-15,-140,5,-6,-170,-42,-1,-115,-40,-1,-77,-16,-39,-135,-11,-32,-191,-29,-24,-224,-25,-17,-253,-11
342,667,0,36,-40,-13,52,-108,-7,56,-155,-9,60,-191,-5,25,-143,26,32,-181,-7,32,-140,-20,27,-107,-14,5,-142,21,13,-178,-27,15,-126,-41,13,-89,-31,-16,-139,7,-7,-168,-39,-1,-115,-38,-2,-77,-15,-39,-134,-7,-32,-189,-24,-25,-221,-21,-18,-250,-8
346,668,0,36,-39,-14,51,-109,-9,56,-155,-10,60,-191,-5,25,-143,22,32,-182,-11,32,-141,-22,27,-107,-16,5,-144,16,13,-180,-30,15,-127,-43,12,-91,-33,-17,-140,4,-8,-171,-43,-2,-116,-41,-3,-78,-17,-40,-135,-10,-33,-192,-28,-25,-225,-25,-19,-254,-12
347,668,0,35,-40,-14,51,-108,-10,55,-155,-12,58,-192,-8,24,-143,24,32,-182,-9,31,-141,-21,26,-107,-15,5,-143,19,13,-179,-28,15,-127,-42,12,-91,-32,-17,-140,6,-7,-170,-41,-2,-116,-40,-2,-78,-16,-40,-135,-8,-33,-191,-26,-25,-223,-22,-18,-253,-8
347,668,0,36,-39,-14,52,-108,-9,55,-155,-11,59,-191,-6,25,-143,26,32,-181,-8,32,-139,-20,27,-106,-14,5,-143,21,13,-178,-27,15,-126,-41,12,-90,-31,-16,-140,8,-6,-169,-40,-1,-115,-39,-1,-77,-15,-39,-135,-7,-32,-191,-25,-24,-222,-21,-17,-252,-7
348,670,0,35,-39,-15,51,-108,-10,55,-155,-12,57,-192,-7,24,-142,27,30,-179,-8,31,-139,-21,26,-106,-15,4,-142,22,12,-175,-27,14,-124,-41,12,-89,-31,-16,-138,9,-7,-168,-39,-1,-114,-39,-1,-77,-15,-38,-134,-5,-32,-189,-24,-24,-221,-20,-17,-249,-6
346,670,0,35,-39,-15,50,-108,-10,54,-155,-12,57,-192,-8,24,-142,27,31,-179,-8,31,-139,-22,26,-108,-17,4,-142,22,12,-176,-27,15,-124,-41,13,-91,-31,-16,-138,9,-6,-167,-40,0,-113,-39,0,-76,-15,-38,-134,-5,-31,-188,-24,-24,-219,-21,-17,-248,-7
345,669,0,35,-40,-17,51,-108,-12,55,-155,-13,57,-192,-8,23,-141,26,31,-178,-8,30,-138,-21,25,-107,-16,3,-140,22,11,-174,-26,13,-122,-40,10,-88,-30,-17,-136,10,-8,-164,-39,-2,-112,-38,-2,-75,-14,-40,-131,-4,-33,-185,-23,-25,-216,-19,-18,-245,-6
336,674,0,33,-40,-13,49,-108,-8,54,-154,-10,57,-192,-5,27,-140,22,32,-178,-13,31,-139,-26,25,-108,-21,6,-139,17,12,-173,-32,13,-122,-45,11,-88,-34,-15,-135,3,-8,-164,-44,-3,-112,-41,-2,-76,-16,-38,-130,-11,-32,-184,-30,-26,-215,-25,-20,-244,-11
315,665,0,33,-39,-17,49,-108,-13,53,-156,-14,58,-192,-10,23,-137,20,28,-174,-13,26,-135,-25,23,-106,-21,2,-135,17,8,-169,-31,9,-118,-44,8,-84,-33,-18,-129,6,-11,-158,-41,-6,-107,-39,-3,-71,-15,-40,-124,-6,-37,-175,-26,-32,-207,-23,-27,-236,-10
315,665,0,33,-39,-18,48,-108,-14,53,-156,-16,56,-192,-11,22,-137,20,27,-174,-13,25,-135,-26,22,-106,-22,1,-135,18,6,-169,-29,8,-118,-42,8,-84,-32,-19,-129,8,-13,-157,-39,-6,-107,-37,-3,-71,-14,-41,-123,-4,-38,-174,-23,-33,-205,-20,-28,-234,-8
314,664,0,33,-38,-19,48,-108,-15,52,-156,-16,54,-193,-11,21,-137,22,26,-174,-12,25,-135,-25,22,-106,-20,1,-135,19,5,-169,-28,8,-119,-42,8,-85,-31,-19,-128,9,-13,-156,-38,-7,-106,-37,-4,-71,-13,-41,-123,-2,-39,-174,-21,-35,-205,-19,-30,-234,-6
313,666,0,32,-39,-20,47,-108,-16,51,-156,-17,52,-194,-11,21,-137,24,25,-174,-9,24,-135,-23,22,-106,-20,0,-134,22,4,-169,-25,7,-119,-39,7,-85,-29,-20,-128,13,-14,-156,-34,-7,-107,-34,-4,-71,-11,-42,-122,1,-40,-174,-17,-36,-204,-15,-31,-234,-3
314,668,0,32,-39,-20,47,-108,-15,50,-157,-16,50,-194,-11,20,-138,26,23,-174,-7,22,-135,-21,20,-106,-17,-1,-134,24,3,-168,-23,6,-118,-37,7,-84,-27,-21,-128,14,-15,-155,-33,-8,-106,-33,-4,-70,-10,-42,-121,3,-41,-173,-15,-37,-203,-13,-33,-233,-1
315,668,0,32,-40,-20,46,-110,-17,48,-158,-18,48,-195,-13,18,-139,25,22,-175,-9,21,-136,-23,20,-106,-19,-2,-135,24,1,-168,-25,5,-118,-40,6,-84,-29,-22,-127,13,-17,-154,-35,-9,-105,-35,-4,-70,-12,-44,-121,2,-42,-172,-17,-39,-203,-15,-35,-232,-2
316,671,0,31,-41,-20,44,-110,-16,47,-158,-17,48,-195,-12,17,-138,28,21,-175,-7,21,-135,-21,18,-106,-17,-3,-134,26,1,-168,-23,5,-118,-38,6,-85,-28,-23,-127,15,-17,-155,-33,-9,-106,-33,-5,-70,-9,-44,-120,3,-43,-171,-15,-39,-202,-13,-35,-231,0
317,670,0,31,-42,-20,45,-110,-16,47,-158,-18,46,-195,-13,17,-139,28,20,-175,-7,20,-135,-22,18,-105,-18,-3,-135,26,0,-169,-23,4,-118,-38,6,-84,-28,-23,-127,16,-18,-154,-33,-10,-105,-33,-6,-70,-9,-45,-120,3,-43,-172,-15,-40,-203,-12,-36,-232,1
317,673,0,32,-41,-20,45,-110,-15,47,-158,-17,47,-195,-11,17,-138,29,21,-175,-5,21,-135,-20,18,-105,-16,-3,-134,27,0,-169,-21,4,-119,-37,6,-85,-27,-23,-126,17,-18,-154,-31,-9,-105,-31,-5,-70,-8,-44,-119,5,-43,-171,-13,-40,-202,-10,-36,-231,3
318,674,0,31,-42,-19,45,-110,-15,47,-158,-16,46,-195,-11,17,-138,30,21,-175,-4,20,-136,-20,18,-106,-16,-3,-135,28,0,-169,-21,4,-119,-37,6,-86,-27,-23,-127,17,-18,-155,-31,-10,-106,-31,-5,-71,-7,-44,-120,5,-43,-171,-14,-40,-202,-11,-36,-231,3
318,672,0,31,-43,-19,44,-110,-15,46,-158,-17,46,-195,-13,16,-138,29,20,-174,-6,20,-135,-22,18,-105,-18,-3,-134,27,0,-168,-22,4,-118,-38,5,-85,-28,-23,-127,16,-18,-154,-32,-10,-105,-32,-6,-70,-8,-45,-119,4,-44,-171,-14,-41,-201,-11,-38,-230,2
318,670,0,31,-43,-19,43,-110,-16,45,-158,-18,44,-195,-14,16,-138,28,19,-175,-7,19,-136,-23,18,-107,-20,-4,-134,26,-1,-168,-23,3,-119,-39,5,-85,-30,-25,-126,15,-19,-154,-34,-11,-105,-33,-7,-70,-10,-46,-119,3,-45,-170,-16,-43,-201,-13,-39,-230,0
318,668,0,31,-43,-19,43,-111,-15,45,-158,-16,44,-195,-12,15,-138,29,18,-175,-5,19,-136,-21,18,-106,-17,-5,-134,27,-1,-168,-21,3,-118,-37,6,-85,-28,-25,-126,16,-20,-154,-31,-11,-105,-31,-6,-70,-8,-46,-118,4,-46,-170,-14,-43,-201,-12,-40,-231,1
320,667,0,31,-43,-19,43,-111,-15,45,-158,-16,44,-195,-11,15,-138,28,19,-174,-6,20,-134,-19,17,-104,-15,-5,-133,26,-2,-167,-21,3,-118,-36,5,-84,-26,-25,-126,15,-20,-154,-31,-11,-105,-31,-6,-70,-8,-46,-118,4,-46,-170,-14,-43,-201,-11,-41,-230,2
321,669,0,30,-44,-19,42,-111,-16,43,-159,-18,42,-196,-13,14,-138,29,17,-174,-5,18,-136,-20,16,-106,-17,-7,-134,27,-3,-168,-20,2,-119,-37,4,-85,-27,-27,-126,16,-21,-155,-30,-12,-106,-31,-8,-71,-8,-48,-119,4,-48,-171,-13,-45,-202,-10,-42,-231,3
321,668,0,31,-44,-18,42,-112,-14,44,-159,-16,43,-196,-11,14,-138,28,18,-174,-6,18,-135,-21,16,-104,-17,-6,-134,26,-2,-167,-22,2,-117,-37,4,-84,-28,-26,-126,15,-21,-154,-32,-12,-105,-31,-7,-70,-8,-47,-118,2,-48,-170,-15,-45,-201,-12,-42,-230,1
321,668,0,31,-44,-18,42,-112,-13,43,-159,-15,42,-196,-10,13,-139,30,16,-174,-4,17,-135,-19,16,-105,-15,-7,-134,28,-3,-168,-20,2,-118,-35,4,-85,-26,-27,-126,17,-22,-155,-30,-12,-106,-30,-8,-71,-7,-48,-118,4,-48,-170,-13,-46,-201,-10,-43,-231,3
321,672,0,32,-45,-15,42,-114,-9,42,-160,-9,41,-196,-3,12,-138,36,15,-174,4,17,-136,-10,16,-106,-6,-8,-133,33,-4,-167,-13,2,-118,-29,4,-84,-20,-27,-125,21,-22,-154,-26,-12,-105,-27,-7,-70,-4,-49,-117,7,-49,-170,-10,-47,-201,-7,-44,-230,6
324,674,0,30,-45,-16,39,-113,-11,40,-159,-12,39,-196,-7,11,-138,32,14,-175,-1,16,-136,-15,15,-106,-11,-8,-134,29,-5,-167,-18,1,-117,-34,4,-84,-24,-28,-125,17,-23,-154,-30,-13,-106,-30,-8,-70,-7,-49,-117,3,-50,-170,-15,-48,-201,-12,-46,-231,1
324,676,0,30,-45,-16,39,-113,-11,40,-160,-12,38,-197,-7,10,-138,31,14,-175,-1,16,-136,-15,15,-106,-11,-9,-133,28,-6,-166,-18,1,-118,-34,3,-84,-25,-29,-125,16,-24,-154,-30,-13,-105,-30,-8,-70,-8,-50,-116,2,-52,-169,-15,-50,-201,-13,-47,-231,0
324,677,0,30,-46,-16,39,-114,-10,39,-160,-11,36,-197,-5,9,-139,33,13,-175,1,16,-137,-13,16,-107,-9,-10,-134,29,-7,-167,-17,1,-118,-33,4,-86,-24,-30,-125,17,-25,-154,-29,-13,-106,-29,-8,-71,-7,-51,-116,4,-53,-169,-14,-51,-200,-12,-49,-231,0
326,680,0,30,-46,-15,38,-114,-9,38,-160,-10,35,-197,-5,9,-138,31,12,-175,-2,15,-137,-16,15,-106,-12,-10,-133,27,-8,-167,-19,0,-118,-35,3,-85,-26,-31,-124,15,-25,-153,-32,-14,-105,-32,-8,-70,-9,-51,-115,1,-54,-169,-17,-52,-201,-15,-51,-231,-3
327,683,0,30,-46,-15,37,-114,-9,37,-160,-9,35,-197,-3,9,-137,32,12,-175,0,16,-137,-13,15,-106,-9,-10,-132,28,-8,-166,-18,1,-119,-34,3,-86,-25,-30,-124,15,-25,-153,-31,-14,-106,-31,-8,-71,-9,-51,-115,2,-53,-168,-17,-52,-200,-15,-51,-231,-4
328,684,0,29,-45,-16,37,-113,-11,37,-160,-12,35,-197,-7,9,-137,29,12,-175,-4,15,-137,-18,15,-106,-14,-10,-132,25,-8,-166,-21,0,-119,-37,3,-86,-28,-30,-124,13,-25,-153,-33,-14,-105,-33,-8,-70,-11,-51,-115,0,-53,-168,-19,-52,-200,-17,-51,-230,-5
327,683,0,29,-44,-16,38,-113,-10,38,-160,-11,36,-197,-6,9,-138,29,13,-175,-3,16,-136,-17,15,-105,-13,-10,-133,25,-7,-167,-20,1,-118,-35,4,-85,-26,-30,-124,14,-25,-153,-32,-13,-105,-32,-7,-70,-9,-50,-116,1,-53,-168,-17,-52,-200,-15,-51,-231,-3
328,684,0,29,-45,-16,38,-113,-10,38,-160,-11,35,-197,-6,9,-138,30,12,-175,-3,15,-137,-16,14,-106,-12,-10,-133,26,-8,-167,-20,0,-119,-36,3,-86,-27,-30,-124,14,-25,-153,-32,-14,-106,-32,-8,-71,-10,-51,-115,1,-53,-168,-18,-52,-201,-16,-51,-231,-4
327,679,0,29,-45,-15,38,-114,-9,38,-161,-10,36,-197,-5,9,-139,29,12,-175,-3,16,-135,-17,15,-105,-13,-10,-134,25,-7,-167,-21,1,-118,-36,4,-85,-27,-30,-125,13,-25,-153,-33,-13,-105,-33,-8,-70,-11,-51,-115,0,-54,-168,-19,-52,-201,-18,-51,-231,-6
327,680,0,30,-44,-16,38,-113,-11,38,-160,-11,35,-197,-6,9,-138,29,12,-175,-3,16,-137,-16,15,-106,-12,-10,-133,25,-7,-166,-21,1,-118,-37,3,-85,-27,-30,-124,13,-25,-153,-33,-13,-105,-34,-8,-70,-12,-51,-115,0,-54,-169,-19,-52,-202,-18,-51,-232,-6
326,678,0,30,-44,-16,38,-113,-11,38,-160,-12,35,-197,-6,9,-137,28,13,-175,-3,17,-136,-16,16,-106,-12,-10,-133,25,-7,-166,-21,1,-118,-36,4,-86,-27,-29,-124,13,-25,-153,-33,-12,-105,-33,-7,-69,-11,-50,-115,0,-53,-168,-19,-51,-201,-18,-50,-232,-7
327,678,0,30,-42,-18,39,-112,-13,38,-159,-14,34,-198,-9,10,-138,27,12,-175,-6,16,-136,-20,15,-105,-16,-10,-133,25,-7,-167,-22,1,-117,-36,3,-84,-26,-30,-125,15,-25,-155,-32,-13,-105,-31,-8,-69,-8,-51,-116,3,-50,-168,-15,-45,-199,-13,-42,-229,0
327,676,0,30,-43,-18,39,-111,-14,37,-160,-15,34,-198,-9,10,-138,27,12,-175,-6,16,-137,-20,15,-105,-15,-10,-134,25,-7,-167,-21,1,-117,-35,3,-84,-26,-29,-125,15,-25,-155,-32,-13,-106,-30,-8,-70,-7,-50,-117,4,-49,-169,-15,-44,-199,-12,-40,-228,0
326,674,0,30,-41,-20,40,-110,-16,39,-159,-17,34,-197,-11,11,-138,26,13,-175,-7,16,-136,-20,15,-104,-16,-9,-133,25,-6,-167,-21,1,-118,-35,4,-84,-25,-28,-126,16,-24,-154,-30,-13,-105,-29,-7,-69,-6,-50,-118,6,-48,-169,-12,-43,-199,-10,-39,-227,3
328,672,0,30,-42,-20,40,-110,-16,38,-159,-18,34,-198,-13,10,-138,25,12,-175,-8,15,-137,-22,15,-105,-17,-10,-133,24,-7,-168,-22,0,-118,-36,3,-83,-26,-30,-125,15,-25,-154,-31,-14,-105,-30,-8,-69,-7,-51,-117,5,-48,-167,-13,-44,-197,-10,-39,-225,3
328,670,0,30,-41,-20,41,-110,-17,39,-159,-18,35,-197,-13,10,-139,24,13,-176,-8,16,-136,-21,15,-103,-16,-9,-134,24,-7,-168,-21,0,-119,-34,3,-84,-24,-30,-125,16,-24,-154,-29,-14,-105,-28,-8,-69,-5,-51,-116,6,-49,-166,-11,-43,-195,-7,-38,-222,5
328,668,0,31,-42,-20,41,-110,-17,40,-159,-18,35,-197,-12,11,-139,25,14,-176,-7,17,-136,-20,16,-103,-15,-8,-134,25,-5,-169,-19,1,-119,-33,4,-84,-23,-29,-126,17,-23,-154,-27,-13,-106,-26,-7,-69,-4,-50,-118,7,-48,-168,-9,-43,-197,-5,-37,-224,8
328,666,0,31,-41,-21,42,-110,-18,40,-158,-19,34,-197,-13,12,-139,24,15,-176,-8,18,-136,-21,17,-103,-16,-8,-135,24,-5,-170,-21,2,-119,-34,5,-84,-24,-28,-127,16,-22,-154,-29,-12,-105,-28,-7,-69,-5,-49,-119,6,-47,-169,-10,-41,-197,-7,-36,-224,6
329,665,0,31,-42,-20,42,-110,-17,41,-159,-18,34,-197,-12,12,-139,24,16,-176,-8,19,-137,-21,18,-103,-16,-7,-135,24,-3,-170,-20,3,-120,-34,5,-84,-23,-27,-127,16,-21,-155,-28,-11,-106,-27,-6,-69,-5,-49,-119,6,-47,-170,-10,-40,-198,-6,-35,-225,7
330,662,0,31,-40,-21,42,-110,-18,40,-158,-19,35,-197,-13,12,-140,23,16,-176,-11,18,-137,-24,18,-103,-19,-7,-135,23,-3,-170,-23,3,-119,-37,6,-83,-27,-28,-127,14,-21,-154,-32,-11,-105,-31,-6,-68,-9,-49,-119,4,-46,-170,-13,-41,-199,-10,-35,-227,3
330,660,0,32,-41,-20,44,-110,-16,42,-159,-16,35,-197,-10,14,-139,24,17,-176,-9,20,-137,-22,19,-103,-17,-6,-135,23,-3,-170,-22,4,-120,-36,7,-83,-26,-27,-127,14,-21,-154,-32,-11,-104,-32,-5,-67,-10,-49,-119,4,-46,-170,-14,-40,-200,-11,-34,-228,1
329,658,0,32,-40,-20,44,-109,-16,41,-159,-16,35,-197,-10,13,-138,22,16,-175,-10,19,-136,-23,19,-102,-18,-7,-133,22,-3,-169,-24,3,-119,-37,7,-81,-27,-27,-125,13,-21,-152,-32,-11,-103,-33,-5,-67,-11,-49,-117,3,-46,-168,-14,-40,-198,-12,-34,-226,0
331,656,0,32,-40,-20,43,-109,-16,42,-158,-17,35,-197,-11,14,-139,22,17,-176,-11,20,-137,-24,19,-103,-20,-7,-135,22,-3,-171,-24,3,-120,-38,7,-82,-28,-28,-127,13,-22,-153,-33,-12,-103,-33,-6,-66,-10,-50,-119,3,-46,-170,-15,-40,-201,-12,-34,-228,1
332,656,0,31,-41,-20,44,-109,-16,42,-158,-17,35,-197,-12,14,-139,24,17,-175,-10,20,-136,-24,20,-103,-20,-7,-135,24,-3,-171,-24,4,-120,-38,7,-82,-28,-28,-127,14,-21,-153,-33,-11,-103,-33,-6,-66,-10,-50,-119,3,-46,-171,-14,-40,-201,-11,-33,-228,1
334,654,0,31,-40,-21,43,-109,-18,41,-158,-19,33,-198,-14,11,-139,23,15,-175,-12,18,-137,-27,18,-103,-23,-9,-134,22,-4,-170,-26,3,-118,-40,6,-81,-30,-29,-127,13,-22,-153,-35,-12,-102,-36,-6,-65,-13,-51,-118,2,-47,-170,-17,-41,-201,-14,-35,-229,-1
333,654,0,32,-40,-21,44,-110,-18,42,-159,-20,34,-198,-14,12,-140,21,16,-176,-13,19,-137,-27,19,-103,-22,-8,-135,21,-3,-170,-26,4,-118,-40,7,-80,-29,-29,-127,12,-21,-154,-35,-11,-103,-35,-6,-65,-12,-51,-119,2,-46,-172,-16,-40,-203,-13,-33,-231,0
334,656,0,32,-41,-21,44,-109,-18,41,-159,-19,33,-198,-15,12,-140,23,15,-176,-11,19,-137,-26,19,-104,-21,-8,-135,23,-4,-170,-24,4,-118,-39,7,-81,-28,-29,-127,14,-21,-154,-34,-11,-103,-34,-6,-66,-11,-51,-119,3,-46,-172,-16,-40,-203,-13,-34,-230,0
335,656,0,32,-41,-20,44,-111,-17,41,-159,-18,33,-198,-12,12,-140,24,15,-177,-10,19,-138,-25,19,-105,-20,-9,-135,23,-4,-170,-24,4,-119,-38,6,-82,-28,-29,-128,14,-22,-154,-34,-12,-104,-34,-6,-66,-11,-51,-119,3,-47,-172,-16,-41,-203,-13,-34,-231,-1
335,655,0,32,-42,-20,43,-111,-16,41,-159,-17,32,-198,-12,11,-140,25,15,-177,-9,19,-137,-23,19,-104,-19,-9,-135,24,-4,-170,-24,4,-118,-38,6,-81,-28,-30,-128,14,-22,-155,-34,-11,-103,-34,-6,-65,-11,-51,-119,3,-47,-172,-16,-41,-203,-13,-34,-231,0
336,655,0,31,-42,-20,43,-111,-16,40,-160,-18,31,-198,-13,10,-141,26,14,-177,-9,18,-138,-23,19,-105,-19,-10,-136,25,-5,-170,-23,3,-118,-38,6,-82,-28,-30,-128,15,-22,-155,-33,-12,-103,-33,-7,-66,-11,-52,-119,3,-48,-172,-15,-41,-204,-13,-35,-232,0
336,655,0,31,-42,-20,42,-111,-16,40,-159,-17,31,-198,-12,10,-140,26,14,-176,-8,18,-138,-23,19,-105,-19,-10,-136,25,-4,-169,-22,3,-118,-37,6,-81,-27,-30,-128,15,-22,-155,-33,-12,-104,-33,-7,-66,-10,-52,-120,4,-48,-173,-15,-41,-204,-12,-35,-232,1
335,654,0,32,-42,-19,43,-111,-15,41,-159,-17,32,-198,-12,11,-140,27,14,-176,-8,19,-138,-23,19,-105,-19,-9,-135,25,-4,-169,-22,4,-118,-38,6,-81,-28,-30,-127,15,-22,-154,-33,-11,-103,-33,-6,-65,-10,-51,-119,3,-48,-172,-16,-41,-203,-13,-35,-232,0
336,654,0,31,-42,-20,42,-111,-16,40,-160,-17,31,-198,-12,9,-141,27,13,-177,-7,18,-139,-23,18,-107,-19,-10,-136,26,-4,-170,-22,3,-118,-37,6,-81,-28,-30,-128,15,-22,-155,-33,-12,-104,-33,-7,-66,-10,-52,-120,3,-48,-173,-15,-42,-204,-12,-36,-233,1
336,656,0,32,-43,-19,42,-112,-14,40,-160,-15,31,-198,-11,10,-141,29,13,-177,-6,18,-139,-21,18,-107,-18,-10,-136,27,-4,-170,-21,3,-119,-36,6,-81,-27,-30,-129,16,-22,-155,-32,-12,-104,-32,-7,-67,-9,-52,-120,4,-48,-173,-14,-41,-205,-11,-35,-233,2
336,655,0,31,-43,-19,43,-111,-15,40,-160,-16,31,-198,-10,10,-140,29,13,-177,-5,18,-139,-20,18,-107,-16,-10,-136,27,-4,-170,-20,3,-119,-36,6,-82,-26,-30,-129,17,-22,-156,-31,-11,-105,-32,-7,-67,-9,-52,-120,5,-48,-173,-13,-42,-205,-11,-36,-233,2
335,653,0,32,-42,-20,43,-111,-16,40,-160,-17,31,-198,-12,9,-140,25,12,-177,-9,17,-139,-22,17,-107,-17,-11,-135,24,-6,-169,-23,2,-118,-37,5,-82,-27,-31,-128,15,-23,-155,-32,-12,-105,-33,-7,-67,-10,-53,-119,4,-49,-173,-15,-43,-204,-12,-36,-232,0
334,653,0,31,-42,-19,43,-111,-14,41,-160,-15,31,-198,-10,10,-141,27,14,-177,-7,18,-140,-21,19,-107,-17,-9,-137,26,-4,-171,-21,4,-120,-37,6,-83,-27,-30,-129,16,-22,-156,-32,-11,-105,-32,-6,-67,-9,-52,-120,4,-48,-174,-15,-42,-205,-12,-36,-234,1
333,651,0,32,-42,-20,43,-111,-16,41,-160,-17,32,-198,-12,10,-140,24,13,-177,-10,18,-140,-24,18,-107,-20,-9,-136,23,-5,-170,-24,3,-120,-38,6,-83,-29,-30,-128,14,-22,-156,-33,-12,-105,-34,-7,-67,-12,-52,-120,3,-49,-173,-16,-43,-205,-14,-37,-234,-1
332,651,0,32,-41,-20,43,-111,-15,41,-160,-15,32,-198,-10,11,-140,24,14,-177,-10,19,-139,-24,19,-107,-20,-9,-136,23,-4,-170,-24,4,-119,-39,7,-82,-29,-30,-128,13,-22,-156,-34,-11,-105,-35,-6,-67,-12,-51,-120,2,-48,-174,-17,-42,-206,-15,-37,-235,-2
331,654,0,32,-42,-19,44,-111,-15,42,-160,-15,32,-198,-10,11,-141,26,15,-177,-8,20,-139,-23,20,-106,-19,-8,-136,24,-3,-171,-24,5,-120,-39,7,-83,-29,-28,-129,14,-21,-155,-35,-10,-105,-36,-6,-67,-13,-50,-120,2,-48,-175,-18,-41,-207,-16,-36,-236,-4
331,656,0,32,-42,-19,43,-111,-14,41,-159,-15,32,-198,-9,11,-140,27,15,-177,-7,20,-139,-21,20,-107,-17,-8,-136,25,-3,-170,-22,5,-120,-38,8,-84,-29,-28,-128,15,-21,-155,-34,-10,-105,-35,-5,-68,-13,-50,-120,3,-47,-175,-17,-41,-207,-15,-36,-237,-3
331,656,0,32,-42,-19,43,-111,-15,42,-159,-15,32,-198,-9,11,-140,27,16,-177,-7,20,-139,-21,20,-107,-17,-8,-136,25,-3,-170,-23,5,-119,-38,8,-84,-28,-28,-128,14,-21,-156,-34,-10,-104,-35,-5,-68,-13,-49,-120,2,-47,-175,-18,-42,-208,-16,-37,-238,-4
331,658,0,32,-42,-19,43,-111,-14,42,-159,-15,33,-198,-9,11,-140,26,16,-177,-7,21,-139,-20,20,-108,-16,-8,-136,24,-3,-170,-23,5,-120,-38,8,-85,-29,-28,-129,14,-20,-157,-35,-9,-106,-36,-5,-69,-14,-49,-121,2,-46,-176,-19,-42,-209,-18,-37,-239,-6
333,661,0,32,-42,-17,43,-112,-11,42,-159,-11,33,-198,-4,11,-141,30,16,-178,-3,21,-140,-17,20,-108,-13,-8,-138,27,-2,-171,-20,6,-121,-36,8,-85,-28,-28,-130,15,-20,-158,-34,-9,-107,-35,-5,-69,-13,-49,-122,2,-47,-178,-18,-42,-212,-17,-38,-243,-5
335,660,0,32,-43,-16,42,-112,-10,41,-160,-10,33,-198,-4,11,-142,29,16,-179,-5,21,-140,-19,20,-108,-14,-8,-138,25,-2,-173,-22,6,-121,-38,7,-85,-28,-28,-131,13,-19,-159,-36,-9,-107,-36,-5,-69,-14,-50,-124,-1,-47,-180,-21,-42,-214,-18,-38,-244,-6
335,660,0,32,-43,-17,42,-112,-11,41,-159,-11,32,-198,-5,10,-142,29,15,-179,-5,21,-140,-19,21,-108,-14,-8,-139,25,-3,-173,-23,6,-121,-39,7,-85,-29,-28,-131,13,-20,-160,-37,-9,-107,-37,-5,-69,-14,-50,-124,-1,-47,-180,-22,-42,-214,-20,-38,-245,-8
337,660,0,32,-43,-16,42,-112,-10,41,-160,-10,33,-198,-3,11,-142,27,16,-179,-6,21,-139,-19,20,-108,-15,-8,-138,24,-2,-173,-24,5,-121,-39,7,-85,-29,-29,-131,11,-20,-159,-37,-9,-107,-37,-5,-70,-14,-50,-123,-2,-47,-180,-22,-42,-213,-20,-38,-244,-7
340,660,0,32,-42,-14,43,-111,-8,42,-159,-7,33,-198,-1,13,-142,28,19,-179,-4,23,-140,-18,22,-109,-13,-6,-138,24,0,-174,-23,6,-122,-38,7,-86,-29,-27,-132,12,-18,-162,-35,-9,-109,-35,-6,-70,-12,-49,-125,-2,-46,-182,-21,-41,-216,-18,-37,-246,-5
341,661,0,32,-43,-16,43,-112,-9,42,-160,-10,33,-198,-4,11,-142,30,17,-178,-4,22,-140,-18,21,-108,-15,-7,-138,26,-1,-172,-22,6,-121,-38,7,-86,-29,-27,-131,13,-18,-160,-35,-8,-107,-36,-5,-70,-14,-48,-124,-1,-45,-181,-21,-40,-215,-18,-36,-245,-6
342,662,0,32,-43,-15,43,-111,-9,42,-160,-10,33,-198,-4,12,-143,31,18,-180,-3,23,-140,-18,22,-108,-15,-7,-140,27,0,-175,-22,7,-123,-38,8,-87,-29,-27,-133,13,-18,-162,-35,-8,-109,-36,-5,-70,-13,-49,-126,-1,-46,-184,-21,-41,-217,-18,-36,-249,-5
342,665,0,32,-44,-14,43,-112,-8,42,-159,-8,34,-198,-3,12,-142,33,18,-179,0,23,-140,-16,22,-107,-12,-6,-139,29,0,-175,-19,7,-124,-36,9,-88,-28,-26,-133,15,-17,-162,-33,-8,-109,-34,-5,-71,-12,-48,-126,1,-45,-183,-19,-40,-216,-16,-36,-247,-3
341,665,0,33,-44,-13,43,-112,-6,42,-159,-7,34,-197,-2,13,-142,34,19,-179,1,24,-140,-15,23,-107,-11,-6,-140,29,1,-176,-19,8,-123,-36,9,-87,-28,-26,-134,15,-16,-162,-34,-6,-109,-35,-4,-70,-12,-47,-127,0,-44,-184,-20,-39,-217,-17,-34,-247,-4
341,665,0,33,-43,-14,43,-112,-7,43,-159,-8,35,-197,-2,14,-142,33,19,-179,-1,24,-139,-16,22,-107,-12,-5,-139,27,1,-175,-20,8,-123,-37,9,-88,-28,-25,-133,14,-16,-162,-35,-6,-109,-36,-4,-71,-13,-47,-126,-1,-43,-184,-21,-38,-217,-18,-34,-247,-5
342,664,0,32,-43,-15,44,-111,-9,43,-159,-10,34,-197,-4,13,-142,32,18,-178,-2,23,-138,-18,22,-106,-14,-6,-139,27,1,-176,-22,8,-124,-39,9,-88,-30,-26,-133,14,-16,-163,-36,-6,-109,-37,-5,-71,-14,-47,-127,-1,-44,-184,-21,-38,-217,-19,-34,-248,-6
343,665,0,32,-44,-13,42,-112,-7,41,-159,-7,33,-198,-2,12,-143,34,17,-178,0,23,-139,-15,22,-106,-12,-7,-140,28,0,-175,-20,7,-124,-37,8,-88,-28,-27,-134,15,-17,-162,-35,-7,-109,-36,-5,-71,-13,-48,-127,0,-45,-184,-20,-39,-218,-17,-35,-248,-4
341,666,0,32,-43,-14,43,-111,-7,42,-159,-8,34,-197,-3,13,-142,33,19,-177,-1,23,-138,-16,22,-106,-13,-6,-139,28,1,-175,-21,8,-123,-38,9,-88,-29,-26,-133,14,-16,-162,-35,-7,-109,-36,-4,-70,-13,-47,-127,-1,-44,-184,-21,-38,-216,-18,-34,-247,-4
342,666,0,32,-43,-14,42,-111,-8,41,-159,-9,34,-198,-3,12,-142,32,18,-178,-2,23,-139,-17,22,-107,-13,-6,-139,27,1,-175,-21,8,-124,-38,9,-88,-30,-27,-133,13,-16,-162,-36,-7,-108,-37,-5,-70,-14,-48,-126,-2,-44,-183,-22,-39,-217,-19,-34,-247,-6
342,666,0,32,-43,-14,42,-112,-7,42,-159,-8,34,-198,-2,12,-142,33,18,-178,-1,23,-138,-16,22,-106,-12,-6,-139,28,1,-175,-20,8,-123,-37,9,-87,-29,-26,-133,14,-16,-161,-35,-6,-108,-36,-5,-70,-13,-48,-126,-1,-44,-183,-21,-39,-216,-18,-34,-246,-4
341,668,0,32,-43,-14,43,-112,-7,42,-159,-7,35,-197,-1,13,-142,34,19,-178,0,24,-139,-14,22,-107,-10,-6,-139,28,1,-175,-19,8,-123,-36,9,-88,-27,-25,-133,15,-16,-162,-34,-6,-109,-34,-4,-71,-12,-47,-126,0,-44,-183,-20,-38,-216,-16,-33,-246,-3
341,667,0,33,-43,-14,43,-111,-8,42,-159,-8,35,-197,-3,13,-141,32,18,-178,-2,23,-139,-16,22,-107,-12,-6,-138,27,1,-175,-21,8,-123,-38,9,-88,-29,-25,-132,14,-16,-161,-36,-6,-108,-36,-4,-71,-14,-47,-126,-1,-44,-183,-21,-38,-216,-18,-34,-246,-6
343,668,0,32,-43,-15,42,-112,-8,41,-159,-9,33,-198,-3,11,-142,33,17,-178,0,22,-140,-15,21,-108,-11,-7,-139,28,0,-174,-20,7,-123,-37,8,-88,-28,-26,-133,14,-17,-162,-34,-7,-108,-35,-5,-71,-12,-48,-126,0,-45,-183,-20,-39,-216,-17,-35,-246,-5
342,668,0,33,-44,-14,43,-112,-7,42,-159,-8,34,-197,-2,12,-142,34,18,-177,0,23,-139,-15,22,-107,-12,-6,-139,29,1,-174,-19,8,-123,-36,9,-88,-28,-26,-133,15,-16,-161,-34,-6,-108,-35,-5,-71,-12,-47,-126,0,-44,-183,-20,-39,-215,-17,-35,-246,-3
342,669,0,32,-44,-14,42,-112,-7,42,-159,-7,34,-197,-2,12,-142,33,18,-178,0,23,-140,-15,22,-108,-11,-6,-139,28,1,-175,-20,8,-123,-37,9,-88,-28,-26,-133,14,-16,-162,-35,-6,-109,-35,-4,-71,-12,-47,-126,-1,-44,-183,-21,-39,-216,-18,-35,-246,-5
341,668,0,33,-44,-13,43,-112,-6,42,-159,-6,35,-197,-1,13,-142,34,19,-177,0,24,-139,-15,22,-107,-12,-6,-139,28,1,-175,-20,8,-124,-37,9,-88,-29,-25,-133,14,-16,-162,-35,-6,-109,-36,-4,-70,-13,-47,-126,-1,-44,-183,-21,-39,-216,-18,-35,-246,-5
342,667,0,32,-43,-14,42,-111,-8,41,-159,-8,33,-198,-3,12,-141,33,17,-177,0,23,-138,-15,22,-107,-11,-7,-138,28,0,-174,-20,8,-123,-37,9,-87,-28,-27,-133,15,-17,-161,-34,-7,-108,-35,-5,-70,-13,-49,-126,0,-45,-183,-20,-40,-217,-17,-35,-247,-4
341,664,0,32,-44,-15,43,-111,-8,42,-159,-9,34,-198,-3,11,-141,32,17,-177,-2,23,-138,-17,23,-106,-13,-7,-137,27,0,-173,-21,8,-122,-38,9,-86,-29,-27,-131,14,-17,-161,-35,-7,-107,-36,-5,-69,-13,-49,-124,-1,-46,-182,-21,-40,-215,-18,-36,-246,-5
341,667,0,32,-42,-15,42,-111,-9,42,-159,-8,34,-198,-1,12,-141,31,18,-178,-2,23,-138,-15,22,-107,-11,-7,-138,27,0,-174,-21,8,-122,-36,9,-87,-27,-27,-132,14,-17,-161,-35,-7,-107,-35,-5,-69,-12,-49,-125,0,-46,-183,-20,-40,-216,-18,-36,-247,-5
341,668,0,33,-43,-14,43,-112,-6,42,-159,-5,34,-198,1,12,-141,33,18,-178,0,23,-139,-13,22,-106,-8,-7,-138,28,0,-174,-19,8,-123,-35,8,-87,-26,-27,-132,15,-17,-162,-34,-7,-108,-34,-5,-70,-11,-49,-125,0,-46,-184,-20,-40,-217,-17,-36,-248,-4
340,669,0,32,-44,-14,43,-111,-7,43,-159,-6,34,-198,0,12,-140,34,18,-177,1,24,-139,-13,23,-106,-8,-7,-137,29,1,-173,-19,8,-122,-35,9,-87,-27,-26,-132,15,-17,-161,-34,-6,-107,-34,-4,-70,-12,-48,-125,1,-45,-182,-19,-39,-215,-17,-35,-245,-4
340,668,0,33,-43,-14,43,-111,-7,42,-159,-7,34,-197,-1,12,-141,33,18,-178,0,23,-139,-14,22,-107,-10,-7,-138,28,0,-174,-20,8,-122,-36,9,-86,-27,-26,-131,15,-17,-160,-34,-6,-107,-35,-4,-69,-12,-48,-124,0,-45,-182,-20,-40,-215,-18,-36,-246,-5
340,670,0,33,-43,-15,43,-111,-8,42,-159,-8,34,-198,-1,12,-141,31,18,-178,-2,24,-139,-15,23,-107,-11,-7,-138,27,0,-174,-21,8,-123,-37,9,-87,-28,-26,-132,14,-17,-161,-35,-6,-108,-36,-4,-70,-13,-48,-125,-1,-45,-183,-21,-39,-216,-19,-35,-246,-6
340,669,0,33,-43,-14,43,-111,-7,42,-159,-7,34,-197,-1,12,-141,31,18,-179,-2,23,-139,-15,22,-107,-11,-7,-138,26,0,-174,-22,8,-122,-38,8,-87,-29,-26,-132,13,-17,-161,-36,-6,-108,-37,-5,-70,-14,-48,-125,-2,-45,-183,-22,-40,-216,-19,-36,-246,-7
340,669,0,33,-43,-14,43,-112,-7,42,-159,-7,34,-198,0,13,-142,31,18,-180,-2,24,-140,-16,23,-107,-11,-6,-139,26,1,-175,-22,8,-123,-38,8,-88,-29,-26,-133,13,-16,-162,-36,-6,-108,-37,-5,-71,-14,-48,-126,-2,-46,-184,-22,-40,-217,-19,-36,-248,-7
341,668,0,32,-43,-15,43,-111,-8,43,-159,-9,33,-198,-3,12,-142,31,18,-179,-3,24,-139,-17,23,-106,-13,-6,-139,26,0,-175,-21,8,-123,-38,8,-88,-29,-27,-133,13,-17,-162,-35,-7,-109,-36,-5,-71,-14,-48,-126,-2,-46,-184,-21,-40,-218,-19,-36,-248,-6
342,669,0,32,-43,-14,42,-112,-8,42,-159,-8,34,-198,-2,12,-142,30,18,-179,-3,23,-140,-17,22,-107,-13,-6,-139,25,0,-174,-23,8,-123,-39,8,-87,-30,-26,-133,12,-17,-162,-37,-7,-109,-37,-5,-71,-15,-48,-126,-2,-46,-184,-23,-41,-217,-20,-36,-247,-7
342,670,0,32,-43,-15,43,-111,-9,42,-159,-10,35,-197,-4,12,-142,29,18,-178,-5,23,-139,-18,22,-107,-13,-6,-139,24,0,-174,-23,8,-123,-39,8,-87,-30,-26,-133,11,-17,-162,-37,-7,-109,-38,-5,-71,-15,-48,-126,-3,-46,-183,-23,-41,-217,-20,-37,-247,-8
342,670,0,33,-43,-15,43,-111,-9,42,-159,-10,34,-197,-4,13,-142,30,19,-179,-4,24,-140,-19,23,-106,-14,-6,-139,25,1,-175,-23,8,-124,-40,9,-87,-31,-27,-133,12,-17,-163,-37,-7,-109,-38,-5,-71,-16,-49,-126,-2,-46,-184,-23,-40,-217,-21,-37,-248,-8
343,674,0,33,-43,-13,43,-112,-6,42,-159,-5,34,-197,1,13,-143,32,18,-179,-1,24,-140,-15,23,-107,-10,-6,-139,27,1,-176,-20,8,-124,-36,9,-88,-28,-26,-133,13,-17,-163,-34,-7,-110,-36,-5,-72,-14,-49,-127,-1,-46,-185,-20,-41,-218,-18,-37,-248,-5
551,696,0,33,-43,-5,44,-112,2,42,-157,0,37,-197,2,19,-149,37,34,-181,3,45,-147,-13,48,-114,-10,1,-148,26,17,-179,-20,22,-125,-36,19,-86,-28,-19,-143,8,1,-166,-40,6,-110,-40,2,-71,-18,-40,-135,-11,-32,-192,-30,-22,-224,-25,-14,-252,-11
551,697,0,34,-43,-6,44,-112,2,43,-157,0,37,-197,2,20,-150,36,35,-181,3,47,-147,-13,49,-114,-10,2,-148,25,18,-179,-20,23,-125,-36,19,-86,-28,-18,-143,7,2,-167,-41,6,-111,-41,3,-72,-18,-40,-136,-11,-31,-193,-30,-21,-225,-26,-13,-253,-12
552,697,0,33,-43,-6,45,-111,1,43,-157,-1,38,-197,2,19,-149,37,35,-181,3,46,-146,-13,48,-114,-11,2,-148,26,18,-178,-20,23,-124,-36,19,-85,-29,-18,-143,8,2,-166,-40,7,-110,-40,3,-71,-18,-39,-135,-10,-31,-192,-29,-21,-224,-25,-12,-253,-11
554,696,0,33,-43,-5,44,-111,2,43,-157,0,38,-197,3,18,-149,37,32,-180,5,44,-145,-9,47,-112,-6,1,-148,26,17,-178,-19,23,-124,-34,20,-85,-26,-18,-142,8,1,-167,-39,6,-111,-39,3,-71,-17,-40,-135,-10,-31,-192,-29,-21,-224,-24,-12,-252,-11
557,697,0,34,-44,-5,45,-111,2,44,-157,0,39,-197,3,19,-149,38,33,-178,5,44,-143,-10,45,-109,-7,2,-147,27,17,-177,-18,22,-124,-34,20,-85,-27,-18,-143,9,1,-166,-37,6,-111,-37,3,-71,-16,-39,-136,-9,-32,-192,-26,-22,-225,-21,-13,-253,-8
558,701,0,33,-43,-5,44,-111,3,43,-157,0,38,-197,2,20,-148,36,32,-180,3,44,-145,-12,47,-113,-9,2,-146,25,18,-178,-21,23,-125,-36,20,-86,-29,-17,-142,7,2,-168,-40,7,-113,-40,4,-73,-18,-38,-135,-12,-30,-192,-31,-21,-225,-26,-12,-255,-13
581,708,0,33,-43,-3,43,-110,4,44,-158,1,39,-197,3,17,-150,40,29,-181,5,40,-143,-11,43,-110,-8,1,-148,27,18,-180,-20,23,-125,-36,20,-86,-28,-17,-143,7,4,-169,-42,8,-112,-41,5,-73,-17,-37,-137,-14,-29,-195,-32,-18,-227,-26,-9,-256,-12
584,710,0,32,-45,-4,42,-111,2,43,-157,-3,38,-197,-1,15,-150,39,27,-179,4,38,-140,-11,41,-106,-7,0,-148,26,17,-179,-21,23,-125,-36,20,-86,-28,-18,-143,6,3,-168,-42,9,-111,-41,5,-73,-18,-37,-137,-14,-30,-192,-33,-19,-224,-27,-10,-253,-13
587,709,0,33,-46,1,42,-112,10,41,-157,7,36,-197,8,16,-150,47,28,-179,14,40,-144,-4,44,-112,-2,0,-148,32,18,-179,-13,24,-126,-30,22,-86,-24,-18,-144,10,4,-167,-37,9,-112,-38,6,-73,-16,-37,-138,-13,-29,-193,-29,-18,-224,-24,-8,-252,-10
588,708,0,32,-45,-2,41,-112,5,41,-158,1,35,-197,3,14,-151,43,26,-180,9,36,-139,-7,38,-105,-4,-1,-149,30,17,-178,-16,23,-124,-33,21,-86,-25,-18,-144,9,3,-166,-38,9,-111,-38,6,-72,-16,-37,-139,-13,-28,-193,-29,-18,-225,-23,-7,-252,-9
587,712,0,32,-45,-3,42,-112,4,42,-158,1,36,-197,2,15,-151,44,26,-180,10,37,-140,-6,39,-107,-2,0,-149,31,16,-178,-15,23,-125,-31,22,-87,-23,-18,-145,10,3,-168,-36,9,-113,-36,7,-74,-14,-36,-139,-11,-28,-194,-27,-17,-225,-21,-7,-252,-7
588,708,0,32,-47,-2,41,-112,4,41,-158,-1,35,-197,0,13,-150,43,25,-178,7,34,-137,-9,35,-103,-6,-2,-148,30,15,-177,-18,22,-124,-34,20,-86,-26,-18,-143,8,3,-166,-40,9,-111,-38,6,-73,-15,-37,-137,-14,-29,-192,-31,-18,-223,-24,-8,-249,-9
586,710,0,33,-47,1,41,-113,9,41,-159,7,35,-197,10,17,-147,47,27,-176,13,36,-136,-3,37,-104,0,1,-145,32,16,-177,-14,23,-124,-30,21,-87,-22,-16,-142,10,3,-167,-36,9,-113,-35,6,-75,-12,-36,-137,-12,-29,-192,-28,-18,-223,-21,-9,-250,-6
584,705,0,32,-45,-3,42,-112,5,42,-158,2,35,-197,5,16,-146,40,26,-175,4,34,-134,-12,34,-101,-9,1,-144,27,17,-173,-21,22,-121,-37,19,-83,-28,-17,-140,7,2,-164,-41,8,-109,-40,4,-72,-17,-37,-136,-13,-29,-191,-30,-18,-223,-24,-8,-251,-10
552,703,0,32,-44,-4,43,-110,3,44,-157,-1,38,-197,1,17,-146,37,27,-175,2,35,-135,-14,34,-102,-10,1,-144,25,15,-176,-20,21,-124,-35,18,-87,-26,-17,-141,7,1,-166,-39,7,-113,-37,4,-75,-14,-38,-135,-13,-30,-192,-29,-19,-224,-24,-9,-253,-9
550,701,0,33,-43,-5,44,-109,1,45,-156,-2,38,-197,0,18,-145,34,28,-174,0,36,-135,-15,35,-101,-11,2,-143,23,16,-176,-22,21,-123,-36,19,-86,-28,-16,-139,6,1,-165,-40,7,-112,-39,4,-74,-16,-37,-134,-13,-30,-191,-30,-18,-224,-24,-9,-252,-10
548,702,0,32,-43,-7,45,-108,-1,46,-156,-4,39,-196,-2,18,-145,30,28,-175,-4,35,-134,-17,34,-100,-11,2,-143,20,16,-176,-25,21,-122,-38,18,-85,-29,-16,-140,4,1,-165,-42,7,-112,-40,4,-74,-16,-37,-135,-14,-30,-192,-32,-18,-224,-25,-8,-252,-11
545,706,0,32,-43,-7,45,-108,-3,46,-156,-6,40,-196,-5,19,-143,29,28,-174,-7,35,-134,-21,34,-100,-17,3,-142,19,17,-175,-28,21,-123,-42,17,-85,-32,-16,-140,2,2,-165,-45,7,-113,-42,4,-75,-19,-36,-135,-16,-29,-190,-34,-17,-223,-28,-7,-251,-14
542,705,0,33,-43,-4,45,-108,2,47,-156,-2,40,-196,0,18,-145,33,28,-175,-1,36,-135,-15,35,-102,-10,3,-143,22,17,-175,-24,22,-122,-39,18,-85,-29,-16,-140,4,2,-165,-43,8,-111,-41,5,-73,-17,-36,-134,-15,-28,-191,-33,-17,-223,-27,-7,-251,-12
537,707,0,33,-44,-5,46,-108,1,48,-156,-2,41,-196,-1,20,-144,35,29,-174,0,37,-135,-16,37,-103,-12,4,-143,24,17,-176,-23,22,-123,-38,18,-86,-29,-15,-140,5,2,-166,-42,7,-112,-40,4,-74,-16,-36,-134,-14,-28,-192,-31,-17,-224,-25,-7,-252,-10
286,626,0,39,-33,-20,65,-96,-15,73,-147,-16,72,-187,-10,41,-133,24,48,-170,-10,42,-132,-25,36,-102,-21,19,-134,23,25,-168,-24,21,-117,-39,19,-83,-30,-3,-131,13,4,-156,-34,5,-105,-34,4,-69,-12,-26,-129,2,-18,-180,-16,-11,-211,-14,-3,-239,-2
286,628,0,39,-33,-21,64,-96,-17,74,-147,-18,72,-187,-12,42,-133,23,49,-169,-12,42,-131,-27,36,-102,-23,20,-134,22,26,-166,-26,22,-116,-41,20,-83,-31,-2,-131,13,4,-155,-35,5,-105,-36,5,-69,-13,-25,-129,2,-17,-180,-17,-10,-211,-15,-2,-239,-3
285,629,0,39,-32,-22,65,-95,-19,74,-146,-20,72,-187,-14,43,-132,21,50,-169,-14,43,-130,-28,38,-101,-24,21,-133,21,26,-166,-28,22,-117,-42,21,-83,-32,-1,-130,12,5,-155,-37,6,-104,-37,6,-69,-15,-23,-128,1,-16,-178,-19,-9,-208,-17,-2,-237,-5
286,631,0,38,-31,-23,64,-95,-20,73,-146,-21,71,-187,-16,42,-131,20,49,-168,-15,43,-130,-29,37,-102,-25,20,-132,20,26,-166,-30,22,-115,-44,20,-82,-33,-1,-130,12,5,-155,-39,6,-104,-40,6,-69,-17,-24,-128,1,-16,-177,-19,-9,-208,-18,-2,-236,-6
285,633,0,39,-33,-22,65,-95,-19,74,-146,-20,71,-187,-15,42,-131,23,50,-168,-12,43,-130,-26,37,-102,-22,20,-132,23,26,-165,-26,22,-114,-41,19,-81,-31,-1,-130,14,6,-155,-35,6,-105,-36,5,-70,-13,-24,-128,3,-16,-178,-15,-9,-209,-13,-2,-237,-1
283,632,0,38,-31,-23,65,-94,-20,73,-146,-21,71,-187,-15,43,-130,21,50,-167,-13,43,-129,-26,36,-101,-21,21,-131,21,26,-163,-27,21,-113,-41,18,-81,-31,-1,-129,13,5,-154,-36,5,-104,-36,5,-69,-13,-24,-127,3,-16,-177,-16,-9,-207,-14,-3,-236,-2
280,632,0,39,-33,-21,65,-95,-17,73,-146,-17,71,-187,-12,43,-130,25,50,-166,-9,42,-129,-24,37,-102,-20,21,-131,25,26,-164,-24,21,-113,-39,19,-80,-29,-1,-129,15,4,-154,-35,4,-103,-36,5,-68,-13,-24,-127,4,-16,-178,-17,-10,-208,-15,-3,-237,-3
279,633,0,39,-33,-22,64,-96,-17,73,-146,-17,71,-187,-11,42,-129,24,49,-166,-9,41,-128,-23,36,-100,-19,20,-130,24,25,-163,-24,20,-113,-38,18,-79,-28,-2,-129,16,5,-153,-33,5,-103,-35,5,-67,-12,-24,-127,5,-16,-177,-14,-10,-208,-13,-4,-236,-1
250,618,0,37,-35,-22,61,-96,-18,69,-148,-17,66,-189,-10,41,-131,24,45,-167,-8,38,-128,-22,33,-100,-18,18,-132,25,20,-163,-20,17,-112,-34,16,-81,-25,-4,-129,18,-1,-153,-29,0,-102,-29,1,-67,-8,-26,-125,9,-21,-176,-11,-17,-208,-12,-13,-238,-1
249,618,0,37,-35,-23,61,-96,-19,69,-149,-18,66,-189,-11,41,-131,23,45,-167,-9,38,-127,-23,33,-100,-19,18,-132,25,20,-164,-22,17,-113,-35,16,-81,-26,-4,-129,17,-1,-152,-29,0,-102,-30,2,-67,-8,-26,-125,9,-21,-175,-11,-17,-207,-11,-13,-237,-1
248,618,0,37,-36,-21,61,-97,-18,69,-149,-17,65,-189,-10,41,-131,24,45,-168,-8,38,-128,-22,33,-100,-18,18,-132,25,20,-164,-20,17,-113,-35,17,-82,-26,-3,-129,18,-1,-153,-28,0,-102,-29,2,-68,-8,-26,-125,9,-22,-176,-10,-18,-208,-10,-14,-237,0
248,619,0,37,-36,-22,61,-97,-18,68,-149,-18,65,-189,-12,40,-132,25,44,-168,-8,37,-128,-22,32,-100,-19,18,-132,26,19,-164,-20,16,-113,-35,16,-81,-26,-4,-129,19,-1,-153,-28,0,-103,-29,1,-68,-8,-26,-125,9,-21,-175,-10,-18,-206,-9,-14,-236,1
248,618,0,37,-36,-22,60,-97,-18,68,-149,-18,64,-190,-11,40,-131,26,44,-167,-6,38,-129,-20,32,-101,-16,17,-132,28,19,-163,-18,16,-113,-33,15,-81,-25,-4,-129,21,-2,-153,-25,0,-103,-27,1,-69,-7,-27,-125,12,-22,-176,-6,-18,-207,-6,-14,-237,5
248,619,0,37,-34,-22,61,-97,-18,68,-150,-19,63,-190,-13,38,-132,23,43,-168,-10,36,-128,-23,30,-99,-19,16,-132,24,19,-164,-23,16,-113,-38,14,-80,-29,-5,-129,16,-1,-153,-31,0,-103,-32,1,-68,-12,-27,-125,7,-22,-175,-12,-18,-206,-11,-14,-236,-1
251,620,0,37,-34,-21,60,-98,-17,66,-150,-16,62,-190,-9,35,-132,23,41,-168,-8,35,-129,-21,30,-100,-17,14,-132,24,18,-163,-21,15,-113,-35,14,-80,-26,-6,-129,16,-1,-153,-29,0,-103,-30,1,-67,-10,-28,-125,7,-23,-175,-11,-19,-205,-11,-14,-234,0
253,624,0,36,-35,-21,59,-100,-17,66,-151,-16,61,-191,-9,34,-133,24,40,-170,-8,35,-130,-21,29,-101,-17,13,-133,25,17,-165,-20,15,-114,-34,14,-82,-25,-7,-129,17,-1,-154,-28,0,-104,-29,1,-68,-8,-28,-126,8,-24,-176,-10,-19,-207,-10,-14,-235,1
255,620,0,37,-35,-24,60,-99,-20,66,-150,-20,62,-191,-14,35,-133,23,41,-169,-10,35,-129,-24,30,-100,-20,14,-132,25,18,-165,-22,15,-115,-36,14,-81,-28,-7,-129,18,-2,-154,-29,0,-103,-31,1,-67,-10,-29,-126,9,-24,-176,-10,-20,-207,-10,-15,-236,1
258,618,0,36,-34,-24,60,-98,-21,66,-150,-21,61,-191,-15,34,-134,21,40,-170,-12,35,-129,-25,29,-100,-21,13,-134,23,17,-166,-23,15,-115,-37,13,-82,-28,-8,-130,16,-2,-155,-30,0,-104,-32,0,-68,-11,-30,-127,8,-25,-177,-11,-20,-209,-11,-15,-237,0
258,615,0,38,-35,-21,62,-98,-16,69,-150,-16,63,-190,-9,36,-134,25,42,-170,-6,36,-130,-20,31,-100,-16,15,-134,26,19,-167,-18,17,-116,-33,14,-82,-24,-7,-130,18,-2,-156,-27,1,-105,-29,1,-69,-8,-29,-127,9,-24,-179,-9,-19,-211,-9,-13,-240,1
