226,894,0,46,-21,-25,89,-73,-34,131,-107,-45,162,-116,-57,56,-168,2,61,-235,-6,62,-280,-18,62,-315,-29,31,-171,1,28,-242,-24,36,-220,-43,41,-181,-49,6,-165,-4,2,-230,-26,14,-213,-36,19,-176,-36,-20,-153,-11,-22,-208,-28,-10,-203,-32,-3,-177,-32
226,893,0,46,-21,-24,90,-73,-33,131,-107,-44,163,-116,-55,56,-168,2,60,-236,-7,61,-281,-18,62,-315,-29,30,-171,1,28,-242,-25,36,-220,-44,41,-181,-51,5,-165,-4,2,-231,-27,13,-214,-37,19,-177,-37,-21,-153,-11,-23,-207,-28,-12,-203,-33,-4,-177,-33
225,892,0,47,-21,-25,90,-73,-34,131,-107,-45,163,-116,-56,56,-166,1,59,-234,-8,61,-279,-20,61,-314,-31,31,-169,0,27,-241,-26,36,-219,-45,40,-180,-51,6,-164,-5,1,-229,-28,12,-212,-37,18,-177,-38,-20,-152,-12,-22,-205,-28,-12,-201,-33,-4,-175,-33
225,889,0,46,-21,-25,90,-72,-34,132,-107,-45,164,-115,-56,56,-167,0,60,-234,-9,61,-280,-21,61,-314,-31,30,-170,-1,28,-241,-27,35,-219,-44,41,-180,-50,5,-165,-5,2,-229,-28,13,-211,-36,19,-175,-35,-21,-152,-12,-22,-205,-28,-11,-200,-33,-4,-174,-32
225,888,0,46,-21,-26,90,-72,-35,132,-106,-46,164,-115,-57,56,-167,1,59,-234,-8,61,-279,-19,61,-313,-30,30,-171,0,27,-241,-25,35,-218,-43,39,-178,-48,5,-165,-3,1,-229,-26,11,-211,-35,17,-175,-34,-21,-152,-10,-24,-205,-26,-13,-200,-30,-7,-175,-29
226,887,0,46,-21,-26,89,-72,-36,131,-106,-47,163,-116,-58,56,-166,-1,60,-234,-11,60,-280,-23,60,-315,-34,30,-170,-1,27,-241,-28,34,-218,-46,38,-179,-51,5,-164,-5,0,-228,-28,10,-210,-37,15,-175,-36,-21,-152,-12,-24,-203,-28,-15,-199,-32,-8,-173,-31
224,889,0,46,-20,-24,89,-72,-33,131,-106,-44,162,-117,-55,56,-166,4,61,-233,-5,63,-280,-16,63,-316,-27,30,-172,2,28,-244,-23,38,-223,-41,43,-183,-46,5,-167,-3,2,-231,-26,15,-215,-35,20,-178,-34,-23,-155,-11,-25,-210,-27,-13,-204,-31,-5,-177,-29
225,894,0,46,-22,-23,89,-75,-32,130,-109,-43,160,-120,-55,55,-169,2,59,-234,-7,62,-280,-19,62,-317,-29,29,-174,0,26,-247,-26,36,-223,-44,42,-183,-48,4,-168,-6,0,-232,-30,14,-212,-38,19,-175,-36,-23,-155,-14,-27,-210,-31,-14,-204,-34,-6,-177,-32
223,893,0,47,-22,-22,90,-74,-30,131,-109,-41,161,-118,-53,56,-168,6,60,-231,-2,62,-278,-13,62,-313,-24,31,-173,3,28,-245,-21,38,-221,-38,43,-182,-42,5,-168,-2,3,-232,-25,16,-211,-32,21,-173,-29,-22,-157,-11,-24,-211,-27,-10,-202,-29,-3,-175,-26
223,896,0,46,-22,-24,89,-75,-33,130,-110,-45,160,-119,-57,55,-167,3,60,-232,-7,61,-277,-19,62,-312,-31,30,-172,1,26,-243,-26,37,-221,-46,43,-180,-52,4,-166,-5,0,-231,-29,13,-213,-40,20,-176,-40,-22,-154,-13,-26,-208,-30,-13,-203,-35,-5,-176,-34
221,895,0,47,-21,-22,90,-74,-30,131,-109,-40,161,-119,-51,56,-168,8,60,-231,0,62,-276,-10,62,-311,-20,31,-173,5,29,-243,-19,39,-219,-35,45,-181,-40,6,-168,-1,4,-231,-23,17,-209,-29,22,-173,-26,-21,-157,-10,-22,-210,-25,-9,-201,-27,-1,-175,-23
221,898,0,46,-22,-23,89,-76,-31,129,-111,-42,160,-120,-54,56,-168,4,60,-232,-5,61,-277,-17,62,-312,-28,30,-172,1,28,-242,-25,38,-221,-43,44,-180,-48,5,-167,-5,2,-231,-28,15,-213,-37,21,-176,-36,-21,-155,-13,-23,-210,-30,-12,-204,-34,-3,-178,-32
221,895,0,46,-21,-23,90,-75,-31,130,-110,-42,160,-119,-54,55,-167,4,60,-231,-4,62,-277,-16,62,-312,-27,30,-172,1,27,-244,-23,38,-222,-42,44,-182,-47,5,-167,-4,2,-232,-27,16,-212,-35,21,-175,-33,-22,-156,-13,-24,-210,-29,-11,-205,-32,-3,-178,-30
221,898,0,45,-22,-24,88,-76,-33,128,-111,-44,159,-121,-56,54,-166,2,59,-231,-7,61,-276,-19,61,-310,-30,29,-171,0,27,-243,-26,37,-222,-44,43,-181,-50,4,-166,-6,2,-231,-29,15,-214,-38,21,-177,-37,-22,-154,-14,-24,-209,-31,-12,-205,-35,-3,-179,-33
221,895,0,46,-21,-23,89,-75,-31,130,-110,-42,160,-120,-54,55,-168,5,60,-232,-3,61,-278,-15,61,-313,-26,30,-173,2,27,-245,-23,39,-221,-41,44,-181,-46,4,-168,-4,2,-232,-27,16,-211,-34,21,-173,-31,-23,-157,-12,-24,-211,-29,-11,-204,-31,-3,-178,-28
220,897,0,46,-22,-23,88,-76,-32,129,-110,-43,159,-121,-55,55,-168,4,60,-231,-5,62,-276,-16,62,-310,-27,30,-173,1,27,-242,-24,38,-220,-42,44,-180,-47,5,-167,-5,2,-231,-27,16,-211,-35,22,-174,-33,-21,-155,-13,-23,-209,-29,-11,-202,-32,-3,-176,-29
220,897,0,46,-21,-23,89,-75,-31,128,-110,-42,159,-121,-54,55,-168,3,60,-232,-5,61,-277,-17,61,-311,-28,30,-172,1,28,-243,-24,39,-220,-42,45,-180,-47,5,-168,-5,2,-231,-27,16,-211,-35,22,-175,-33,-22,-156,-13,-23,-211,-29,-10,-204,-32,-3,-178,-29
220,898,0,46,-21,-23,89,-76,-31,129,-112,-42,159,-122,-53,55,-167,3,60,-231,-6,61,-277,-18,61,-311,-29,30,-173,0,27,-243,-25,38,-221,-42,44,-181,-46,5,-167,-5,2,-231,-28,15,-212,-35,21,-176,-32,-22,-156,-13,-24,-210,-29,-11,-204,-32,-3,-178,-29
220,898,0,45,-21,-23,88,-76,-31,128,-111,-42,159,-122,-53,55,-167,3,59,-231,-6,61,-276,-17,61,-311,-28,30,-172,1,27,-243,-24,38,-221,-41,44,-181,-46,5,-167,-5,2,-232,-27,15,-212,-34,20,-176,-32,-22,-156,-13,-23,-210,-29,-11,-204,-31,-4,-178,-29
220,898,0,45,-22,-23,88,-76,-31,128,-111,-42,159,-122,-53,55,-167,4,59,-231,-4,61,-276,-16,61,-311,-27,30,-172,2,28,-243,-23,39,-221,-41,44,-181,-46,5,-168,-4,3,-232,-26,16,-212,-33,21,-175,-31,-22,-157,-12,-23,-210,-28,-11,-203,-30,-3,-178,-27
220,897,0,45,-21,-23,88,-75,-31,128,-111,-41,159,-121,-52,55,-166,4,60,-231,-4,61,-276,-16,62,-311,-27,30,-172,2,28,-243,-23,38,-220,-41,43,-180,-47,5,-168,-3,3,-231,-26,15,-211,-34,20,-175,-32,-22,-157,-11,-23,-210,-27,-11,-204,-30,-4,-178,-27
220,899,0,46,-23,-23,89,-77,-31,128,-111,-41,159,-122,-52,55,-167,5,60,-232,-3,62,-277,-15,62,-311,-25,30,-173,3,28,-243,-22,38,-221,-40,44,-181,-45,5,-168,-3,3,-232,-25,15,-212,-33,21,-175,-31,-22,-157,-11,-23,-211,-27,-11,-205,-29,-3,-178,-26
220,900,0,46,-22,-22,89,-77,-30,129,-112,-40,159,-122,-51,56,-168,6,60,-232,-2,62,-277,-13,62,-311,-24,30,-173,3,29,-243,-22,38,-221,-40,43,-182,-46,5,-169,-2,3,-232,-25,15,-213,-33,20,-176,-32,-22,-157,-11,-23,-212,-26,-11,-205,-29,-3,-180,-27
221,899,0,45,-22,-22,89,-76,-30,129,-111,-40,159,-121,-50,56,-169,6,61,-233,-2,63,-277,-13,63,-312,-24,31,-174,3,29,-243,-22,40,-219,-39,45,-180,-44,5,-169,-3,4,-232,-25,16,-210,-31,21,-174,-29,-22,-158,-11,-23,-211,-26,-11,-203,-28,-3,-178,-25
222,899,0,46,-22,-21,89,-76,-29,130,-111,-39,161,-119,-49,56,-169,7,61,-233,-1,63,-277,-12,63,-312,-22,31,-174,4,30,-244,-20,40,-220,-37,45,-181,-42,5,-169,-2,4,-232,-24,17,-210,-30,21,-175,-28,-22,-158,-11,-23,-211,-25,-10,-203,-26,-3,-176,-23
223,899,0,46,-22,-22,89,-75,-31,129,-110,-41,161,-119,-53,56,-170,5,62,-233,-3,63,-278,-14,63,-313,-25,31,-175,3,29,-244,-22,40,-221,-39,46,-182,-44,5,-169,-3,4,-232,-25,17,-211,-31,22,-175,-29,-22,-158,-11,-23,-211,-26,-10,-203,-28,-3,-177,-25
223,899,0,46,-21,-21,90,-75,-29,131,-110,-39,161,-119,-49,57,-169,6,62,-232,-1,64,-278,-12,64,-313,-23,32,-174,3,31,-244,-20,41,-220,-37,45,-181,-41,6,-170,-2,5,-232,-24,18,-211,-30,22,-174,-27,-21,-158,-10,-21,-212,-25,-9,-203,-26,-2,-177,-23
224,898,0,46,-21,-22,90,-74,-30,130,-109,-40,161,-118,-51,57,-168,6,62,-232,-2,64,-278,-13,65,-313,-24,32,-174,3,30,-245,-21,41,-222,-38,46,-183,-43,7,-170,-2,5,-233,-24,18,-213,-31,23,-176,-28,-21,-158,-11,-22,-213,-26,-9,-205,-28,-2,-178,-25
224,899,0,46,-22,-22,90,-75,-30,130,-109,-40,161,-118,-50,58,-169,6,63,-233,-1,65,-277,-13,65,-313,-23,32,-175,4,31,-245,-20,42,-221,-38,46,-182,-43,7,-170,-2,6,-233,-24,18,-211,-31,23,-174,-29,-21,-159,-10,-21,-213,-26,-8,-204,-28,-1,-177,-24
224,901,0,46,-22,-23,89,-75,-31,130,-110,-41,160,-119,-53,57,-168,3,63,-232,-5,65,-277,-16,65,-312,-27,32,-173,1,30,-244,-23,41,-222,-40,47,-182,-45,7,-168,-5,5,-233,-27,18,-212,-34,23,-175,-32,-20,-157,-13,-21,-212,-29,-8,-205,-31,-1,-178,-28
224,899,0,46,-21,-23,90,-74,-31,130,-108,-42,161,-119,-54,57,-168,4,62,-232,-4,64,-277,-16,65,-313,-28,32,-172,2,30,-244,-23,41,-222,-42,47,-183,-48,6,-168,-4,5,-232,-26,18,-212,-34,24,-176,-32,-21,-157,-12,-21,-212,-28,-8,-205,-31,0,-178,-29
224,900,0,46,-22,-22,90,-75,-30,130,-109,-40,161,-119,-51,57,-168,5,62,-232,-3,64,-277,-14,65,-312,-25,32,-173,2,30,-245,-21,41,-222,-38,47,-183,-42,7,-169,-3,5,-233,-25,18,-212,-32,23,-176,-29,-20,-158,-12,-21,-213,-28,-8,-205,-30,-1,-178,-26
224,900,0,46,-21,-22,90,-75,-31,131,-109,-41,161,-119,-53,57,-168,3,62,-232,-5,65,-277,-17,65,-312,-28,32,-173,0,29,-245,-24,41,-222,-41,47,-183,-46,7,-168,-5,4,-233,-27,18,-212,-34,24,-176,-32,-20,-157,-14,-21,-212,-30,-8,-204,-32,-1,-178,-29
224,899,0,47,-21,-22,90,-74,-31,130,-108,-42,161,-118,-53,57,-166,4,62,-231,-4,64,-276,-16,65,-311,-27,32,-172,2,31,-244,-23,42,-221,-41,47,-182,-46,7,-168,-4,6,-233,-26,19,-212,-33,24,-176,-31,-20,-157,-12,-21,-211,-28,-7,-204,-31,0,-177,-28
224,899,0,47,-21,-22,90,-74,-30,131,-108,-41,161,-118,-52,57,-167,5,63,-232,-3,65,-276,-14,65,-312,-25,33,-172,2,31,-243,-21,42,-223,-38,48,-183,-43,8,-168,-3,5,-233,-25,19,-213,-32,24,-176,-31,-19,-157,-12,-21,-212,-28,-8,-205,-31,-1,-178,-28
225,899,0,46,-21,-22,91,-74,-30,131,-108,-41,162,-117,-52,57,-168,4,63,-233,-3,65,-278,-15,65,-314,-26,32,-174,1,31,-245,-22,43,-223,-39,48,-184,-44,7,-169,-4,6,-234,-25,20,-214,-32,24,-177,-29,-20,-158,-13,-21,-213,-28,-7,-205,-30,0,-179,-27
226,899,0,47,-21,-23,90,-73,-31,131,-108,-41,162,-118,-51,58,-167,2,63,-232,-7,65,-277,-19,66,-313,-30,32,-172,0,31,-245,-25,42,-222,-43,47,-182,-48,7,-168,-5,5,-233,-28,18,-213,-36,23,-177,-34,-20,-157,-13,-22,-212,-30,-9,-205,-33,-2,-178,-30
226,901,0,47,-22,-22,91,-74,-30,131,-109,-41,162,-118,-52,58,-170,3,64,-234,-5,67,-280,-17,67,-315,-28,34,-175,0,32,-245,-24,43,-222,-41,48,-183,-46,9,-170,-5,7,-234,-28,20,-213,-34,25,-177,-32,-19,-158,-14,-19,-212,-30,-7,-204,-31,0,-177,-28
227,902,0,47,-22,-22,91,-74,-30,132,-108,-40,162,-117,-51,58,-168,3,65,-233,-5,67,-279,-17,68,-315,-28,34,-174,0,33,-245,-25,43,-222,-42,47,-182,-47,9,-169,-5,7,-234,-28,20,-214,-35,24,-176,-33,-19,-158,-14,-19,-213,-30,-7,-205,-32,0,-178,-30
230,900,0,46,-21,-22,91,-73,-31,132,-107,-42,162,-117,-53,58,-170,3,64,-235,-6,67,-280,-17,67,-316,-28,33,-175,0,32,-247,-24,43,-224,-41,48,-185,-45,8,-170,-5,6,-236,-27,20,-214,-33,24,-178,-30,-20,-159,-14,-20,-214,-29,-7,-205,-31,0,-178,-27
230,901,0,48,-21,-22,91,-73,-30,132,-107,-40,163,-116,-51,60,-170,4,65,-235,-5,68,-281,-16,69,-316,-26,34,-175,1,33,-246,-24,43,-223,-40,48,-182,-45,9,-170,-5,7,-235,-27,20,-214,-34,24,-177,-32,-19,-159,-13,-20,-214,-29,-7,-206,-31,0,-179,-28
231,901,0,47,-21,-22,92,-74,-30,132,-107,-41,163,-115,-53,59,-168,3,65,-234,-5,68,-279,-17,69,-314,-28,34,-174,0,33,-246,-23,45,-224,-40,49,-185,-45,9,-170,-6,8,-235,-27,21,-215,-34,26,-178,-31,-19,-159,-14,-19,-214,-30,-5,-206,-31,1,-178,-28
232,902,0,47,-21,-22,91,-74,-31,132,-107,-42,163,-116,-53,58,-169,3,65,-234,-5,68,-278,-16,68,-314,-27,34,-174,0,32,-245,-23,44,-223,-39,49,-184,-44,9,-169,-6,7,-234,-27,21,-212,-33,25,-176,-30,-19,-158,-14,-19,-213,-30,-6,-205,-31,1,-177,-28
233,904,0,47,-21,-21,91,-75,-29,132,-108,-39,162,-117,-50,59,-169,5,65,-234,-3,67,-279,-14,68,-314,-24,34,-175,1,34,-245,-21,44,-224,-38,49,-185,-43,9,-170,-5,8,-235,-25,21,-215,-32,25,-179,-29,-18,-159,-13,-19,-214,-29,-5,-206,-30,1,-178,-27
235,904,0,47,-20,-22,90,-76,-30,132,-109,-40,162,-117,-52,59,-169,4,65,-235,-5,68,-281,-16,68,-317,-27,34,-175,0,33,-249,-24,44,-226,-41,47,-186,-45,9,-171,-6,7,-237,-27,20,-218,-33,23,-180,-30,-19,-159,-15,-19,-216,-31,-7,-208,-32,-1,-180,-29
238,904,0,48,-21,-20,91,-76,-27,132,-109,-37,162,-117,-48,60,-171,7,65,-237,-1,67,-281,-13,68,-316,-24,34,-176,3,32,-248,-21,44,-226,-39,48,-186,-44,9,-171,-4,6,-237,-25,20,-217,-33,25,-180,-31,-18,-159,-13,-19,-216,-29,-6,-210,-32,2,-182,-29
297,737,0,44,-9,-43,92,-58,-58,142,-85,-71,181,-84,-83,83,-167,-16,96,-248,-32,99,-302,-49,103,-345,-64,56,-178,-8,68,-263,-40,61,-243,-60,55,-205,-64,28,-180,-4,38,-253,-31,35,-234,-40,33,-195,-37,0,-175,-6,10,-232,-25,12,-227,-29,12,-201,-27
298,738,0,44,-10,-43,92,-57,-59,143,-82,-72,182,-82,-84,83,-168,-16,97,-250,-33,100,-305,-50,103,-349,-65,57,-180,-8,69,-266,-40,61,-244,-59,56,-204,-63,28,-182,-5,39,-255,-32,35,-234,-39,33,-194,-35,0,-177,-6,10,-235,-25,12,-228,-29,12,-201,-26
298,738,0,45,-9,-42,93,-56,-57,144,-81,-70,183,-81,-83,85,-166,-16,98,-248,-33,101,-303,-51,104,-348,-65,58,-178,-9,70,-265,-42,62,-242,-61,56,-203,-65,30,-180,-6,40,-254,-35,37,-233,-41,34,-193,-37,0,-176,-9,11,-234,-29,13,-227,-32,13,-200,-28
298,739,0,44,-9,-44,92,-56,-60,144,-80,-74,183,-80,-86,85,-167,-18,99,-250,-37,101,-305,-54,105,-350,-69,58,-179,-11,70,-266,-45,61,-242,-63,56,-203,-66,29,-181,-8,41,-254,-38,36,-231,-42,33,-192,-36,-1,-176,-10,10,-233,-30,11,-225,-31,11,-200,-26
297,739,0,43,-9,-44,93,-56,-60,143,-81,-74,183,-80,-85,85,-166,-17,98,-248,-35,100,-303,-52,104,-348,-66,58,-179,-10,71,-266,-43,62,-241,-61,56,-201,-63,29,-180,-6,41,-253,-36,36,-229,-40,32,-191,-34,0,-176,-8,10,-233,-28,11,-224,-28,10,-200,-23
298,740,0,42,-9,-44,92,-58,-60,143,-83,-73,182,-82,-85,85,-169,-18,98,-251,-37,100,-307,-53,102,-352,-67,58,-180,-11,70,-269,-45,61,-242,-62,55,-201,-63,29,-182,-8,39,-256,-38,35,-230,-41,31,-191,-33,-2,-178,-10,9,-236,-30,10,-226,-30,9,-201,-24
297,742,0,42,-10,-45,91,-59,-62,142,-85,-75,181,-85,-87,84,-169,-19,96,-251,-38,97,-307,-54,99,-352,-67,57,-182,-11,69,-271,-45,60,-242,-61,54,-201,-61,28,-182,-8,38,-257,-38,33,-230,-40,30,-191,-31,-3,-178,-10,8,-236,-29,8,-226,-29,8,-201,-22
297,742,0,42,-10,-44,91,-60,-60,141,-86,-73,180,-87,-85,83,-171,-18,94,-253,-36,96,-307,-53,97,-352,-66,56,-182,-11,68,-270,-46,59,-243,-63,52,-203,-65,26,-183,-8,37,-257,-39,32,-232,-43,29,-192,-36,-3,-178,-10,7,-236,-31,8,-226,-32,8,-200,-26
297,742,0,42,-11,-45,91,-60,-62,141,-87,-75,180,-87,-87,82,-170,-18,93,-253,-36,94,-307,-52,95,-351,-66,54,-181,-10,67,-269,-44,58,-243,-62,52,-203,-64,26,-183,-7,36,-256,-37,32,-231,-43,29,-192,-36,-4,-178,-8,7,-236,-29,8,-226,-30,8,-199,-25
297,741,0,42,-11,-45,90,-59,-61,141,-87,-74,180,-87,-86,81,-170,-18,92,-252,-36,92,-306,-52,93,-350,-66,54,-181,-10,65,-267,-44,57,-242,-62,51,-203,-65,25,-181,-7,35,-255,-37,31,-231,-43,28,-191,-37,-4,-177,-9,6,-235,-29,8,-225,-31,8,-198,-26
296,739,0,42,-11,-46,91,-59,-63,141,-85,-76,181,-85,-88,81,-168,-19,91,-249,-36,91,-304,-52,93,-348,-66,54,-178,-10,65,-265,-43,57,-240,-60,50,-200,-62,25,-179,-6,36,-253,-34,31,-229,-40,28,-190,-34,-3,-174,-6,7,-232,-26,8,-223,-28,8,-195,-23
296,738,0,43,-11,-45,92,-57,-61,142,-83,-75,181,-84,-87,82,-167,-17,92,-251,-34,92,-305,-51,92,-349,-64,55,-178,-9,66,-265,-42,57,-241,-61,51,-201,-64,27,-179,-5,37,-254,-35,32,-231,-41,30,-193,-36,-2,-175,-7,8,-232,-27,9,-223,-29,8,-196,-24
297,740,0,43,-10,-44,92,-58,-59,143,-84,-72,182,-83,-83,83,-169,-17,92,-252,-33,92,-307,-50,92,-352,-64,55,-180,-9,66,-268,-41,57,-243,-59,52,-203,-61,27,-181,-6,37,-256,-34,33,-232,-39,29,-193,-33,-2,-176,-7,8,-234,-26,9,-225,-28,8,-198,-23
297,742,0,44,-11,-41,92,-58,-56,143,-84,-69,182,-83,-81,84,-169,-15,94,-252,-33,93,-307,-50,94,-352,-64,57,-181,-9,68,-268,-41,60,-243,-58,54,-203,-60,28,-181,-7,39,-257,-34,35,-233,-38,31,-194,-31,0,-177,-10,10,-236,-29,12,-226,-29,12,-199,-24
297,743,0,44,-10,-40,94,-58,-55,144,-83,-67,182,-82,-78,85,-169,-15,96,-253,-32,96,-308,-48,97,-353,-62,58,-181,-9,69,-270,-40,61,-245,-57,56,-205,-59,30,-182,-7,40,-258,-34,35,-234,-38,33,-195,-32,1,-178,-9,11,-237,-28,13,-228,-29,13,-200,-24
298,744,0,44,-10,-42,93,-57,-58,144,-81,-71,184,-79,-83,86,-170,-15,96,-253,-32,96,-308,-49,98,-353,-63,59,-182,-8,69,-269,-39,60,-245,-56,56,-205,-59,30,-183,-5,40,-257,-32,35,-234,-37,33,-194,-31,2,-178,-7,11,-236,-26,13,-227,-27,13,-200,-22
298,744,0,44,-10,-43,93,-57,-59,145,-80,-73,184,-77,-85,87,-169,-17,98,-252,-35,99,-308,-51,100,-352,-65,60,-181,-10,72,-269,-42,63,-243,-59,58,-203,-61,31,-183,-7,42,-256,-34,38,-232,-39,34,-192,-33,2,-178,-9,13,-237,-28,15,-228,-29,15,-200,-24
298,743,0,44,-10,-43,94,-56,-59,146,-78,-73,185,-76,-85,88,-168,-17,99,-252,-35,99,-308,-52,101,-353,-66,60,-181,-10,73,-269,-42,64,-244,-60,59,-204,-63,32,-183,-7,44,-258,-35,39,-234,-40,36,-193,-35,3,-179,-8,14,-238,-27,16,-229,-29,16,-202,-25
298,743,0,43,-10,-45,94,-55,-62,145,-78,-75,185,-76,-87,88,-168,-18,99,-251,-35,100,-307,-52,101,-352,-66,60,-180,-10,73,-268,-42,64,-242,-60,59,-201,-63,32,-182,-5,43,-256,-34,39,-232,-40,36,-192,-35,2,-178,-6,14,-237,-26,16,-228,-28,16,-201,-24
298,742,0,44,-10,-44,93,-55,-60,145,-77,-74,185,-75,-86,88,-168,-18,100,-252,-34,100,-308,-51,102,-353,-66,60,-180,-10,73,-269,-42,65,-243,-61,60,-203,-64,32,-182,-6,44,-257,-34,40,-233,-41,37,-193,-36,2,-179,-8,14,-238,-27,16,-229,-29,16,-201,-25
298,742,0,44,-10,-44,93,-56,-61,146,-77,-74,185,-75,-87,88,-169,-18,99,-253,-35,100,-308,-52,101,-353,-66,60,-181,-10,73,-269,-42,66,-243,-61,60,-203,-65,32,-183,-7,43,-257,-35,41,-234,-41,37,-193,-36,2,-179,-8,13,-238,-28,16,-229,-30,15,-201,-26
298,740,0,43,-10,-43,94,-55,-60,146,-77,-74,186,-74,-87,88,-168,-18,99,-254,-36,100,-310,-53,102,-355,-68,60,-181,-11,73,-270,-44,66,-245,-63,60,-204,-67,31,-183,-8,43,-259,-37,40,-235,-43,37,-194,-38,2,-180,-10,14,-239,-30,17,-230,-32,16,-203,-28
297,739,0,43,-10,-44,94,-56,-61,146,-76,-75,186,-72,-88,89,-170,-19,100,-255,-36,101,-310,-54,103,-356,-68,61,-182,-11,73,-271,-45,67,-245,-64,61,-204,-68,32,-184,-8,43,-259,-37,41,-235,-44,38,-194,-39,2,-180,-10,14,-240,-30,16,-230,-32,16,-203,-29
297,740,0,43,-11,-43,93,-57,-60,146,-78,-74,186,-74,-87,89,-171,-19,100,-256,-37,101,-312,-55,103,-359,-69,61,-183,-12,74,-273,-46,67,-248,-64,61,-206,-68,32,-185,-10,44,-261,-39,41,-237,-44,37,-196,-39,2,-182,-12,14,-242,-33,18,-233,-34,17,-204,-30
297,739,0,44,-10,-43,94,-57,-60,146,-78,-74,186,-74,-87,89,-170,-18,100,-255,-36,101,-312,-53,102,-357,-68,61,-183,-11,74,-273,-44,67,-246,-62,61,-204,-66,32,-185,-9,44,-261,-37,41,-236,-43,36,-194,-37,2,-181,-11,14,-241,-30,17,-232,-32,16,-204,-28
297,740,0,43,-11,-41,94,-57,-57,146,-79,-71,185,-75,-84,90,-172,-17,101,-257,-35,102,-314,-53,103,-360,-67,62,-185,-12,75,-275,-45,68,-248,-63,62,-206,-66,33,-187,-10,45,-263,-39,42,-239,-44,38,-198,-38,2,-183,-13,15,-244,-33,18,-235,-34,18,-206,-29
297,741,0,43,-11,-42,94,-58,-58,146,-79,-73,185,-75,-85,89,-171,-18,100,-255,-36,101,-312,-54,103,-358,-68,62,-184,-12,75,-274,-45,67,-247,-62,61,-205,-64,33,-186,-10,44,-263,-38,42,-238,-41,37,-197,-35,2,-182,-13,14,-243,-32,17,-233,-33,17,-205,-28
297,738,0,45,-11,-40,95,-57,-57,147,-78,-71,186,-73,-85,90,-171,-17,101,-255,-35,102,-311,-52,103,-356,-66,62,-183,-11,75,-273,-44,67,-245,-60,62,-203,-62,34,-186,-10,45,-261,-37,42,-236,-40,37,-194,-33,3,-182,-13,15,-242,-32,17,-231,-32,17,-203,-27
297,739,0,44,-11,-42,94,-58,-58,146,-78,-72,186,-74,-85,90,-171,-17,101,-254,-35,103,-310,-52,104,-354,-66,62,-184,-11,75,-272,-43,68,-244,-59,62,-202,-61,34,-187,-8,45,-261,-36,42,-235,-39,37,-194,-32,3,-182,-11,14,-241,-30,17,-231,-31,17,-203,-25
297,737,0,44,-10,-39,95,-56,-55,147,-77,-68,186,-74,-81,90,-169,-14,101,-251,-32,103,-306,-48,105,-350,-62,63,-182,-9,75,-271,-42,67,-244,-60,62,-202,-62,34,-184,-8,45,-259,-37,42,-234,-41,37,-194,-34,4,-180,-12,14,-239,-32,18,-228,-32,18,-199,-27
297,736,0,44,-10,-38,96,-55,-53,148,-76,-66,186,-74,-77,89,-166,-12,100,-247,-29,101,-300,-44,103,-344,-57,62,-179,-7,73,-266,-40,66,-238,-56,61,-196,-58,33,-181,-7,44,-255,-36,41,-228,-39,37,-188,-31,4,-178,-11,14,-235,-31,16,-223,-31,16,-195,-24
297,735,0,46,-9,-35,99,-54,-47,149,-75,-58,187,-71,-69,89,-164,-8,101,-243,-23,103,-296,-38,105,-338,-50,63,-177,-5,75,-263,-38,68,-237,-55,61,-195,-57,35,-179,-6,45,-253,-35,42,-228,-40,38,-188,-33,4,-176,-12,14,-232,-31,16,-222,-32,17,-194,-27
290,773,0,54,-18,-18,100,-67,-26,142,-97,-38,173,-100,-51,67,-170,5,74,-238,-5,83,-285,-18,87,-324,-30,43,-178,-2,42,-257,-29,57,-228,-45,61,-184,-47,18,-174,-12,15,-246,-39,33,-216,-42,37,-176,-36,-9,-161,-25,-10,-224,-45,6,-207,-44,11,-174,-38
292,772,0,54,-18,-19,100,-67,-27,142,-97,-38,173,-101,-52,68,-174,4,74,-243,-7,83,-291,-20,86,-330,-33,43,-181,-3,41,-262,-31,57,-231,-47,61,-186,-50,17,-176,-13,14,-249,-40,33,-220,-45,37,-179,-39,-11,-164,-25,-13,-227,-46,4,-211,-47,9,-178,-42
293,775,0,54,-18,-19,99,-67,-27,141,-97,-38,171,-104,-51,68,-175,3,74,-244,-7,82,-292,-20,85,-331,-33,42,-182,-3,41,-261,-30,57,-229,-47,61,-185,-50,16,-177,-13,14,-250,-40,32,-220,-44,36,-179,-39,-11,-163,-24,-12,-227,-46,4,-210,-46,9,-176,-41
297,779,0,52,-15,-25,98,-63,-36,143,-92,-50,175,-96,-65,68,-169,-2,76,-238,-15,84,-285,-29,86,-324,-43,43,-177,-7,43,-256,-38,57,-224,-56,61,-179,-60,17,-173,-15,15,-245,-45,31,-216,-51,35,-175,-46,-12,-162,-27,-12,-223,-49,2,-207,-50,6,-175,-46
295,778,0,52,-16,-25,98,-63,-37,144,-90,-52,176,-94,-68,69,-168,-3,77,-236,-17,85,-284,-33,87,-321,-46,43,-175,-8,43,-254,-40,58,-223,-60,61,-177,-65,17,-171,-17,15,-243,-46,31,-214,-53,34,-174,-49,-12,-159,-28,-12,-219,-50,2,-204,-52,6,-173,-48
294,776,0,52,-15,-26,99,-62,-38,144,-89,-52,178,-92,-68,70,-168,-5,78,-237,-19,85,-284,-35,88,-323,-49,44,-176,-10,46,-255,-42,57,-223,-62,60,-178,-67,17,-172,-18,16,-243,-48,31,-216,-56,34,-175,-52,-12,-161,-28,-12,-221,-51,2,-205,-54,6,-173,-50
292,776,0,52,-16,-25,100,-63,-37,146,-90,-50,178,-91,-65,71,-170,-3,79,-238,-17,86,-286,-31,89,-325,-45,45,-179,-8,46,-258,-39,58,-226,-57,61,-181,-60,18,-175,-15,18,-246,-45,32,-218,-51,35,-177,-46,-12,-163,-26,-11,-223,-48,2,-208,-49,6,-175,-45
290,775,0,52,-16,-25,100,-62,-37,145,-89,-51,178,-91,-66,70,-168,-4,79,-236,-17,86,-284,-32,89,-323,-45,44,-177,-8,46,-256,-39,59,-224,-58,62,-179,-62,17,-173,-16,17,-244,-45,33,-216,-51,36,-176,-47,-12,-161,-27,-11,-221,-48,3,-206,-50,7,-174,-46
289,774,0,53,-16,-27,99,-61,-39,145,-88,-53,178,-91,-68,71,-169,-5,79,-237,-18,86,-284,-34,89,-324,-48,45,-177,-9,47,-255,-41,59,-224,-61,62,-179,-66,17,-173,-16,18,-244,-46,33,-216,-54,35,-176,-50,-12,-161,-26,-11,-222,-49,2,-207,-51,6,-175,-48
288,774,0,52,-16,-27,100,-61,-40,145,-87,-55,178,-90,-70,71,-168,-7,80,-237,-22,88,-285,-38,90,-324,-51,45,-176,-12,48,-257,-44,60,-225,-62,62,-179,-67,18,-172,-19,18,-245,-49,33,-217,-56,35,-177,-51,-12,-161,-29,-11,-222,-51,3,-208,-53,7,-176,-49
286,774,0,51,-15,-28,100,-61,-41,146,-87,-55,178,-90,-71,73,-168,-9,82,-236,-24,89,-284,-40,92,-323,-54,46,-176,-13,50,-257,-45,61,-225,-64,62,-179,-68,19,-172,-19,20,-245,-49,34,-218,-56,36,-177,-52,-11,-161,-29,-9,-222,-51,3,-208,-53,7,-176,-49
285,774,0,51,-15,-27,99,-60,-40,145,-86,-54,179,-90,-70,74,-166,-8,84,-234,-23,91,-281,-38,93,-321,-51,47,-176,-12,52,-256,-44,61,-223,-62,63,-178,-65,19,-172,-19,21,-244,-48,34,-215,-53,37,-175,-48,-11,-161,-28,-9,-222,-49,4,-208,-51,8,-177,-46
283,775,0,51,-15,-27,99,-61,-39,145,-87,-53,178,-90,-68,73,-164,-10,85,-231,-25,91,-279,-41,94,-319,-54,47,-174,-14,53,-254,-46,62,-225,-64,63,-180,-67,19,-171,-20,23,-244,-50,35,-218,-56,37,-177,-52,-11,-160,-30,-8,-222,-51,4,-210,-53,8,-179,-49
280,774,0,51,-15,-27,99,-61,-39,145,-86,-53,179,-88,-68,74,-161,-10,85,-228,-25,90,-275,-40,93,-315,-54,48,-171,-14,56,-252,-46,61,-223,-64,60,-179,-67,20,-168,-21,25,-241,-49,35,-215,-55,35,-175,-51,-10,-158,-30,-7,-220,-51,4,-208,-52,7,-177,-48
280,774,0,48,-14,-29,98,-61,-41,144,-87,-54,178,-90,-68,74,-162,-11,86,-230,-25,91,-278,-39,94,-316,-52,48,-172,-13,57,-253,-44,61,-228,-62,61,-185,-67,21,-170,-19,26,-243,-45,34,-221,-52,35,-182,-48,-10,-162,-27,-7,-222,-47,2,-213,-49,6,-185,-46
282,772,0,49,-15,-27,97,-63,-37,142,-92,-48,175,-97,-60,75,-163,-9,88,-232,-23,94,-280,-38,98,-317,-51,49,-174,-12,57,-254,-39,60,-238,-56,60,-201,-62,22,-172,-17,26,-246,-41,32,-230,-48,33,-192,-48,-9,-163,-26,-7,-223,-46,0,-215,-50,3,-185,-49
284,769,0,49,-16,-26,98,-63,-36,143,-92,-47,174,-97,-59,78,-163,-10,92,-234,-23,98,-280,-38,103,-317,-52,51,-173,-13,60,-256,-41,62,-237,-58,60,-200,-62,23,-171,-18,28,-248,-44,33,-227,-50,33,-189,-47,-9,-162,-27,-7,-223,-49,0,-211,-52,2,-180,-50
294,757,0,50,-19,-22,98,-66,-30,141,-95,-40,173,-100,-51,82,-162,0,96,-228,-13,101,-269,-25,105,-307,-37,55,-173,-5,63,-251,-35,63,-228,-50,61,-195,-52,25,-171,-13,30,-236,-45,31,-197,-46,28,-158,-37,-5,-161,-24,-2,-213,-48,2,-184,-46,2,-151,-38
295,754,0,51,-20,-21,100,-66,-28,142,-93,-39,173,-99,-49,84,-163,1,97,-228,-12,102,-270,-25,105,-307,-36,56,-173,-5,64,-251,-34,63,-227,-49,60,-192,-51,26,-172,-13,30,-237,-45,30,-198,-45,28,-158,-36,-5,-160,-24,-2,-213,-48,1,-185,-46,1,-151,-38
296,751,0,51,-19,-21,99,-65,-29,142,-94,-40,174,-99,-51,84,-163,0,98,-230,-13,103,-271,-25,106,-308,-37,56,-174,-5,64,-251,-35,64,-227,-50,60,-193,-52,26,-172,-13,31,-238,-45,31,-198,-46,29,-158,-37,-5,-161,-24,-2,-214,-49,2,-186,-47,2,-152,-39
297,748,0,51,-18,-21,99,-64,-29,142,-93,-40,174,-99,-51,84,-162,1,97,-228,-13,102,-270,-25,107,-307,-37,56,-172,-5,64,-250,-35,64,-225,-50,61,-191,-52,26,-170,-13,31,-237,-45,31,-196,-46,28,-156,-36,-5,-160,-24,-2,-212,-49,2,-185,-47,2,-150,-39
296,747,0,52,-18,-21,99,-64,-29,141,-93,-39,174,-99,-50,84,-161,1,97,-228,-12,103,-270,-24,108,-307,-36,57,-172,-4,65,-250,-34,64,-225,-49,62,-190,-51,27,-170,-12,32,-237,-44,32,-197,-45,29,-156,-36,-5,-160,-23,-1,-212,-48,2,-185,-47,3,-151,-39
297,745,0,51,-18,-21,100,-64,-29,142,-92,-39,174,-98,-51,84,-162,1,97,-230,-12,103,-272,-25,107,-309,-36,57,-173,-5,66,-251,-35,65,-225,-50,61,-190,-52,26,-171,-13,33,-239,-45,33,-198,-46,30,-157,-37,-6,-160,-24,-3,-214,-49,2,-186,-47,3,-153,-39
296,744,0,52,-18,-20,100,-65,-28,143,-93,-38,174,-98,-50,85,-162,2,98,-228,-12,103,-270,-24,108,-308,-35,57,-172,-4,66,-249,-35,65,-223,-50,62,-188,-52,27,-170,-13,33,-238,-45,32,-197,-46,30,-155,-36,-5,-160,-25,-2,-213,-49,2,-185,-47,3,-152,-38
297,740,0,51,-18,-21,100,-63,-29,142,-92,-40,175,-97,-52,84,-161,1,97,-229,-13,103,-271,-26,107,-309,-37,57,-172,-5,66,-249,-37,65,-222,-52,62,-186,-54,26,-170,-14,33,-239,-47,33,-197,-47,30,-156,-37,-6,-159,-26,-3,-213,-50,1,-185,-48,2,-151,-40
297,737,0,51,-18,-21,99,-64,-30,142,-91,-42,176,-95,-54,84,-160,0,97,-228,-15,102,-271,-28,107,-308,-39,57,-171,-6,65,-249,-38,64,-219,-53,60,-182,-53,26,-169,-15,33,-237,-48,32,-196,-47,28,-156,-36,-6,-159,-26,-3,-212,-51,1,-184,-48,1,-150,-39
296,736,0,51,-19,-22,99,-64,-31,142,-92,-42,175,-96,-55,84,-160,0,97,-228,-14,102,-270,-27,106,-307,-38,56,-171,-5,65,-249,-37,63,-220,-52,59,-182,-53,26,-169,-14,33,-237,-46,32,-197,-46,28,-156,-36,-6,-159,-25,-3,-212,-49,1,-185,-46,2,-152,-37
296,731,0,51,-18,-23,100,-63,-32,143,-90,-44,176,-94,-57,85,-160,-2,97,-227,-17,102,-270,-30,106,-307,-41,56,-170,-7,66,-248,-39,63,-219,-54,58,-181,-55,26,-168,-15,33,-237,-47,32,-198,-47,29,-157,-37,-6,-159,-26,-3,-211,-49,1,-185,-47,1,-153,-38
297,728,0,51,-18,-22,99,-64,-31,143,-91,-43,175,-96,-55,84,-160,-2,97,-228,-17,102,-272,-30,106,-309,-41,56,-170,-8,65,-249,-39,63,-218,-54,59,-179,-54,25,-169,-16,32,-237,-47,32,-197,-46,28,-157,-36,-7,-158,-27,-4,-212,-50,0,-187,-46,1,-154,-37
296,728,0,51,-19,-21,99,-65,-30,142,-93,-41,175,-97,-54,83,-160,-1,96,-228,-15,102,-271,-28,105,-308,-38,56,-171,-6,65,-249,-38,63,-217,-52,58,-179,-52,25,-169,-14,32,-238,-46,32,-197,-45,29,-157,-34,-7,-159,-25,-3,-213,-48,1,-187,-44,2,-155,-35
296,727,0,51,-19,-21,99,-66,-30,141,-93,-41,174,-98,-53,83,-161,0,95,-229,-15,100,-271,-27,104,-308,-37,56,-172,-6,65,-248,-37,62,-215,-51,57,-177,-51,26,-170,-14,33,-237,-45,32,-195,-43,27,-156,-32,-7,-161,-24,-4,-213,-46,0,-187,-42,0,-156,-32
295,726,0,51,-19,-21,99,-65,-30,142,-93,-41,175,-97,-53,83,-160,0,96,-227,-14,100,-269,-26,105,-307,-37,56,-171,-5,66,-247,-36,62,-212,-50,56,-175,-49,26,-170,-13,33,-236,-44,31,-193,-41,27,-155,-28,-6,-160,-23,-3,-212,-44,0,-185,-39,0,-155,-28
296,725,0,50,-19,-22,98,-65,-31,142,-92,-43,175,-96,-55,83,-161,0,96,-228,-15,100,-271,-27,105,-309,-38,56,-172,-5,66,-247,-37,61,-214,-51,56,-175,-50,26,-171,-13,33,-237,-44,31,-195,-42,27,-156,-30,-7,-162,-23,-3,-214,-44,0,-186,-40,0,-156,-29
296,725,0,50,-19,-23,98,-65,-32,142,-93,-44,175,-97,-56,83,-161,-1,96,-229,-16,100,-272,-28,103,-310,-39,56,-171,-5,66,-249,-38,61,-214,-51,56,-176,-50,26,-171,-13,33,-238,-44,31,-196,-42,27,-157,-30,-6,-162,-23,-3,-214,-44,0,-187,-40,0,-157,-29
296,725,0,51,-19,-21,98,-64,-30,142,-92,-42,175,-97,-54,84,-160,0,96,-229,-14,100,-271,-26,104,-309,-37,57,-171,-5,67,-246,-35,63,-211,-49,58,-174,-48,27,-170,-12,35,-237,-43,33,-195,-40,29,-156,-28,-6,-161,-23,-2,-214,-44,2,-187,-39,2,-156,-29
297,724,0,51,-19,-23,98,-64,-33,142,-91,-45,176,-95,-57,84,-161,-1,96,-231,-15,100,-274,-28,104,-313,-39,58,-172,-5,68,-249,-37,64,-212,-51,60,-173,-50,28,-172,-12,35,-239,-43,34,-197,-42,30,-157,-30,-5,-163,-22,-2,-216,-44,1,-189,-39,1,-157,-29
297,725,0,51,-19,-22,98,-63,-32,142,-91,-44,175,-96,-56,84,-161,0,96,-230,-14,100,-272,-26,103,-312,-37,57,-172,-4,67,-247,-35,64,-209,-48,59,-170,-47,28,-171,-11,36,-238,-42,33,-195,-39,30,-156,-27,-5,-162,-21,-2,-215,-42,2,-188,-37,2,-158,-27
298,723,0,52,-19,-23,99,-63,-33,143,-90,-45,177,-93,-57,85,-161,0,96,-230,-15,100,-274,-27,104,-311,-38,58,-172,-4,68,-246,-36,63,-207,-50,58,-169,-49,28,-171,-12,35,-236,-43,33,-194,-40,29,-155,-28,-5,-163,-22,-2,-215,-43,1,-188,-38,1,-157,-28
298,724,0,51,-19,-22,100,-63,-32,143,-89,-44,177,-93,-56,85,-161,1,96,-229,-13,100,-273,-25,103,-310,-36,57,-171,-3,68,-244,-36,63,-207,-50,58,-167,-49,28,-171,-10,35,-236,-42,33,-194,-41,29,-155,-29,-5,-163,-20,-1,-214,-42,1,-187,-37,1,-157,-27
298,725,0,51,-19,-22,99,-63,-32,143,-89,-44,177,-92,-56,83,-160,1,95,-229,-13,99,-271,-25,102,-309,-35,57,-170,-3,67,-245,-37,62,-206,-51,57,-166,-50,26,-169,-11,34,-234,-44,32,-192,-43,28,-154,-31,-6,-161,-21,-3,-214,-43,1,-187,-39,0,-157,-29
297,725,0,51,-19,-22,100,-61,-31,145,-87,-43,178,-90,-56,84,-161,2,95,-229,-12,100,-272,-25,103,-310,-35,57,-170,-3,67,-244,-36,63,-204,-51,57,-164,-50,26,-169,-11,34,-233,-44,33,-190,-43,29,-152,-31,-6,-161,-21,-3,-213,-43,2,-186,-39,2,-156,-29
295,725,0,54,-19,-19,103,-60,-28,147,-84,-39,179,-90,-51,85,-161,4,97,-229,-9,101,-272,-21,104,-310,-32,57,-171,-2,67,-241,-33,63,-201,-47,57,-162,-47,27,-170,-10,35,-232,-41,34,-188,-40,29,-149,-28,-6,-160,-21,-1,-213,-41,2,-185,-36,2,-154,-26
294,728,0,54,-19,-18,104,-59,-25,148,-82,-36,179,-88,-47,86,-163,6,97,-231,-7,101,-273,-19,105,-312,-29,58,-173,0,69,-245,-31,64,-205,-45,57,-164,-45,28,-173,-9,36,-237,-40,34,-191,-38,30,-152,-27,-5,-163,-19,0,-216,-40,4,-188,-35,3,-157,-25
293,727,0,54,-19,-19,105,-55,-27,150,-77,-38,181,-85,-50,86,-162,3,99,-230,-10,102,-272,-22,105,-311,-33,58,-173,-2,70,-245,-34,65,-205,-48,58,-164,-48,28,-172,-10,35,-235,-42,34,-190,-41,29,-151,-29,-6,-163,-21,0,-218,-42,3,-189,-36,3,-157,-26
283,735,0,55,-19,-19,108,-55,-28,153,-73,-40,185,-76,-52,88,-164,4,101,-233,-10,105,-276,-23,109,-314,-34,61,-174,-2,73,-245,-33,70,-203,-49,63,-161,-49,29,-174,-10,40,-237,-42,39,-190,-42,34,-151,-31,-5,-164,-21,2,-220,-43,8,-191,-38,7,-160,-28
281,734,0,54,-19,-21,108,-54,-31,154,-69,-44,186,-73,-58,87,-162,2,99,-232,-13,105,-275,-26,109,-314,-37,60,-173,-3,72,-244,-35,70,-201,-51,64,-159,-51,29,-172,-11,39,-235,-44,40,-188,-44,35,-149,-33,-6,-163,-21,1,-217,-44,8,-189,-40,7,-159,-30
278,732,0,54,-17,-22,108,-51,-34,154,-67,-47,186,-71,-62,87,-161,-1,99,-231,-16,106,-274,-29,109,-313,-39,60,-171,-5,73,-242,-38,70,-198,-53,64,-157,-53,29,-170,-13,40,-233,-45,40,-186,-45,35,-146,-34,-5,-161,-22,2,-216,-45,9,-187,-41,9,-157,-31
275,732,0,56,-19,-21,108,-51,-32,155,-66,-46,187,-69,-60,89,-161,0,100,-231,-14,106,-274,-26,111,-312,-37,60,-172,-4,73,-241,-34,70,-195,-48,65,-155,-47,30,-171,-12,41,-233,-43,41,-184,-41,35,-145,-29,-4,-161,-22,3,-215,-43,9,-185,-38,10,-155,-28
271,734,0,57,-19,-20,108,-51,-31,156,-66,-44,187,-69,-58,89,-160,3,101,-231,-11,107,-273,-24,111,-311,-34,61,-172,-2,74,-240,-32,72,-196,-46,66,-155,-47,31,-170,-11,41,-232,-41,42,-185,-40,36,-145,-29,-3,-160,-21,4,-216,-42,12,-186,-38,12,-155,-27
270,736,0,57,-18,-20,109,-51,-30,156,-67,-43,188,-68,-57,89,-163,2,101,-233,-11,108,-275,-23,111,-314,-34,61,-173,-3,74,-241,-32,71,-197,-46,66,-156,-46,30,-172,-11,41,-234,-41,42,-185,-40,37,-146,-29,-4,-161,-21,3,-217,-42,11,-188,-38,12,-157,-28
268,741,0,56,-20,-21,107,-51,-32,154,-68,-47,187,-71,-62,88,-161,1,100,-229,-13,106,-271,-25,109,-309,-36,61,-172,-4,73,-238,-32,70,-193,-44,65,-155,-43,31,-170,-12,41,-231,-41,42,-184,-38,36,-147,-26,-3,-160,-23,3,-215,-43,11,-186,-37,13,-156,-26
267,744,0,57,-21,-21,107,-52,-32,154,-68,-47,187,-70,-63,87,-161,3,99,-229,-11,105,-271,-24,110,-308,-34,60,-171,-3,72,-236,-31,69,-191,-43,64,-153,-42,31,-170,-11,40,-231,-41,41,-183,-38,36,-146,-26,-2,-159,-22,4,-214,-42,11,-185,-36,12,-154,-25
268,745,0,56,-19,-22,107,-50,-35,153,-67,-50,187,-71,-66,86,-160,1,98,-227,-14,104,-268,-27,109,-305,-38,59,-170,-4,71,-235,-35,68,-190,-48,62,-152,-48,30,-170,-12,39,-229,-44,40,-182,-42,35,-144,-30,-3,-160,-23,2,-214,-44,10,-185,-39,10,-154,-28
268,749,0,55,-21,-23,106,-50,-36,152,-66,-51,186,-74,-67,85,-160,1,98,-227,-14,104,-268,-26,108,-304,-36,59,-171,-4,71,-235,-33,68,-190,-45,63,-152,-44,30,-169,-12,40,-229,-43,40,-181,-40,35,-145,-27,-3,-160,-22,2,-215,-43,10,-185,-36,10,-156,-25
269,754,0,55,-18,-23,107,-48,-35,151,-67,-50,183,-80,-65,86,-159,-1,99,-226,-17,105,-267,-30,109,-305,-41,59,-170,-6,74,-237,-38,70,-194,-52,63,-155,-51,29,-170,-14,42,-232,-48,41,-185,-46,35,-148,-33,-4,-161,-25,3,-216,-48,10,-187,-42,10,-156,-30
269,754,0,55,-18,-23,108,-46,-35,151,-65,-50,184,-79,-64,87,-160,-2,101,-227,-16,107,-268,-29,112,-305,-39,60,-171,-6,75,-235,-36,71,-192,-48,65,-153,-47,30,-170,-14,42,-230,-45,42,-184,-42,36,-147,-29,-3,-160,-24,4,-215,-45,11,-186,-38,10,-155,-25
272,758,0,55,-16,-24,109,-43,-37,153,-62,-52,185,-76,-67,88,-158,-3,103,-224,-18,111,-265,-31,117,-301,-42,61,-170,-7,77,-235,-39,74,-190,-52,67,-151,-52,31,-170,-15,44,-231,-48,44,-183,-45,38,-146,-33,-3,-162,-25,5,-216,-47,12,-186,-41,11,-156,-29
272,757,0,56,-16,-22,109,-43,-35,153,-60,-50,186,-74,-66,89,-158,-2,104,-225,-18,112,-266,-31,117,-303,-41,62,-171,-7,78,-234,-38,75,-190,-51,68,-151,-50,32,-171,-15,45,-231,-47,45,-183,-44,38,-146,-32,-2,-161,-26,6,-215,-47,12,-184,-40,12,-154,-28
273,757,0,55,-16,-23,108,-44,-37,153,-61,-53,185,-74,-69,88,-156,-5,104,-223,-22,111,-264,-35,117,-301,-45,61,-169,-10,77,-234,-42,75,-189,-55,68,-150,-55,31,-169,-18,44,-231,-51,44,-183,-48,38,-145,-35,-3,-161,-28,5,-215,-50,12,-186,-44,11,-155,-32
272,756,0,55,-16,-24,108,-43,-37,153,-59,-52,186,-73,-67,88,-157,-4,105,-223,-20,113,-264,-33,119,-302,-43,62,-170,-8,78,-234,-39,76,-188,-52,68,-150,-51,32,-170,-16,45,-229,-49,45,-181,-46,38,-145,-33,-2,-162,-26,7,-215,-48,13,-184,-41,12,-154,-29
274,755,0,55,-16,-24,108,-44,-37,153,-61,-53,185,-74,-69,87,-158,-5,103,-224,-21,111,-265,-34,117,-303,-44,61,-170,-9,77,-234,-41,74,-189,-54,67,-150,-53,30,-170,-16,44,-230,-50,44,-183,-46,38,-145,-34,-3,-162,-26,5,-215,-49,12,-185,-42,11,-155,-30
274,755,0,54,-17,-24,107,-45,-38,153,-62,-54,186,-73,-71,87,-159,-4,103,-225,-20,110,-267,-34,117,-304,-44,60,-171,-8,77,-235,-41,74,-189,-54,66,-150,-54,30,-171,-16,44,-231,-50,43,-183,-48,37,-145,-35,-4,-163,-26,5,-217,-50,12,-187,-43,10,-157,-31
273,754,0,54,-16,-24,106,-46,-38,152,-62,-55,186,-73,-71,86,-159,-4,103,-225,-20,111,-267,-34,116,-304,-44,60,-170,-8,76,-234,-41,73,-188,-54,66,-150,-54,30,-171,-16,44,-231,-50,44,-182,-47,38,-145,-35,-4,-163,-26,5,-217,-49,12,-186,-43,10,-156,-31
273,753,0,54,-17,-23,107,-47,-37,152,-64,-53,185,-74,-69,86,-161,-3,102,-227,-19,110,-268,-33,116,-305,-44,59,-172,-8,75,-237,-41,73,-191,-55,67,-151,-55,29,-172,-16,43,-232,-51,43,-184,-49,37,-146,-36,-5,-164,-27,4,-218,-50,11,-188,-43,10,-157,-32
274,750,0,53,-17,-24,106,-47,-38,151,-64,-54,185,-75,-71,86,-161,-4,101,-228,-20,109,-269,-34,115,-307,-45,58,-173,-8,75,-237,-42,72,-192,-55,64,-153,-55,28,-173,-16,41,-232,-50,42,-185,-48,36,-148,-36,-6,-165,-26,2,-218,-49,9,-188,-43,8,-157,-31
274,748,0,53,-17,-24,106,-47,-38,151,-64,-54,185,-75,-71,86,-162,-4,102,-230,-21,110,-272,-34,115,-311,-45,58,-174,-9,75,-238,-42,72,-192,-56,64,-152,-55,27,-174,-17,41,-234,-51,41,-186,-48,36,-149,-36,-6,-166,-27,2,-219,-50,9,-189,-43,8,-159,-32
273,747,0,53,-16,-25,107,-46,-39,152,-64,-55,185,-76,-71,86,-161,-7,102,-229,-23,110,-272,-37,116,-310,-48,59,-173,-11,76,-238,-45,72,-194,-59,64,-153,-58,28,-172,-18,42,-233,-53,41,-186,-51,35,-149,-39,-6,-165,-28,2,-218,-51,8,-188,-46,7,-158,-35
273,746,0,53,-16,-25,107,-46,-39,152,-63,-55,185,-76,-71,87,-162,-6,103,-231,-23,110,-273,-36,115,-311,-47,59,-174,-11,76,-238,-44,73,-193,-58,64,-153,-58,28,-173,-18,41,-234,-52,42,-187,-50,36,-149,-39,-6,-165,-27,2,-219,-51,8,-189,-45,7,-159,-34
273,746,0,52,-16,-25,106,-47,-40,152,-64,-56,185,-76,-73,86,-162,-8,102,-231,-25,109,-274,-38,115,-312,-49,58,-174,-12,76,-238,-46,72,-193,-59,64,-153,-59,28,-174,-19,42,-235,-53,41,-188,-51,34,-150,-39,-7,-166,-29,2,-220,-52,8,-191,-46,6,-160,-35
273,746,0,53,-16,-24,107,-48,-39,152,-65,-55,185,-76,-71,86,-163,-7,101,-232,-24,109,-274,-37,115,-313,-47,58,-175,-11,76,-238,-45,72,-193,-58,64,-153,-58,28,-174,-19,42,-235,-52,41,-188,-50,35,-150,-38,-7,-167,-28,2,-220,-51,8,-191,-46,6,-160,-35
272,746,0,53,-17,-24,107,-47,-38,151,-64,-54,184,-77,-70,86,-162,-6,101,-230,-22,109,-272,-35,114,-310,-46,59,-174,-10,76,-237,-43,72,-191,-56,64,-152,-56,28,-174,-18,42,-234,-51,41,-187,-49,35,-149,-36,-6,-166,-27,2,-220,-50,9,-190,-44,8,-159,-33
272,746,0,52,-17,-24,105,-48,-38,151,-65,-54,184,-77,-70,85,-161,-5,101,-229,-22,108,-271,-35,113,-309,-46,58,-173,-10,75,-236,-43,72,-192,-57,63,-153,-58,27,-173,-17,42,-233,-51,41,-187,-49,35,-149,-37,-6,-166,-27,2,-219,-50,8,-190,-45,7,-159,-34
271,745,0,53,-17,-24,106,-47,-37,152,-65,-53,184,-77,-69,86,-161,-5,101,-229,-21,108,-270,-34,114,-308,-45,59,-172,-9,76,-236,-43,72,-191,-57,64,-152,-57,28,-172,-17,42,-232,-51,42,-186,-49,35,-148,-37,-6,-164,-27,2,-218,-50,9,-188,-44,8,-158,-33
271,746,0,53,-16,-24,106,-47,-37,151,-65,-53,184,-78,-68,85,-160,-5,101,-227,-20,108,-269,-33,113,-307,-44,58,-171,-9,75,-235,-42,71,-191,-55,63,-152,-55,29,-171,-16,42,-232,-50,42,-186,-47,35,-148,-35,-6,-163,-26,2,-217,-49,8,-188,-43,7,-157,-32
270,747,0,53,-16,-24,107,-47,-37,151,-65,-52,184,-78,-67,86,-159,-4,101,-226,-20,108,-268,-32,113,-306,-43,59,-170,-9,75,-233,-41,71,-189,-54,63,-150,-53,28,-170,-16,42,-231,-48,41,-186,-46,36,-149,-34,-5,-163,-25,3,-217,-48,9,-188,-42,8,-157,-31
270,748,0,54,-16,-23,107,-46,-36,151,-65,-51,184,-78,-66,86,-160,-3,101,-228,-19,108,-269,-31,114,-307,-41,59,-172,-8,76,-234,-39,71,-189,-52,63,-150,-51,29,-172,-15,42,-232,-48,42,-186,-45,35,-148,-33,-5,-164,-24,4,-217,-47,10,-187,-41,8,-157,-30
270,749,0,54,-17,-24,106,-46,-37,152,-65,-52,184,-77,-67,86,-161,-3,101,-228,-17,108,-269,-29,113,-306,-39,58,-172,-6,74,-234,-38,71,-189,-51,63,-150,-51,29,-172,-13,42,-232,-47,41,-185,-44,34,-147,-32,-5,-165,-23,4,-218,-46,9,-188,-40,8,-157,-28
270,751,0,53,-17,-25,106,-47,-38,152,-65,-54,184,-77,-70,84,-161,-5,100,-229,-20,107,-270,-32,112,-308,-42,57,-172,-8,74,-237,-41,70,-191,-54,63,-151,-53,27,-172,-15,42,-232,-48,41,-185,-46,34,-148,-34,-6,-165,-24,3,-218,-47,9,-188,-41,7,-158,-30
270,753,0,53,-17,-26,106,-47,-40,151,-66,-56,184,-78,-72,83,-161,-6,98,-229,-22,106,-270,-35,111,-308,-45,56,-172,-9,73,-236,-42,70,-191,-56,62,-150,-55,26,-172,-16,41,-233,-50,41,-186,-48,34,-148,-36,-8,-164,-25,2,-218,-49,8,-189,-44,6,-158,-33
269,755,0,52,-17,-26,105,-48,-41,151,-67,-57,184,-78,-74,83,-160,-6,97,-228,-23,105,-270,-36,110,-308,-46,56,-171,-10,73,-234,-43,69,-188,-56,62,-149,-55,26,-171,-16,40,-231,-50,40,-184,-48,34,-146,-35,-7,-163,-25,2,-216,-49,8,-186,-43,6,-156,-31
270,755,0,52,-17,-26,105,-47,-41,151,-65,-58,184,-78,-74,82,-161,-7,96,-229,-24,104,-271,-37,109,-309,-47,55,-172,-10,72,-235,-44,69,-188,-57,61,-148,-56,25,-171,-17,40,-231,-51,40,-184,-49,32,-146,-36,-9,-163,-25,1,-216,-49,7,-185,-43,5,-155,-32
271,757,0,51,-17,-26,105,-48,-40,151,-66,-57,184,-79,-73,81,-162,-7,96,-230,-23,103,-272,-36,108,-310,-46,54,-172,-10,72,-235,-44,68,-188,-57,60,-148,-56,24,-171,-17,39,-231,-52,39,-182,-50,32,-145,-37,-10,-163,-26,0,-217,-50,6,-185,-44,4,-155,-33
270,759,0,52,-16,-26,105,-48,-41,150,-66,-57,184,-79,-74,80,-159,-8,94,-226,-24,101,-268,-37,107,-304,-47,54,-169,-11,71,-230,-45,68,-184,-57,59,-145,-56,25,-169,-17,40,-226,-52,39,-179,-49,32,-142,-36,-8,-161,-26,1,-212,-50,7,-182,-44,5,-152,-32
269,761,0,53,-18,-26,105,-48,-41,152,-65,-58,185,-76,-75,81,-159,-7,95,-228,-23,102,-270,-36,108,-306,-46,55,-170,-10,71,-230,-43,68,-181,-53,61,-143,-51,25,-169,-17,40,-227,-51,40,-178,-46,33,-141,-32,-8,-161,-26,1,-212,-49,8,-181,-42,7,-151,-30
269,764,0,51,-18,-27,104,-49,-43,151,-65,-60,185,-76,-78,80,-157,-7,93,-225,-24,100,-266,-37,105,-303,-47,53,-168,-10,70,-229,-44,67,-180,-55,60,-142,-53,24,-167,-17,39,-225,-52,39,-177,-47,32,-140,-33,-8,-160,-26,1,-210,-50,8,-179,-44,7,-150,-31
267,765,0,53,-19,-26,105,-49,-40,151,-66,-57,185,-76,-74,80,-156,-6,94,-225,-23,101,-267,-35,106,-304,-45,55,-167,-9,71,-227,-41,68,-177,-51,60,-139,-48,26,-166,-16,41,-223,-50,41,-173,-44,34,-138,-30,-6,-159,-26,2,-209,-49,9,-178,-41,9,-149,-28
267,768,0,53,-19,-26,104,-49,-42,151,-67,-59,184,-78,-76,79,-157,-7,93,-225,-24,100,-266,-37,105,-303,-47,54,-167,-10,70,-227,-43,67,-179,-54,60,-141,-51,25,-167,-17,39,-224,-51,40,-175,-46,33,-139,-32,-7,-158,-26,1,-209,-50,9,-179,-43,9,-150,-31
268,770,0,53,-18,-26,105,-49,-41,151,-67,-58,184,-79,-74,79,-158,-8,93,-228,-25,100,-269,-38,106,-306,-48,53,-169,-11,70,-230,-45,67,-180,-56,60,-141,-54,24,-167,-18,38,-226,-53,39,-177,-48,32,-140,-34,-8,-159,-28,0,-211,-52,7,-181,-45,7,-151,-33
267,772,0,53,-18,-26,105,-49,-40,151,-67,-56,184,-78,-73,80,-158,-8,93,-227,-25,101,-269,-38,106,-306,-48,54,-169,-11,71,-230,-44,67,-181,-55,59,-140,-52,25,-168,-18,39,-226,-53,39,-176,-48,32,-140,-34,-8,-159,-27,1,-211,-51,8,-181,-44,7,-150,-32
268,774,0,53,-18,-25,105,-48,-40,151,-66,-56,184,-78,-72,80,-159,-8,94,-229,-25,101,-270,-37,107,-308,-47,54,-170,-11,71,-231,-44,67,-181,-54,60,-142,-52,25,-169,-18,39,-227,-52,39,-178,-47,32,-141,-32,-8,-160,-27,1,-212,-50,7,-181,-43,7,-151,-31
269,775,0,53,-18,-24,105,-48,-39,152,-65,-55,184,-78,-71,81,-160,-7,95,-231,-24,102,-272,-36,107,-310,-45,55,-171,-11,72,-232,-43,67,-181,-53,60,-142,-50,25,-170,-18,39,-228,-51,39,-178,-46,32,-141,-31,-8,-162,-27,1,-213,-50,8,-181,-42,7,-151,-29
268,776,0,54,-18,-24,106,-47,-38,152,-65,-53,184,-78,-70,82,-160,-7,96,-231,-23,103,-272,-35,109,-309,-44,55,-171,-11,74,-231,-42,69,-181,-51,61,-141,-48,26,-170,-18,41,-228,-50,40,-177,-44,33,-141,-29,-7,-160,-27,2,-213,-49,9,-181,-41,8,-150,-28
269,779,0,53,-19,-24,105,-48,-38,151,-66,-54,184,-78,-71,82,-160,-7,96,-232,-23,103,-274,-35,109,-311,-45,55,-171,-11,74,-232,-44,69,-182,-54,61,-143,-51,26,-171,-18,40,-229,-52,39,-180,-46,34,-143,-31,-7,-162,-28,2,-215,-50,8,-182,-43,8,-152,-30
266,779,0,56,-21,-20,107,-49,-33,153,-66,-48,185,-75,-65,84,-160,-4,99,-232,-20,107,-272,-32,111,-309,-41,59,-171,-10,77,-229,-39,70,-178,-47,62,-140,-44,29,-170,-18,43,-228,-49,42,-176,-40,35,-140,-25,-4,-159,-29,5,-211,-49,12,-178,-38,12,-148,-24
268,779,0,55,-20,-21,108,-51,-34,154,-66,-49,187,-70,-65,85,-163,-4,100,-235,-19,108,-276,-30,113,-313,-39,58,-174,-9,75,-234,-38,71,-181,-47,63,-142,-43,29,-173,-17,42,-230,-47,42,-178,-40,37,-142,-25,-4,-163,-27,4,-215,-47,11,-182,-37,12,-152,-24
268,778,0,57,-21,-19,108,-50,-31,155,-65,-45,188,-66,-60,86,-162,-2,101,-233,-17,108,-274,-28,113,-311,-37,60,-173,-7,77,-231,-35,71,-178,-42,63,-140,-38,31,-172,-16,45,-228,-45,43,-176,-37,37,-141,-21,-3,-161,-26,6,-213,-45,13,-180,-34,14,-150,-19
268,777,0,58,-21,-19,111,-51,-30,158,-63,-44,191,-60,-58,89,-163,-3,105,-236,-18,113,-277,-30,118,-314,-39,62,-174,-9,81,-234,-38,75,-181,-45,67,-142,-42,32,-174,-18,47,-232,-47,46,-179,-40,40,-142,-25,-1,-164,-29,8,-216,-47,15,-183,-37,16,-152,-23
273,770,0,60,-19,-18,114,-50,-27,163,-56,-39,194,-45,-51,94,-166,-4,112,-241,-20,121,-284,-32,127,-323,-43,67,-177,-10,88,-238,-39,82,-183,-47,72,-142,-43,36,-177,-20,52,-238,-50,52,-182,-43,44,-145,-29,0,-166,-31,12,-222,-51,19,-186,-42,19,-156,-30
277,771,0,57,-18,-20,113,-51,-30,162,-56,-42,194,-46,-55,92,-167,-6,110,-242,-23,120,-285,-34,126,-324,-44,65,-178,-12,86,-242,-44,81,-185,-53,71,-142,-49,34,-177,-21,51,-239,-54,51,-183,-49,43,-144,-35,-1,-168,-32,10,-224,-55,18,-189,-47,17,-157,-36
278,769,0,58,-18,-19,113,-49,-29,162,-55,-41,195,-44,-55,92,-164,-7,111,-241,-24,121,-284,-36,127,-323,-45,66,-176,-13,87,-238,-44,81,-183,-52,71,-141,-49,34,-176,-22,52,-237,-54,50,-181,-47,43,-143,-33,-1,-166,-33,10,-221,-55,18,-187,-46,17,-155,-34
280,769,0,57,-18,-19,113,-49,-29,162,-54,-41,195,-43,-54,91,-166,-6,109,-241,-22,119,-283,-33,126,-323,-43,64,-177,-12,85,-240,-42,80,-184,-50,70,-142,-47,33,-177,-21,50,-236,-52,50,-181,-47,42,-143,-33,-1,-167,-31,9,-223,-53,17,-188,-45,16,-157,-33
279,768,0,59,-19,-18,113,-49,-27,162,-54,-38,195,-43,-50,92,-164,-5,110,-240,-20,120,-282,-31,126,-320,-40,65,-175,-10,85,-237,-39,80,-181,-46,71,-140,-42,35,-175,-19,51,-234,-49,50,-178,-43,42,-141,-29,0,-164,-30,10,-220,-51,19,-185,-43,19,-154,-31
280,768,0,60,-19,-18,113,-48,-27,162,-54,-38,195,-42,-51,92,-164,-5,110,-240,-21,119,-282,-32,126,-321,-42,65,-175,-12,86,-237,-41,80,-181,-49,72,-139,-45,34,-175,-21,51,-235,-52,50,-178,-46,43,-140,-32,0,-165,-32,10,-221,-54,19,-187,-47,19,-155,-35
281,768,0,59,-18,-18,113,-47,-27,162,-53,-39,195,-43,-52,91,-163,-5,108,-238,-20,118,-280,-31,124,-319,-40,65,-175,-11,85,-236,-40,80,-180,-47,71,-139,-43,34,-174,-21,50,-234,-51,49,-178,-44,42,-139,-30,0,-163,-32,9,-220,-53,19,-185,-45,19,-154,-33
281,769,0,59,-18,-18,113,-48,-27,163,-54,-38,195,-44,-50,91,-164,-5,109,-240,-20,119,-282,-31,125,-321,-41,65,-175,-11,86,-237,-40,81,-180,-48,72,-139,-44,34,-174,-20,51,-236,-51,50,-179,-45,43,-140,-31,0,-164,-31,9,-221,-54,19,-188,-47,19,-157,-35
281,771,0,58,-19,-18,113,-49,-26,161,-56,-37,194,-46,-48,91,-164,-5,108,-240,-20,118,-281,-31,124,-320,-41,64,-175,-11,84,-237,-40,80,-181,-46,71,-139,-43,34,-175,-20,50,-235,-51,49,-179,-44,42,-140,-30,0,-164,-31,10,-221,-53,19,-188,-46,19,-156,-34
281,771,0,58,-19,-18,113,-49,-26,161,-56,-37,194,-46,-48,90,-164,-5,108,-240,-20,118,-282,-31,124,-320,-41,64,-175,-11,84,-237,-39,80,-180,-46,71,-139,-43,34,-175,-20,51,-235,-51,50,-178,-44,42,-140,-30,0,-163,-31,9,-221,-53,19,-187,-46,19,-156,-34
280,771,0,59,-19,-19,113,-48,-27,162,-54,-38,194,-45,-50,91,-164,-5,108,-238,-20,117,-280,-31,123,-318,-41,65,-174,-11,84,-234,-39,80,-178,-46,72,-137,-42,34,-173,-19,50,-233,-50,50,-176,-44,43,-139,-30,0,-163,-30,10,-219,-52,18,-186,-45,18,-154,-33
279,770,0,60,-19,-17,112,-48,-27,161,-54,-38,194,-46,-51,91,-161,-5,108,-236,-21,118,-277,-33,123,-315,-43,65,-172,-11,85,-230,-41,79,-174,-48,71,-134,-45,34,-171,-21,51,-231,-52,50,-174,-45,43,-136,-30,0,-160,-32,10,-215,-54,19,-181,-46,20,-150,-34
278,772,0,61,-20,-16,112,-50,-25,162,-56,-36,194,-49,-48,91,-164,-3,108,-238,-19,118,-281,-30,123,-318,-40,65,-174,-10,84,-232,-38,80,-176,-46,72,-137,-43,35,-173,-20,51,-233,-50,50,-176,-43,44,-138,-29,1,-161,-31,11,-216,-53,19,-183,-45,20,-152,-33
278,773,0,59,-20,-17,112,-50,-26,160,-58,-38,193,-50,-51,89,-161,-4,107,-235,-19,116,-277,-30,121,-315,-40,64,-173,-10,83,-232,-39,79,-176,-46,71,-137,-43,35,-172,-20,50,-232,-50,50,-175,-44,43,-137,-29,0,-161,-32,10,-217,-53,19,-184,-46,19,-153,-34
280,773,0,58,-19,-18,111,-49,-28,160,-58,-41,193,-52,-54,89,-163,-6,106,-237,-22,115,-279,-35,121,-317,-45,63,-174,-13,83,-233,-43,78,-178,-50,69,-137,-46,33,-173,-22,49,-233,-54,48,-176,-47,42,-138,-33,-2,-162,-34,9,-218,-56,17,-184,-48,18,-152,-36
281,775,0,57,-19,-19,110,-51,-30,159,-60,-43,192,-54,-57,88,-162,-6,104,-235,-22,113,-276,-34,118,-314,-44,62,-173,-13,81,-233,-43,77,-178,-51,68,-137,-47,32,-172,-22,48,-230,-54,48,-175,-47,42,-138,-32,-2,-161,-33,8,-215,-56,17,-182,-47,17,-151,-35
285,774,0,56,-18,-20,109,-51,-32,157,-60,-46,192,-55,-61,86,-164,-8,103,-238,-24,112,-280,-36,117,-318,-46,60,-175,-13,79,-235,-44,74,-179,-52,66,-137,-49,30,-173,-22,45,-232,-54,45,-176,-47,38,-138,-32,-4,-163,-33,5,-217,-55,14,-183,-46,14,-152,-33
288,773,0,55,-18,-21,108,-50,-34,157,-60,-49,191,-57,-65,86,-163,-8,102,-237,-25,110,-279,-37,116,-317,-47,60,-174,-14,80,-234,-46,74,-180,-55,65,-138,-52,29,-173,-22,45,-231,-55,45,-177,-48,39,-139,-33,-5,-163,-33,5,-216,-55,13,-181,-47,14,-150,-34
291,771,0,55,-18,-21,108,-49,-35,157,-59,-51,191,-57,-68,86,-162,-8,102,-236,-25,110,-277,-37,116,-315,-47,60,-172,-13,79,-231,-46,75,-177,-55,67,-136,-52,30,-171,-22,46,-230,-55,47,-175,-47,40,-137,-32,-4,-162,-32,5,-213,-55,14,-180,-46,14,-148,-34
500,769,0,51,-13,-19,107,-50,-32,154,-62,-48,191,-59,-65,78,-167,-11,91,-245,-26,101,-290,-38,109,-331,-48,54,-176,-18,83,-237,-51,97,-186,-64,93,-141,-64,28,-174,-26,50,-239,-59,66,-184,-56,62,-140,-44,-2,-166,-37,15,-221,-62,31,-186,-58,29,-149,-48
499,766,0,52,-12,-19,107,-49,-32,155,-60,-49,191,-58,-66,79,-162,-11,91,-241,-27,101,-286,-39,108,-326,-49,55,-171,-18,84,-231,-53,98,-181,-65,92,-137,-65,29,-169,-27,52,-233,-60,67,-179,-57,62,-135,-44,0,-162,-38,17,-216,-63,32,-181,-58,30,-145,-48
501,764,0,52,-13,-19,107,-50,-34,154,-61,-51,191,-59,-70,77,-165,-12,91,-244,-28,100,-288,-41,107,-329,-51,53,-173,-19,82,-233,-54,96,-182,-67,92,-139,-68,27,-171,-28,51,-237,-61,66,-181,-58,61,-137,-47,-3,-163,-40,15,-219,-65,30,-183,-60,30,-146,-51
500,763,0,52,-14,-19,107,-52,-33,154,-63,-50,190,-60,-68,78,-165,-12,91,-244,-28,100,-289,-41,107,-329,-51,55,-172,-19,83,-233,-54,96,-182,-67,92,-138,-68,28,-171,-28,51,-236,-62,66,-181,-59,62,-136,-47,-2,-164,-39,15,-218,-65,31,-183,-60,30,-146,-50
502,759,0,51,-14,-20,106,-52,-34,153,-63,-52,190,-61,-70,76,-165,-13,89,-245,-29,98,-289,-41,106,-330,-52,53,-173,-20,81,-232,-54,96,-182,-68,91,-138,-68,26,-171,-29,49,-236,-62,65,-181,-59,61,-136,-48,-4,-163,-40,14,-219,-65,30,-183,-61,28,-146,-51
502,757,0,52,-15,-20,106,-53,-34,152,-64,-52,190,-63,-70,76,-166,-12,89,-245,-29,98,-290,-41,104,-330,-52,52,-174,-19,81,-233,-54,95,-183,-68,91,-139,-68,26,-172,-28,48,-237,-62,64,-182,-59,61,-137,-47,-4,-164,-39,14,-219,-64,29,-183,-60,28,-146,-50
612,726,0,52,-9,-17,108,-38,-31,158,-42,-48,197,-34,-66,84,-149,-9,101,-229,-25,114,-273,-37,123,-313,-48,64,-160,-17,99,-218,-50,112,-167,-64,103,-126,-64,39,-163,-28,68,-223,-61,81,-167,-59,73,-124,-48,9,-160,-41,30,-215,-66,47,-177,-61,44,-140,-52
614,723,0,52,-8,-19,108,-36,-34,158,-39,-53,197,-31,-72,85,-150,-12,102,-231,-29,117,-275,-40,126,-313,-50,65,-161,-20,100,-219,-53,112,-165,-65,102,-125,-65,39,-164,-30,69,-224,-62,81,-165,-59,72,-124,-48,9,-161,-41,30,-216,-66,46,-178,-60,42,-141,-50
613,724,0,52,-9,-19,107,-38,-34,157,-40,-53,197,-31,-72,84,-149,-13,103,-229,-30,117,-272,-42,126,-311,-53,63,-161,-20,98,-218,-53,110,-166,-65,102,-126,-66,38,-162,-30,67,-223,-63,80,-166,-60,72,-124,-49,8,-158,-42,29,-214,-67,44,-176,-62,41,-139,-53
613,721,0,51,-8,-21,107,-37,-37,158,-41,-56,197,-31,-75,86,-152,-15,104,-231,-33,118,-274,-45,127,-313,-55,64,-163,-22,98,-221,-55,109,-168,-67,100,-126,-67,37,-164,-31,66,-226,-63,78,-169,-60,69,-127,-48,7,-159,-42,28,-215,-66,42,-178,-61,39,-141,-51
610,719,0,50,-9,-21,107,-37,-38,158,-41,-57,197,-30,-76,87,-150,-18,105,-230,-37,119,-274,-50,128,-314,-60,64,-161,-25,98,-220,-59,109,-168,-71,100,-126,-71,37,-163,-33,66,-226,-66,77,-170,-63,69,-127,-51,7,-158,-44,27,-215,-69,42,-179,-64,39,-142,-54
607,708,0,51,-9,-23,107,-40,-40,158,-44,-59,197,-33,-79,86,-156,-20,104,-236,-39,116,-281,-53,123,-322,-64,61,-167,-26,92,-228,-61,101,-173,-73,93,-128,-73,34,-168,-33,59,-233,-68,68,-175,-64,61,-130,-51,1,-163,-43,20,-220,-69,32,-181,-65,29,-143,-55
606,706,0,50,-8,-23,106,-39,-40,157,-43,-59,197,-32,-78,86,-152,-20,104,-231,-39,115,-276,-53,123,-317,-64,62,-163,-25,93,-223,-62,101,-169,-75,93,-127,-74,34,-164,-33,59,-228,-69,68,-171,-66,61,-127,-54,2,-159,-43,21,-215,-71,32,-178,-67,29,-141,-58
608,705,0,50,-8,-24,106,-39,-41,157,-44,-60,197,-34,-80,85,-153,-22,103,-233,-41,115,-279,-55,123,-320,-66,61,-164,-27,92,-224,-64,100,-171,-76,93,-128,-76,33,-165,-34,58,-230,-70,67,-173,-67,60,-128,-55,0,-161,-44,19,-217,-71,31,-180,-68,28,-142,-59
608,703,0,50,-6,-24,106,-39,-40,158,-43,-58,197,-32,-77,85,-152,-20,103,-232,-39,115,-276,-52,123,-317,-63,62,-163,-25,93,-221,-61,100,-169,-73,93,-125,-73,34,-165,-32,59,-227,-68,67,-170,-64,59,-126,-52,2,-160,-42,21,-215,-69,31,-178,-65,28,-140,-56
610,703,0,51,-7,-23,106,-40,-38,158,-45,-56,197,-33,-74,85,-154,-19,103,-232,-39,114,-277,-53,123,-318,-64,61,-164,-25,92,-225,-62,99,-171,-74,91,-127,-73,33,-165,-33,58,-229,-70,66,-172,-66,58,-128,-54,1,-159,-44,20,-217,-71,31,-179,-67,26,-142,-57
612,702,0,51,-8,-23,106,-39,-39,158,-44,-57,197,-33,-76,84,-154,-21,103,-232,-41,114,-277,-55,122,-318,-67,60,-164,-27,91,-224,-64,99,-169,-76,90,-126,-76,32,-165,-35,57,-229,-72,65,-171,-68,57,-127,-55,0,-158,-46,19,-215,-74,30,-178,-70,25,-140,-60
615,703,0,50,-8,-23,105,-41,-40,158,-46,-58,197,-34,-77,83,-154,-22,101,-232,-42,113,-278,-56,120,-320,-67,59,-164,-28,91,-224,-64,100,-170,-76,92,-127,-75,31,-164,-36,56,-229,-72,65,-171,-67,57,-128,-54,0,-158,-46,18,-215,-73,29,-177,-68,25,-141,-58
618,702,0,49,-9,-24,105,-42,-41,157,-45,-60,197,-35,-79,82,-154,-23,100,-234,-42,113,-279,-56,121,-321,-67,58,-165,-28,90,-225,-64,98,-171,-75,90,-128,-75,30,-165,-36,56,-230,-71,65,-172,-66,56,-129,-53,-2,-158,-46,17,-215,-73,29,-178,-68,25,-141,-57
620,702,0,49,-9,-23,105,-42,-40,156,-46,-58,196,-36,-77,82,-155,-22,100,-235,-42,112,-281,-55,120,-322,-66,58,-165,-28,90,-226,-63,97,-171,-74,89,-128,-73,30,-165,-36,55,-231,-70,64,-172,-65,55,-129,-52,-2,-158,-46,16,-216,-72,28,-178,-67,24,-142,-56
621,702,0,48,-9,-24,105,-42,-41,157,-46,-59,196,-36,-79,81,-154,-24,101,-235,-43,113,-280,-57,120,-321,-68,58,-164,-29,90,-225,-65,98,-170,-75,89,-128,-75,30,-164,-37,55,-230,-72,65,-172,-67,56,-129,-54,-2,-157,-47,16,-215,-74,28,-178,-69,24,-141,-58
621,702,0,50,-10,-23,106,-41,-40,157,-46,-59,196,-37,-78,82,-155,-23,101,-236,-43,113,-281,-56,121,-323,-66,59,-165,-29,91,-227,-65,99,-171,-75,90,-128,-74,30,-166,-37,56,-231,-72,65,-172,-67,56,-128,-53,-2,-160,-47,16,-216,-73,28,-178,-68,24,-141,-57
619,702,0,49,-9,-24,106,-41,-41,156,-46,-60,196,-37,-80,83,-155,-24,101,-233,-45,113,-278,-59,120,-319,-70,59,-164,-30,92,-226,-67,99,-169,-77,89,-126,-76,30,-164,-38,56,-229,-74,65,-171,-69,57,-128,-55,-2,-156,-49,16,-213,-75,29,-176,-70,26,-140,-59
616,702,0,50,-9,-23,105,-41,-40,157,-47,-58,196,-38,-78,83,-154,-24,101,-233,-45,112,-277,-58,119,-319,-70,59,-163,-30,91,-224,-66,97,-167,-76,87,-124,-75,30,-163,-38,54,-229,-73,63,-170,-67,56,-128,-54,-2,-155,-48,16,-212,-75,30,-174,-69,26,-137,-59
474,692,0,47,-17,-20,95,-62,-32,141,-87,-47,179,-88,-62,68,-158,-7,77,-234,-21,82,-279,-30,88,-319,-38,45,-166,-11,67,-214,-41,63,-159,-48,51,-121,-45,20,-166,-18,40,-222,-48,40,-171,-41,29,-132,-27,-9,-163,-27,4,-220,-48,15,-195,-42,14,-163,-31
461,681,0,42,-23,-19,88,-76,-30,128,-107,-44,164,-114,-59,59,-144,-11,77,-219,-35,88,-262,-49,97,-301,-58,37,-147,-15,60,-172,-59,53,-110,-67,40,-75,-61,11,-145,-23,37,-166,-66,29,-106,-56,17,-73,-36,-18,-141,-32,8,-163,-59,10,-120,-49,1,-93,-33
461,680,0,43,-23,-19,88,-76,-30,128,-107,-45,165,-112,-61,59,-143,-10,78,-217,-34,88,-260,-48,98,-300,-58,36,-146,-14,60,-170,-58,52,-110,-66,40,-74,-60,10,-144,-22,37,-164,-66,29,-104,-56,17,-71,-35,-19,-140,-31,9,-160,-58,9,-116,-48,1,-90,-32
461,679,0,42,-22,-20,87,-76,-32,128,-106,-47,165,-113,-62,59,-143,-12,77,-217,-36,89,-259,-50,97,-299,-60,36,-146,-15,60,-170,-60,51,-109,-68,38,-73,-61,10,-144,-23,36,-162,-67,28,-101,-57,16,-70,-37,-20,-139,-31,8,-158,-59,8,-115,-49,0,-89,-33
461,679,0,42,-24,-20,87,-77,-33,127,-107,-47,165,-113,-63,59,-142,-11,77,-215,-36,88,-258,-51,97,-297,-60,36,-146,-15,59,-170,-59,50,-109,-67,37,-73,-60,10,-144,-22,36,-162,-66,27,-102,-56,16,-70,-36,-20,-139,-30,8,-158,-58,8,-114,-48,0,-89,-32
460,678,0,42,-22,-20,87,-76,-32,128,-106,-47,165,-113,-62,60,-141,-11,77,-213,-36,89,-256,-50,97,-296,-60,36,-145,-15,59,-169,-59,51,-108,-67,39,-72,-60,11,-143,-22,36,-160,-66,28,-101,-56,16,-69,-36,-19,-138,-31,9,-156,-58,9,-113,-48,0,-88,-33
460,679,0,41,-23,-20,87,-77,-32,127,-108,-47,163,-116,-61,60,-143,-13,78,-214,-37,88,-257,-51,97,-297,-60,36,-146,-16,60,-170,-60,51,-108,-68,39,-73,-61,11,-144,-23,35,-160,-67,27,-101,-57,16,-70,-36,-19,-139,-32,8,-156,-59,8,-113,-49,0,-89,-33
460,677,0,42,-22,-21,87,-76,-32,128,-107,-46,164,-115,-60,60,-142,-12,79,-213,-37,90,-255,-50,99,-294,-59,36,-145,-16,59,-169,-60,50,-108,-68,38,-72,-61,10,-142,-23,35,-159,-67,26,-99,-57,15,-68,-36,-20,-138,-31,8,-154,-59,8,-111,-49,-1,-86,-33
460,676,0,41,-23,-21,87,-76,-32,128,-107,-46,163,-115,-61,60,-143,-13,79,-214,-38,90,-256,-51,100,-295,-61,35,-146,-17,59,-169,-62,50,-108,-69,38,-71,-62,10,-144,-24,35,-159,-68,27,-98,-58,15,-67,-37,-20,-138,-32,8,-154,-60,7,-110,-50,-1,-86,-35
459,676,0,41,-22,-21,87,-75,-33,127,-107,-47,164,-115,-62,60,-142,-13,80,-212,-38,91,-254,-52,100,-293,-61,36,-145,-17,60,-169,-62,50,-108,-70,38,-71,-63,10,-142,-24,36,-158,-69,27,-98,-58,15,-68,-38,-20,-138,-32,9,-154,-60,8,-110,-50,0,-86,-35
458,677,0,41,-21,-21,87,-75,-33,127,-107,-47,164,-115,-62,60,-140,-14,79,-212,-39,91,-254,-52,100,-294,-62,37,-143,-17,59,-169,-63,51,-107,-70,38,-71,-63,11,-142,-24,36,-158,-69,27,-98,-59,16,-68,-37,-19,-137,-33,9,-154,-61,8,-112,-50,0,-87,-34
458,675,0,41,-20,-22,87,-74,-34,128,-106,-48,165,-113,-62,60,-140,-15,78,-213,-40,89,-256,-53,97,-294,-62,36,-143,-18,58,-169,-63,50,-107,-70,39,-72,-63,10,-141,-25,34,-157,-69,26,-97,-59,15,-67,-38,-19,-136,-33,7,-153,-61,7,-110,-50,-1,-87,-34
458,675,0,41,-21,-22,87,-75,-35,128,-107,-50,164,-114,-65,61,-142,-18,78,-214,-43,88,-258,-57,96,-298,-67,35,-145,-21,58,-169,-66,49,-107,-72,38,-72,-65,8,-143,-27,34,-157,-72,26,-96,-61,15,-67,-39,-21,-138,-35,7,-153,-63,7,-110,-53,-2,-86,-36
456,675,0,42,-21,-22,88,-74,-35,128,-106,-50,166,-112,-66,62,-143,-17,79,-216,-42,89,-260,-56,96,-300,-66,36,-146,-20,60,-171,-65,51,-108,-72,39,-73,-64,10,-144,-26,35,-157,-72,27,-97,-61,15,-67,-40,-20,-138,-35,7,-154,-63,7,-109,-53,0,-86,-36
455,673,0,41,-21,-23,88,-75,-37,130,-105,-52,166,-111,-68,62,-142,-18,79,-215,-44,88,-260,-58,95,-300,-67,36,-145,-21,59,-170,-67,51,-107,-73,39,-72,-65,9,-143,-27,34,-156,-73,25,-96,-62,14,-66,-41,-20,-139,-35,7,-153,-63,6,-110,-53,-3,-86,-37
452,673,0,41,-20,-24,88,-73,-38,130,-104,-53,168,-109,-69,62,-142,-19,81,-215,-45,90,-259,-60,97,-300,-69,37,-146,-22,61,-169,-69,52,-107,-75,40,-72,-67,10,-144,-28,35,-154,-75,27,-94,-64,15,-64,-43,-20,-138,-36,8,-150,-65,7,-106,-55,-1,-83,-39
449,674,0,40,-20,-23,88,-74,-37,131,-105,-52,168,-109,-68,63,-143,-18,80,-217,-44,89,-262,-57,97,-302,-66,37,-147,-21,62,-172,-67,53,-109,-74,41,-74,-66,10,-145,-27,36,-155,-74,27,-94,-63,15,-65,-42,-21,-140,-36,8,-150,-64,7,-105,-54,-2,-83,-39
445,675,0,41,-20,-24,88,-72,-38,131,-104,-54,169,-107,-70,63,-143,-19,81,-215,-45,91,-261,-59,98,-301,-69,37,-148,-22,62,-171,-69,54,-108,-75,42,-73,-68,10,-145,-29,36,-153,-75,27,-93,-64,15,-64,-43,-20,-140,-37,8,-149,-65,7,-104,-56,-1,-82,-40
239,686,0,42,-16,-23,90,-73,-34,132,-107,-45,167,-110,-56,70,-142,-22,78,-219,-44,78,-265,-56,77,-307,-66,41,-142,-23,47,-173,-66,41,-111,-72,37,-73,-66,11,-135,-28,18,-153,-69,15,-91,-58,13,-58,-38,-20,-126,-34,-9,-143,-60,-8,-97,-50,-8,-72,-36
238,689,0,41,-17,-25,90,-73,-36,131,-107,-48,167,-111,-60,70,-142,-22,78,-218,-45,77,-266,-58,77,-307,-67,40,-143,-23,47,-174,-66,41,-111,-73,37,-75,-67,11,-137,-28,17,-153,-69,15,-92,-58,13,-59,-38,-19,-127,-34,-10,-144,-60,-8,-98,-50,-8,-73,-35
238,690,0,41,-17,-24,89,-72,-36,131,-106,-48,167,-110,-60,69,-143,-22,77,-219,-45,77,-265,-58,76,-306,-67,40,-144,-23,46,-174,-67,40,-111,-74,36,-74,-68,11,-136,-28,17,-153,-70,15,-91,-59,13,-59,-39,-20,-127,-34,-10,-144,-61,-8,-98,-52,-8,-72,-37
236,694,0,42,-16,-25,89,-72,-37,131,-107,-49,167,-110,-61,69,-142,-22,78,-218,-45,77,-265,-57,76,-306,-67,40,-143,-23,46,-174,-66,40,-112,-73,36,-76,-67,11,-136,-27,17,-154,-69,15,-93,-58,14,-61,-38,-19,-126,-33,-9,-144,-60,-7,-98,-50,-7,-73,-35
236,695,0,41,-16,-24,90,-73,-35,131,-107,-46,166,-111,-57,69,-144,-21,78,-219,-43,77,-266,-56,76,-307,-65,39,-145,-22,47,-175,-65,40,-112,-72,36,-76,-66,10,-138,-26,18,-155,-69,14,-93,-58,12,-61,-38,-20,-129,-33,-10,-146,-60,-8,-99,-50,-8,-74,-35
236,696,0,43,-18,-25,90,-73,-36,131,-107,-47,166,-111,-59,70,-143,-20,78,-219,-42,77,-266,-55,76,-307,-64,41,-145,-21,47,-175,-64,41,-113,-72,36,-76,-66,11,-138,-25,18,-155,-68,14,-94,-58,13,-61,-38,-19,-129,-31,-10,-146,-58,-8,-100,-49,-8,-75,-34
237,697,0,42,-19,-24,89,-74,-35,130,-108,-46,166,-112,-57,70,-144,-20,78,-219,-42,77,-267,-55,76,-308,-64,40,-146,-21,47,-175,-65,40,-113,-72,36,-74,-66,10,-139,-25,17,-155,-68,14,-94,-59,12,-61,-39,-20,-131,-31,-11,-147,-59,-9,-101,-50,-9,-75,-35
236,696,0,42,-17,-25,90,-72,-36,132,-105,-47,167,-109,-59,70,-142,-20,79,-217,-43,78,-263,-55,77,-304,-64,41,-143,-21,48,-173,-65,41,-111,-72,38,-74,-66,12,-137,-25,18,-152,-69,15,-91,-59,13,-60,-39,-18,-129,-31,-9,-144,-59,-7,-98,-50,-7,-73,-34
239,693,0,43,-17,-24,91,-72,-34,132,-105,-46,167,-109,-57,70,-142,-20,78,-217,-43,78,-264,-55,78,-305,-65,40,-142,-22,48,-173,-66,40,-110,-73,36,-72,-67,11,-136,-26,17,-152,-70,14,-90,-60,12,-58,-40,-20,-127,-33,-11,-143,-61,-9,-97,-51,-9,-71,-36
240,692,0,42,-16,-24,90,-71,-35,133,-104,-47,169,-107,-59,70,-142,-21,79,-217,-44,79,-265,-57,79,-306,-66,41,-143,-23,49,-173,-67,41,-110,-74,36,-72,-68,11,-136,-28,18,-151,-72,15,-89,-61,13,-57,-41,-20,-126,-34,-10,-143,-62,-8,-95,-52,-8,-70,-37
240,693,0,43,-17,-23,90,-72,-35,132,-104,-47,168,-108,-59,70,-140,-22,78,-215,-45,78,-262,-57,78,-304,-67,40,-141,-24,49,-171,-68,41,-110,-76,36,-72,-69,10,-135,-29,19,-150,-72,16,-89,-61,14,-57,-42,-20,-125,-36,-8,-142,-63,-7,-95,-53,-8,-70,-37
240,693,0,43,-15,-25,90,-71,-36,132,-104,-47,168,-108,-58,71,-140,-22,79,-216,-45,79,-263,-57,79,-304,-67,42,-142,-23,50,-171,-67,42,-108,-74,37,-71,-68,12,-136,-27,19,-150,-71,16,-89,-60,14,-57,-41,-18,-127,-33,-8,-142,-61,-7,-95,-52,-8,-70,-37
243,691,0,42,-16,-23,91,-71,-34,133,-104,-45,168,-108,-57,71,-141,-21,80,-217,-44,80,-265,-57,80,-306,-66,41,-142,-23,49,-172,-67,42,-108,-75,37,-71,-68,11,-136,-28,19,-151,-72,15,-89,-61,13,-57,-42,-20,-127,-34,-9,-142,-63,-8,-95,-53,-8,-69,-39
243,691,0,43,-15,-24,91,-71,-36,133,-103,-47,169,-106,-59,71,-141,-22,80,-215,-45,80,-263,-57,80,-303,-67,41,-141,-23,50,-170,-68,43,-107,-75,38,-70,-68,11,-136,-28,20,-150,-72,17,-88,-61,14,-56,-41,-19,-126,-34,-8,-141,-62,-6,-94,-52,-7,-69,-37
245,691,0,42,-15,-24,91,-70,-35,133,-103,-47,169,-107,-59,70,-141,-22,80,-217,-45,80,-264,-57,80,-306,-67,41,-142,-23,49,-172,-68,42,-109,-75,37,-70,-69,11,-137,-28,19,-152,-71,16,-90,-61,13,-57,-41,-20,-128,-34,-8,-143,-62,-7,-96,-53,-8,-70,-38
244,693,0,42,-15,-24,91,-71,-35,133,-104,-47,169,-106,-59,71,-141,-22,80,-216,-46,81,-264,-58,81,-304,-68,41,-142,-24,51,-172,-68,43,-108,-75,37,-71,-68,11,-136,-28,20,-151,-72,17,-90,-61,14,-58,-41,-19,-127,-35,-8,-143,-63,-6,-96,-53,-7,-71,-38
246,692,0,42,-15,-24,91,-71,-35,133,-104,-46,169,-107,-58,70,-141,-21,79,-216,-44,80,-264,-56,81,-305,-65,40,-142,-23,50,-171,-67,43,-108,-74,37,-71,-68,11,-137,-27,19,-151,-71,16,-90,-60,14,-57,-40,-19,-127,-33,-8,-142,-61,-7,-96,-52,-8,-71,-37
247,694,0,42,-17,-23,90,-73,-34,132,-105,-46,168,-108,-59,69,-142,-22,77,-217,-45,79,-264,-57,80,-305,-67,39,-143,-24,50,-172,-68,43,-110,-74,37,-73,-68,10,-137,-29,20,-151,-72,18,-90,-61,14,-59,-41,-22,-127,-36,-8,-142,-63,-6,-97,-53,-7,-73,-37
249,699,0,42,-20,-22,89,-77,-33,131,-110,-45,166,-111,-57,65,-144,-19,75,-217,-42,76,-264,-54,78,-303,-63,36,-146,-22,52,-175,-68,45,-115,-75,38,-76,-68,6,-139,-29,22,-152,-72,18,-92,-62,13,-59,-42,-24,-130,-37,-7,-143,-63,-5,-98,-53,-7,-73,-38
250,700,0,42,-18,-22,89,-77,-32,131,-110,-45,166,-112,-57,63,-147,-17,73,-219,-40,76,-264,-52,78,-303,-61,34,-149,-21,52,-175,-66,46,-113,-74,39,-75,-67,5,-143,-27,23,-151,-72,18,-90,-62,12,-59,-42,-26,-133,-35,-7,-143,-63,-4,-97,-54,-7,-73,-39
252,703,0,42,-20,-21,89,-79,-32,130,-112,-44,164,-114,-57,61,-148,-18,72,-219,-40,75,-264,-52,78,-303,-61,33,-150,-21,51,-176,-66,47,-115,-74,40,-76,-67,3,-143,-28,22,-149,-71,19,-90,-62,13,-59,-43,-27,-133,-36,-7,-141,-63,-4,-96,-53,-7,-73,-38
254,703,0,42,-21,-22,88,-80,-33,129,-113,-45,163,-115,-58,59,-149,-18,70,-219,-41,73,-264,-53,76,-302,-61,30,-151,-22,51,-175,-67,47,-113,-74,41,-75,-66,2,-145,-28,23,-147,-72,20,-89,-63,14,-59,-44,-28,-135,-36,-6,-138,-63,-3,-93,-55,-7,-72,-42
256,702,0,43,-22,-21,89,-81,-32,129,-113,-45,162,-116,-58,57,-152,-17,69,-221,-40,73,-265,-52,76,-304,-61,29,-155,-21,51,-176,-66,48,-113,-72,42,-74,-64,0,-149,-28,25,-149,-71,22,-89,-62,15,-58,-43,-29,-138,-37,-4,-138,-63,-2,-93,-56,-7,-71,-42
255,705,0,43,-23,-21,89,-80,-33,129,-112,-47,162,-117,-61,57,-153,-16,69,-221,-41,75,-266,-55,79,-304,-64,29,-156,-21,53,-174,-67,50,-111,-74,42,-73,-66,1,-149,-29,28,-149,-74,24,-89,-64,16,-60,-44,-28,-137,-38,-1,-137,-66,0,-93,-57,-5,-73,-42
255,708,0,43,-26,-19,88,-82,-31,126,-114,-46,160,-120,-61,57,-154,-14,69,-221,-39,76,-263,-53,80,-302,-63,29,-156,-19,54,-170,-65,52,-108,-73,43,-71,-66,2,-150,-27,30,-149,-72,26,-90,-62,17,-61,-43,-27,-139,-37,3,-138,-64,4,-95,-55,-3,-74,-41
254,710,0,45,-27,-18,87,-84,-31,125,-115,-46,159,-121,-61,55,-155,-13,69,-222,-39,76,-265,-53,82,-303,-63,28,-158,-19,56,-168,-64,53,-106,-73,43,-69,-66,1,-151,-27,32,-150,-72,29,-91,-62,19,-61,-43,-27,-139,-37,4,-139,-64,7,-96,-55,0,-74,-40
253,710,0,45,-27,-18,88,-83,-30,125,-114,-45,158,-122,-61,56,-157,-14,71,-224,-39,78,-266,-54,84,-306,-64,29,-161,-19,57,-165,-65,53,-104,-73,42,-68,-67,3,-155,-27,34,-150,-71,30,-90,-62,20,-60,-42,-25,-143,-37,6,-140,-64,9,-96,-55,2,-75,-40
254,711,0,44,-28,-18,86,-84,-31,124,-116,-46,158,-123,-62,55,-157,-14,68,-225,-40,77,-268,-55,83,-307,-65,27,-160,-19,57,-168,-65,55,-105,-73,44,-69,-67,2,-155,-28,34,-151,-72,31,-90,-63,20,-60,-43,-26,-143,-38,6,-141,-65,9,-97,-56,1,-76,-40
252,712,0,45,-27,-18,87,-84,-31,123,-116,-46,157,-124,-61,55,-157,-15,68,-224,-40,77,-267,-54,83,-306,-64,28,-162,-20,58,-169,-65,56,-106,-73,46,-70,-66,2,-157,-28,36,-150,-72,32,-90,-63,21,-60,-43,-25,-145,-38,8,-140,-65,11,-97,-56,3,-75,-41
252,712,0,44,-27,-18,87,-83,-31,124,-115,-46,158,-123,-62,54,-158,-16,69,-226,-41,78,-269,-56,85,-307,-65,28,-161,-20,58,-169,-67,57,-106,-75,45,-69,-68,2,-155,-28,36,-151,-74,32,-90,-64,21,-60,-44,-25,-144,-38,9,-141,-66,11,-97,-57,3,-75,-42
251,711,0,45,-25,-18,88,-81,-31,125,-114,-47,159,-121,-62,55,-158,-16,70,-225,-41,80,-268,-55,87,-306,-65,28,-163,-21,60,-168,-67,58,-106,-75,46,-70,-68,2,-157,-29,37,-149,-74,33,-88,-65,22,-58,-45,-24,-144,-38,10,-140,-67,12,-95,-58,5,-73,-43
250,712,0,46,-26,-18,88,-81,-30,126,-112,-46,160,-120,-62,55,-159,-15,71,-226,-41,81,-269,-55,90,-307,-65,28,-164,-21,63,-169,-67,60,-105,-75,47,-69,-68,3,-158,-29,40,-149,-75,35,-88,-66,23,-60,-46,-24,-145,-40,13,-140,-68,14,-95,-59,5,-75,-44
249,713,0,46,-25,-17,89,-81,-29,127,-112,-45,161,-119,-61,55,-160,-15,71,-228,-40,83,-270,-55,91,-309,-65,29,-165,-21,64,-170,-67,61,-106,-74,48,-69,-67,3,-159,-30,42,-149,-75,37,-88,-66,24,-59,-46,-22,-147,-41,15,-141,-68,16,-96,-59,6,-75,-44
250,715,0,46,-27,-15,89,-82,-28,127,-112,-44,161,-119,-61,54,-163,-13,71,-230,-39,84,-272,-54,93,-311,-64,27,-168,-21,65,-172,-66,64,-107,-74,50,-73,-67,2,-162,-31,44,-151,-77,39,-90,-67,25,-62,-48,-23,-149,-43,17,-143,-71,19,-97,-61,7,-77,-46
252,714,0,46,-26,-14,89,-82,-26,126,-111,-42,161,-119,-59,53,-165,-14,71,-233,-39,84,-275,-54,94,-315,-64,25,-171,-21,65,-173,-67,65,-107,-74,50,-71,-68,0,-165,-32,43,-151,-76,39,-88,-67,25,-60,-48,-24,-151,-43,17,-143,-71,18,-97,-62,7,-77,-47
250,716,0,47,-27,-14,90,-83,-25,128,-112,-41,161,-118,-57,53,-165,-12,72,-231,-38,85,-273,-52,94,-313,-63,26,-170,-20,66,-172,-65,66,-107,-73,52,-71,-67,1,-164,-31,45,-150,-75,42,-88,-66,27,-60,-47,-22,-151,-42,19,-142,-69,21,-97,-61,9,-77,-46
251,716,0,46,-26,-13,89,-82,-25,126,-112,-41,160,-119,-57,53,-168,-13,72,-235,-38,85,-277,-52,95,-317,-63,26,-173,-21,67,-174,-65,67,-108,-73,52,-71,-67,0,-167,-31,45,-151,-76,41,-88,-67,27,-60,-48,-23,-153,-43,19,-144,-71,21,-97,-62,9,-76,-47
249,718,0,47,-28,-13,90,-83,-24,127,-112,-40,161,-119,-56,53,-166,-12,72,-231,-37,86,-273,-52,95,-313,-62,26,-171,-20,68,-173,-66,67,-108,-74,52,-71,-67,1,-166,-31,46,-150,-76,41,-88,-68,27,-60,-48,-21,-153,-43,20,-144,-70,22,-99,-62,10,-78,-47
248,717,0,47,-26,-13,90,-82,-24,127,-111,-40,160,-119,-56,54,-166,-12,74,-233,-38,87,-275,-53,97,-315,-64,27,-172,-20,68,-173,-67,67,-107,-74,52,-71,-68,2,-166,-31,46,-150,-77,42,-88,-68,27,-61,-49,-22,-153,-43,20,-143,-71,21,-98,-62,10,-78,-48
250,717,0,47,-28,-13,89,-84,-24,126,-113,-40,160,-120,-57,52,-167,-12,72,-233,-38,86,-276,-54,96,-316,-64,25,-173,-21,68,-173,-67,67,-107,-75,51,-71,-69,0,-167,-32,45,-151,-77,40,-88,-69,25,-62,-49,-24,-154,-44,19,-145,-72,20,-99,-63,8,-79,-48
246,716,0,48,-27,-13,91,-82,-25,128,-111,-40,161,-118,-56,55,-165,-12,74,-231,-38,88,-273,-53,98,-312,-64,28,-171,-20,70,-171,-67,69,-106,-75,54,-69,-69,3,-165,-31,47,-149,-76,43,-88,-68,28,-60,-49,-21,-151,-43,21,-142,-70,23,-98,-62,10,-78,-48
249,716,0,47,-27,-13,89,-83,-24,126,-113,-40,160,-120,-56,53,-166,-13,73,-233,-39,87,-276,-54,97,-315,-64,25,-173,-21,69,-174,-67,67,-108,-75,51,-72,-69,0,-167,-32,46,-151,-77,40,-89,-69,25,-63,-50,-23,-154,-44,19,-144,-72,21,-99,-63,8,-78,-48
248,714,0,47,-27,-13,90,-82,-25,127,-111,-40,162,-118,-57,54,-166,-13,73,-232,-39,88,-274,-55,98,-314,-66,25,-172,-21,69,-172,-67,68,-106,-76,53,-69,-69,0,-166,-32,46,-150,-77,41,-87,-69,26,-60,-50,-23,-152,-44,19,-144,-72,21,-98,-63,9,-77,-49
248,713,0,47,-26,-14,90,-82,-25,127,-111,-41,161,-118,-57,54,-164,-14,74,-230,-40,88,-272,-55,98,-311,-66,26,-170,-22,68,-171,-68,67,-105,-76,52,-69,-69,1,-165,-32,45,-148,-77,40,-87,-69,25,-60,-50,-23,-151,-44,19,-142,-71,20,-97,-63,8,-77,-48
248,712,0,47,-26,-15,91,-81,-27,128,-110,-42,162,-117,-58,55,-164,-15,74,-230,-41,88,-272,-56,99,-312,-66,27,-171,-22,69,-172,-68,67,-106,-76,53,-70,-69,1,-166,-32,45,-148,-77,40,-86,-69,26,-60,-49,-23,-153,-44,18,-143,-71,20,-96,-62,9,-76,-48
248,712,0,47,-26,-15,90,-81,-28,128,-109,-44,163,-116,-60,55,-164,-15,74,-231,-41,89,-273,-57,99,-312,-67,27,-171,-22,67,-172,-68,67,-106,-76,53,-70,-69,2,-166,-32,44,-149,-77,40,-87,-68,26,-60,-49,-23,-153,-43,18,-143,-70,19,-97,-62,8,-77,-47
248,710,0,46,-24,-17,91,-80,-30,129,-109,-46,163,-116,-62,57,-162,-17,75,-229,-44,88,-271,-58,98,-311,-68,29,-169,-23,66,-171,-69,64,-105,-76,51,-69,-68,3,-164,-32,43,-148,-77,38,-87,-68,24,-59,-48,-23,-152,-42,15,-143,-69,17,-96,-61,7,-75,-46
248,708,0,46,-25,-18,91,-80,-31,129,-110,-47,163,-115,-63,57,-160,-18,76,-226,-43,88,-268,-58,97,-307,-68,30,-167,-23,65,-168,-69,62,-104,-77,48,-68,-70,3,-161,-31,41,-148,-76,35,-87,-68,23,-58,-48,-25,-149,-41,12,-141,-69,14,-94,-61,6,-73,-46
248,706,0,46,-25,-19,92,-80,-31,130,-109,-47,164,-114,-63,59,-159,-17,76,-225,-42,88,-266,-57,97,-305,-66,31,-166,-21,63,-167,-67,59,-104,-75,47,-68,-68,3,-161,-29,38,-148,-74,33,-87,-65,21,-59,-46,-25,-151,-39,9,-142,-66,11,-96,-58,4,-74,-43
247,704,0,46,-24,-19,92,-79,-32,131,-109,-48,165,-113,-64,59,-156,-17,77,-222,-42,89,-263,-57,98,-302,-67,32,-163,-21,61,-163,-67,56,-100,-75,44,-64,-69,4,-159,-29,36,-148,-73,32,-88,-64,20,-58,-44,-24,-149,-38,8,-141,-65,10,-96,-57,3,-73,-42
247,704,0,46,-25,-19,92,-80,-32,131,-108,-48,165,-112,-65,59,-156,-16,78,-221,-42,88,-263,-57,97,-301,-67,32,-163,-21,61,-164,-66,56,-101,-75,45,-66,-68,4,-159,-29,36,-149,-73,31,-89,-64,19,-60,-44,-25,-148,-38,7,-141,-66,9,-96,-57,2,-75,-42
247,704,0,45,-24,-19,91,-78,-33,131,-107,-49,165,-113,-66,60,-155,-17,78,-220,-43,88,-262,-58,97,-300,-68,32,-162,-22,59,-162,-67,54,-100,-76,43,-65,-70,4,-158,-29,35,-149,-73,29,-90,-64,19,-61,-45,-25,-148,-38,6,-140,-66,8,-96,-57,1,-75,-42
246,702,0,46,-23,-20,92,-77,-33,133,-105,-49,167,-110,-65,62,-153,-19,79,-218,-45,89,-260,-60,98,-298,-70,34,-161,-23,60,-163,-69,55,-100,-77,44,-65,-71,6,-157,-30,34,-146,-75,29,-87,-65,19,-58,-46,-24,-147,-39,6,-137,-66,7,-93,-58,1,-73,-44
246,700,0,47,-22,-20,94,-75,-33,135,-103,-49,169,-106,-65,64,-154,-18,81,-219,-44,91,-261,-59,100,-299,-69,35,-161,-23,62,-165,-70,57,-101,-78,46,-65,-72,6,-157,-31,35,-146,-76,30,-86,-67,19,-57,-47,-23,-145,-40,5,-135,-68,6,-91,-60,0,-71,-45
248,700,0,46,-21,-21,95,-75,-34,137,-102,-49,171,-104,-65,64,-153,-19,82,-220,-45,91,-263,-59,99,-301,-69,35,-160,-23,62,-168,-70,56,-103,-78,45,-67,-71,6,-156,-31,34,-146,-77,28,-85,-68,17,-58,-48,-25,-146,-40,5,-137,-68,5,-92,-60,-3,-71,-45
247,702,0,45,-20,-21,95,-75,-34,138,-102,-48,171,-103,-64,67,-152,-19,84,-219,-44,92,-261,-58,99,-299,-67,38,-158,-24,62,-170,-69,57,-107,-76,47,-72,-68,8,-154,-32,34,-148,-76,29,-88,-67,18,-61,-48,-23,-144,-41,3,-139,-69,4,-93,-60,-3,-72,-45
245,702,0,44,-16,-22,95,-72,-34,138,-100,-49,173,-100,-63,70,-147,-21,87,-215,-44,94,-258,-56,100,-296,-65,41,-154,-24,63,-168,-69,56,-106,-74,47,-72,-67,11,-150,-31,34,-147,-75,28,-87,-65,19,-60,-46,-20,-142,-39,3,-139,-67,4,-94,-58,0,-73,-44
248,702,0,44,-16,-23,94,-71,-35,138,-100,-49,173,-100,-63,70,-145,-20,87,-215,-43,94,-258,-55,99,-297,-64,41,-150,-23,61,-173,-70,53,-111,-77,44,-73,-69,11,-146,-30,30,-149,-75,24,-89,-66,17,-59,-46,-21,-139,-38,0,-142,-67,0,-97,-58,-3,-73,-43
314,702,0,39,-13,-51,87,-62,-73,135,-87,-90,179,-88,-104,118,-165,-32,132,-263,-64,132,-323,-81,132,-375,-91,86,-170,-20,72,-213,-69,53,-136,-76,56,-96,-67,51,-172,-15,32,-198,-65,21,-126,-56,29,-93,-35,18,-170,-15,6,-195,-49,-1,-138,-43,4,-105,-28
321,704,0,40,-16,-46,86,-70,-65,136,-94,-82,179,-88,-95,116,-176,-28,126,-277,-57,125,-339,-74,122,-391,-85,82,-180,-18,65,-223,-67,48,-145,-77,50,-100,-71,47,-181,-14,25,-205,-62,16,-131,-57,22,-94,-39,14,-176,-15,0,-201,-48,-6,-142,-43,0,-107,-29
320,704,0,41,-16,-50,88,-69,-72,137,-95,-90,179,-88,-105,117,-179,-33,128,-283,-64,126,-345,-82,123,-401,-93,84,-184,-21,64,-227,-70,49,-145,-78,53,-103,-71,48,-185,-16,24,-210,-64,16,-133,-57,24,-97,-38,13,-180,-16,-2,-202,-50,-7,-142,-45,0,-107,-31
321,704,0,39,-14,-51,84,-70,-72,131,-100,-90,174,-98,-104,121,-188,-32,131,-296,-64,129,-362,-82,126,-419,-93,85,-193,-20,66,-234,-69,49,-151,-78,54,-108,-71,48,-194,-15,24,-218,-63,16,-139,-57,25,-102,-38,15,-189,-14,-2,-211,-48,-7,-148,-43,2,-113,-29
323,702,0,42,-14,-47,86,-73,-68,131,-105,-85,174,-98,-99,124,-195,-29,132,-306,-59,129,-374,-78,125,-431,-90,86,-199,-19,67,-243,-69,51,-159,-82,51,-109,-77,48,-198,-15,25,-223,-63,16,-142,-60,22,-100,-42,13,-191,-15,0,-214,-49,-6,-151,-45,1,-112,-32
323,702,0,39,-12,-46,82,-70,-67,126,-105,-83,170,-106,-98,120,-194,-30,129,-303,-61,127,-371,-81,123,-428,-94,84,-199,-20,65,-239,-70,50,-157,-83,52,-109,-79,46,-197,-16,25,-222,-65,15,-142,-61,21,-101,-43,13,-188,-17,-3,-211,-52,-7,-148,-48,2,-109,-34
323,699,0,39,-11,-48,82,-69,-69,126,-103,-87,171,-104,-102,122,-196,-31,128,-308,-64,125,-376,-85,120,-436,-99,86,-202,-21,63,-242,-71,48,-157,-85,51,-107,-81,48,-202,-16,23,-223,-64,14,-143,-60,21,-102,-43,14,-194,-16,-4,-212,-50,-8,-147,-47,2,-110,-34
323,699,0,38,-13,-52,82,-70,-76,126,-104,-96,171,-103,-113,121,-199,-33,127,-309,-66,123,-380,-87,117,-438,-100,84,-204,-20,60,-244,-72,45,-158,-85,48,-108,-80,48,-204,-14,20,-225,-64,11,-144,-61,19,-101,-43,13,-198,-13,-7,-212,-49,-11,-146,-47,-2,-108,-34
320,700,0,40,-16,-55,83,-71,-79,128,-104,-97,171,-103,-113,120,-198,-35,128,-308,-66,123,-377,-86,118,-435,-98,84,-201,-20,59,-242,-69,43,-160,-81,47,-112,-75,47,-200,-13,21,-225,-61,12,-148,-58,20,-105,-41,13,-192,-10,-6,-213,-45,-10,-152,-43,-2,-112,-31
318,701,0,40,-17,-54,83,-74,-77,128,-106,-95,170,-105,-110,119,-197,-33,124,-307,-64,119,-377,-83,114,-433,-94,82,-201,-19,57,-243,-67,42,-162,-79,46,-112,-74,45,-200,-12,20,-225,-60,11,-148,-57,18,-105,-40,11,-192,-10,-7,-213,-44,-11,-151,-42,-3,-112,-30
310,695,0,37,-12,-58,78,-68,-86,120,-109,-108,167,-109,-127,118,-206,-38,121,-319,-71,114,-390,-91,106,-447,-103,80,-210,-22,54,-250,-73,41,-163,-84,46,-113,-77,43,-206,-14,13,-223,-63,7,-143,-59,16,-102,-40,7,-198,-11,-14,-207,-47,-16,-143,-45,-5,-105,-32
311,695,0,35,-11,-59,76,-68,-86,120,-111,-108,168,-109,-126,117,-205,-38,120,-319,-71,113,-390,-91,107,-447,-103,79,-209,-22,55,-251,-75,41,-164,-87,45,-112,-80,41,-205,-13,13,-222,-64,7,-143,-61,15,-100,-42,6,-197,-10,-14,-209,-46,-16,-145,-45,-6,-106,-32
302,686,0,40,-14,-43,87,-60,-60,135,-87,-74,177,-92,-85,117,-153,-24,134,-244,-51,136,-301,-68,136,-349,-78,87,-158,-15,76,-206,-63,58,-139,-76,57,-95,-71,54,-158,-12,38,-186,-61,27,-121,-58,30,-84,-41,22,-153,-13,12,-177,-47,6,-125,-44,10,-92,-31
302,663,0,45,-4,-30,99,-44,-40,150,-65,-49,189,-64,-57,100,-115,-17,121,-186,-37,129,-232,-49,135,-271,-58,72,-124,-14,79,-167,-57,64,-109,-67,55,-68,-62,43,-125,-15,43,-150,-58,34,-93,-53,30,-59,-36,14,-123,-19,18,-144,-48,13,-101,-43,11,-75,-30
299,663,0,46,-6,-30,100,-44,-41,151,-65,-50,189,-64,-59,101,-115,-15,123,-185,-35,131,-229,-47,138,-268,-55,74,-125,-12,82,-167,-54,65,-110,-64,57,-70,-59,45,-127,-14,46,-152,-56,36,-96,-50,32,-61,-33,16,-125,-18,21,-146,-46,15,-104,-40,14,-78,-28
299,661,0,46,-6,-29,99,-45,-40,150,-65,-49,189,-64,-58,99,-115,-16,121,-185,-36,130,-229,-47,137,-268,-56,72,-125,-13,81,-167,-56,64,-110,-65,56,-69,-60,43,-126,-15,45,-151,-58,35,-95,-52,32,-61,-34,14,-125,-19,19,-145,-48,14,-103,-42,14,-76,-30
297,660,0,45,-6,-30,100,-45,-41,150,-66,-51,189,-66,-60,98,-115,-16,121,-185,-36,129,-230,-48,136,-268,-57,71,-124,-13,79,-165,-56,63,-109,-66,54,-67,-61,43,-127,-15,44,-150,-56,35,-95,-51,30,-60,-34,14,-124,-19,18,-144,-46,14,-103,-41,13,-76,-29
297,661,0,45,-7,-29,99,-46,-40,148,-67,-51,187,-69,-61,97,-118,-17,119,-188,-39,126,-234,-52,133,-274,-61,70,-127,-15,76,-169,-59,61,-111,-69,53,-69,-64,41,-128,-18,42,-152,-60,32,-96,-54,29,-61,-37,13,-125,-22,16,-146,-50,11,-104,-45,11,-76,-32
297,663,0,45,-7,-28,99,-48,-39,148,-71,-49,187,-71,-59,96,-120,-17,116,-191,-38,123,-237,-50,130,-276,-59,68,-129,-15,76,-170,-59,60,-112,-69,52,-71,-63,39,-129,-18,41,-153,-61,32,-96,-54,29,-60,-36,10,-126,-23,14,-146,-51,10,-103,-46,10,-75,-33
295,667,0,45,-7,-28,99,-48,-39,149,-72,-48,186,-73,-57,95,-123,-16,115,-193,-37,122,-239,-50,128,-278,-59,68,-130,-15,76,-171,-58,61,-113,-67,54,-72,-62,39,-131,-17,41,-155,-60,33,-97,-53,30,-62,-35,10,-127,-22,14,-147,-50,11,-104,-44,11,-77,-32
294,670,0,45,-9,-28,98,-51,-39,147,-74,-49,185,-75,-59,94,-124,-15,114,-195,-37,120,-241,-49,126,-281,-58,67,-132,-14,75,-174,-58,61,-115,-68,54,-74,-62,38,-131,-17,40,-156,-60,33,-98,-53,30,-63,-35,9,-128,-22,14,-148,-50,11,-105,-44,11,-78,-31
292,672,0,45,-10,-27,98,-52,-38,147,-76,-48,184,-77,-57,93,-123,-15,113,-196,-36,119,-242,-49,124,-282,-58,67,-131,-15,75,-174,-58,62,-115,-68,54,-74,-62,38,-131,-18,41,-156,-60,34,-98,-53,30,-62,-35,9,-127,-23,15,-148,-52,12,-105,-45,12,-78,-32
294,672,0,45,-11,-25,98,-54,-34,146,-78,-45,183,-81,-55,91,-127,-14,110,-200,-35,117,-245,-47,122,-285,-56,63,-134,-15,73,-175,-59,61,-114,-69,53,-72,-63,35,-133,-20,40,-156,-63,33,-97,-56,28,-61,-37,6,-129,-26,13,-148,-55,11,-104,-48,10,-77,-35
293,672,0,45,-12,-25,97,-56,-35,146,-80,-46,182,-82,-56,89,-128,-15,107,-202,-36,114,-248,-48,120,-289,-57,62,-135,-16,73,-174,-60,61,-112,-69,53,-71,-63,33,-133,-20,40,-155,-64,33,-95,-56,29,-60,-37,4,-128,-27,13,-149,-56,12,-104,-49,10,-77,-34
292,675,0,44,-13,-23,97,-59,-33,144,-83,-44,180,-87,-54,87,-130,-15,106,-204,-36,112,-251,-49,118,-292,-58,60,-136,-17,74,-176,-62,63,-115,-71,55,-73,-65,32,-134,-23,42,-158,-67,36,-97,-58,29,-61,-38,3,-130,-30,16,-152,-59,14,-107,-51,10,-80,-36
293,675,0,45,-13,-23,97,-60,-33,143,-85,-44,179,-88,-55,86,-131,-15,103,-206,-37,110,-253,-49,115,-295,-59,59,-137,-18,73,-176,-62,63,-114,-72,55,-74,-66,30,-137,-24,42,-157,-69,36,-96,-60,29,-61,-40,0,-131,-31,14,-151,-61,13,-106,-53,9,-79,-38
292,677,0,44,-12,-23,96,-61,-32,143,-87,-43,179,-90,-53,86,-134,-15,102,-210,-37,109,-256,-49,113,-299,-59,59,-140,-18,74,-177,-62,64,-116,-71,55,-77,-65,29,-139,-24,43,-158,-68,36,-96,-59,29,-62,-40,0,-133,-31,14,-151,-61,13,-104,-52,9,-78,-38
290,678,0,45,-13,-26,95,-61,-36,142,-87,-47,178,-90,-57,86,-131,-15,102,-205,-37,107,-252,-50,111,-293,-59,59,-137,-16,71,-178,-61,61,-117,-70,54,-77,-64,30,-135,-21,39,-157,-66,33,-97,-57,28,-62,-37,2,-130,-27,12,-149,-57,11,-104,-49,9,-77,-34
291,677,0,45,-15,-26,95,-62,-36,141,-88,-46,176,-94,-56,86,-131,-15,101,-206,-37,104,-252,-49,106,-293,-58,58,-136,-16,67,-176,-60,57,-116,-69,51,-75,-63,30,-133,-20,34,-155,-63,30,-96,-56,27,-62,-37,2,-127,-26,9,-146,-54,8,-102,-47,8,-76,-33
251,793,0,18,-50,-31,27,-109,-43,42,-160,-52,60,-191,-59,-7,-141,-19,-36,-193,-43,-55,-222,-58,-72,-246,-69,-25,-122,-15,-39,-144,-54,-16,-104,-59,-2,-79,-53,-38,-98,-15,-47,-111,-55,-23,-76,-42,-11,-55,-21,-48,-70,-18,-55,-87,-42,-36,-61,-29,-25,-47,-12
251,794,0,18,-50,-33,28,-108,-45,43,-160,-55,61,-191,-60,-7,-142,-21,-37,-195,-44,-55,-224,-60,-73,-249,-71,-25,-123,-15,-39,-145,-54,-16,-104,-58,-2,-79,-51,-39,-98,-13,-47,-112,-53,-23,-76,-40,-11,-55,-19,-49,-71,-15,-55,-87,-38,-35,-62,-25,-25,-47,-10
250,796,0,18,-51,-33,28,-108,-45,43,-159,-55,62,-191,-61,-7,-142,-21,-36,-194,-45,-54,-223,-60,-72,-248,-72,-25,-123,-15,-39,-145,-54,-15,-105,-58,-2,-80,-51,-39,-98,-14,-46,-112,-54,-23,-76,-40,-11,-56,-19,-48,-71,-16,-54,-87,-40,-35,-62,-26,-25,-48,-10
250,799,0,19,-52,-33,28,-109,-44,43,-160,-51,62,-191,-54,-7,-142,-20,-36,-195,-43,-54,-224,-59,-72,-249,-71,-25,-124,-14,-38,-146,-51,-16,-105,-55,-2,-79,-48,-39,-98,-12,-46,-113,-50,-22,-76,-36,-11,-56,-16,-48,-71,-13,-54,-87,-35,-35,-63,-22,-25,-49,-6
249,799,0,19,-50,-33,28,-108,-45,43,-159,-55,62,-191,-61,-7,-142,-21,-36,-194,-44,-54,-223,-60,-72,-248,-72,-24,-123,-15,-39,-144,-53,-16,-105,-56,-2,-80,-49,-39,-98,-14,-46,-111,-53,-23,-75,-40,-11,-56,-19,-48,-71,-16,-55,-86,-39,-36,-62,-27,-25,-48,-11
247,801,0,19,-50,-35,29,-108,-47,43,-159,-56,62,-190,-61,-7,-142,-21,-35,-194,-46,-54,-222,-62,-71,-247,-73,-24,-123,-14,-39,-144,-53,-16,-104,-57,-2,-79,-50,-38,-97,-12,-46,-111,-52,-22,-75,-38,-10,-55,-18,-48,-70,-13,-54,-86,-37,-35,-61,-24,-24,-48,-8
245,799,0,19,-49,-35,29,-107,-48,45,-158,-57,63,-190,-63,-5,-142,-24,-34,-195,-50,-53,-223,-65,-71,-248,-77,-23,-122,-18,-38,-143,-57,-16,-102,-60,-1,-78,-52,-37,-97,-16,-45,-110,-57,-22,-73,-43,-10,-54,-23,-48,-70,-17,-54,-85,-42,-34,-60,-29,-24,-47,-14
245,800,0,19,-50,-33,29,-107,-46,45,-158,-56,64,-190,-63,-6,-142,-23,-35,-194,-48,-53,-223,-64,-71,-249,-76,-24,-123,-17,-38,-143,-58,-15,-102,-62,-1,-78,-55,-38,-97,-16,-45,-110,-58,-22,-74,-44,-10,-55,-23,-48,-70,-18,-54,-85,-43,-34,-60,-30,-24,-47,-14
243,799,0,20,-49,-32,30,-107,-44,46,-159,-55,65,-189,-63,-6,-142,-22,-35,-195,-47,-54,-224,-62,-71,-250,-74,-23,-123,-18,-37,-144,-58,-14,-104,-63,0,-79,-56,-37,-97,-18,-45,-111,-60,-21,-74,-46,-9,-55,-26,-47,-70,-21,-54,-86,-47,-35,-60,-35,-23,-46,-19
243,800,0,20,-49,-32,30,-107,-46,47,-158,-57,66,-189,-65,-7,-143,-23,-36,-197,-50,-55,-226,-66,-73,-252,-78,-24,-123,-18,-38,-144,-59,-15,-102,-62,0,-79,-55,-38,-97,-18,-46,-111,-60,-22,-74,-46,-10,-55,-24,-49,-70,-21,-55,-86,-46,-35,-60,-33,-24,-47,-16
242,801,0,20,-48,-30,31,-108,-43,47,-159,-55,68,-188,-64,-6,-143,-23,-35,-197,-50,-55,-226,-66,-73,-252,-78,-24,-123,-20,-38,-144,-62,-15,-103,-66,0,-79,-58,-38,-97,-22,-46,-112,-65,-22,-74,-50,-10,-55,-28,-50,-70,-26,-55,-87,-52,-35,-60,-39,-25,-46,-22
239,802,0,21,-47,-31,32,-108,-44,51,-159,-56,73,-186,-65,-4,-145,-24,-34,-199,-52,-54,-229,-67,-72,-255,-79,-23,-125,-21,-36,-147,-63,-14,-104,-66,1,-80,-58,-38,-99,-23,-44,-112,-67,-20,-74,-53,-8,-54,-31,-49,-72,-27,-54,-88,-54,-34,-60,-41,-23,-45,-25
237,812,0,23,-45,-30,36,-110,-43,57,-158,-55,79,-184,-65,-3,-146,-27,-31,-202,-54,-52,-234,-70,-69,-261,-82,-22,-126,-25,-34,-150,-69,-11,-106,-73,2,-81,-66,-38,-100,-28,-43,-116,-72,-19,-76,-58,-8,-54,-37,-51,-73,-34,-54,-92,-62,-34,-63,-49,-25,-45,-33
238,815,0,22,-47,-34,35,-108,-48,56,-155,-59,76,-185,-68,-3,-144,-29,-31,-201,-57,-51,-232,-74,-68,-259,-85,-21,-125,-25,-34,-148,-67,-12,-104,-69,2,-80,-60,-37,-100,-26,-42,-114,-71,-19,-75,-57,-8,-55,-35,-49,-72,-30,-53,-89,-57,-33,-62,-44,-24,-46,-27
241,819,0,21,-47,-36,34,-106,-50,54,-155,-61,72,-187,-69,-3,-143,-28,-32,-199,-56,-49,-230,-72,-66,-257,-82,-22,-125,-23,-34,-147,-64,-12,-104,-66,1,-80,-57,-37,-100,-23,-43,-114,-68,-19,-75,-53,-9,-57,-31,-49,-73,-27,-53,-90,-54,-34,-63,-40,-25,-47,-22
243,826,0,22,-49,-36,36,-105,-50,54,-154,-62,69,-188,-70,-2,-142,-25,-29,-198,-52,-46,-229,-67,-63,-255,-77,-21,-125,-20,-31,-148,-61,-10,-104,-63,2,-81,-53,-37,-100,-20,-41,-114,-64,-18,-75,-49,-9,-57,-26,-49,-72,-23,-52,-90,-50,-33,-63,-35,-25,-48,-17
245,826,0,22,-51,-38,37,-105,-53,55,-153,-65,65,-189,-72,-2,-142,-25,-28,-197,-52,-45,-228,-66,-61,-255,-75,-21,-124,-19,-30,-148,-61,-9,-106,-63,4,-82,-54,-36,-99,-18,-39,-113,-63,-17,-75,-48,-8,-58,-25,-48,-71,-20,-51,-89,-46,-32,-63,-31,-24,-50,-12
247,822,0,23,-51,-34,38,-105,-50,56,-152,-63,66,-189,-73,-2,-143,-24,-28,-198,-51,-45,-231,-64,-61,-258,-73,-21,-125,-20,-31,-149,-64,-9,-106,-67,3,-82,-58,-37,-99,-21,-40,-112,-67,-17,-74,-53,-8,-56,-29,-50,-72,-24,-52,-89,-52,-32,-61,-37,-25,-47,-19
249,821,0,23,-52,-32,39,-106,-46,58,-152,-60,67,-189,-70,-2,-143,-22,-28,-201,-49,-45,-234,-63,-61,-262,-71,-22,-126,-20,-31,-151,-66,-9,-108,-70,4,-81,-61,-38,-100,-21,-40,-115,-69,-17,-75,-54,-8,-56,-29,-50,-71,-25,-52,-90,-53,-33,-62,-37,-25,-48,-18
249,817,0,24,-51,-33,41,-104,-49,60,-151,-63,69,-188,-74,0,-144,-24,-27,-202,-51,-44,-237,-65,-60,-265,-74,-21,-126,-20,-30,-152,-68,-8,-108,-75,5,-80,-67,-37,-100,-21,-38,-114,-69,-16,-74,-56,-7,-54,-32,-50,-72,-24,-51,-90,-52,-32,-61,-37,-24,-46,-19
251,817,0,24,-53,-33,41,-105,-48,61,-151,-60,70,-188,-68,-1,-144,-23,-27,-203,-50,-44,-237,-63,-59,-265,-72,-21,-127,-19,-30,-152,-65,-9,-108,-69,3,-80,-61,-37,-101,-18,-38,-115,-66,-16,-75,-52,-7,-56,-28,-50,-73,-20,-51,-92,-47,-32,-63,-31,-24,-49,-12
253,816,0,24,-53,-33,41,-105,-47,61,-151,-59,70,-188,-66,-1,-144,-23,-27,-203,-48,-44,-237,-61,-59,-265,-69,-22,-128,-18,-29,-151,-62,-8,-107,-66,4,-80,-57,-38,-102,-17,-37,-116,-63,-16,-75,-49,-8,-56,-26,-52,-74,-19,-51,-91,-45,-32,-63,-30,-25,-49,-11
253,822,0,24,-52,-33,41,-104,-47,60,-151,-58,71,-187,-65,1,-143,-21,-25,-201,-47,-41,-235,-60,-57,-263,-69,-19,-128,-17,-28,-153,-61,-8,-109,-65,4,-82,-56,-35,-103,-17,-36,-118,-63,-15,-77,-49,-8,-58,-25,-48,-75,-19,-49,-94,-45,-31,-65,-29,-24,-50,-11
255,817,0,24,-52,-33,41,-104,-48,60,-150,-61,71,-187,-71,0,-143,-23,-26,-201,-50,-42,-234,-63,-58,-263,-72,-21,-126,-19,-28,-152,-66,-7,-108,-71,5,-81,-62,-37,-101,-19,-36,-115,-67,-16,-75,-52,-7,-56,-28,-50,-74,-22,-49,-90,-48,-31,-63,-33,-24,-49,-14
255,816,0,25,-51,-32,41,-103,-46,62,-150,-56,72,-187,-63,0,-142,-23,-25,-201,-49,-41,-234,-63,-56,-263,-71,-20,-127,-19,-26,-152,-65,-7,-109,-70,5,-81,-62,-36,-102,-19,-35,-116,-67,-14,-76,-53,-6,-57,-30,-48,-75,-21,-49,-92,-47,-30,-64,-32,-23,-50,-13
256,816,0,24,-52,-33,41,-103,-47,61,-150,-58,72,-187,-65,1,-142,-22,-24,-200,-47,-40,-233,-60,-54,-261,-68,-19,-127,-17,-26,-151,-61,-7,-108,-64,5,-82,-55,-35,-102,-17,-35,-116,-62,-14,-76,-47,-7,-58,-24,-47,-75,-19,-48,-92,-43,-29,-64,-27,-23,-51,-9
256,817,0,24,-51,-36,40,-102,-50,61,-150,-60,73,-187,-64,1,-142,-23,-23,-200,-48,-38,-233,-62,-53,-262,-70,-19,-127,-16,-25,-152,-58,-6,-110,-61,5,-82,-52,-35,-102,-14,-34,-117,-58,-14,-78,-44,-7,-59,-22,-46,-76,-15,-47,-92,-39,-29,-66,-24,-23,-53,-6
256,815,0,24,-50,-35,41,-102,-51,61,-149,-63,74,-186,-70,1,-141,-27,-22,-200,-54,-38,-233,-69,-52,-262,-77,-19,-127,-21,-24,-151,-66,-6,-109,-70,5,-81,-61,-35,-102,-20,-34,-116,-66,-14,-76,-52,-7,-57,-29,-47,-75,-21,-46,-91,-46,-29,-65,-31,-22,-52,-13
257,813,0,24,-50,-34,41,-103,-48,63,-150,-60,74,-186,-67,1,-141,-26,-22,-200,-54,-37,-235,-68,-52,-264,-77,-18,-127,-21,-24,-154,-70,-6,-111,-76,5,-82,-68,-35,-103,-21,-34,-116,-70,-14,-77,-57,-6,-57,-35,-47,-76,-23,-47,-91,-49,-29,-64,-35,-22,-51,-17
258,811,0,24,-53,-36,42,-102,-50,63,-150,-59,75,-186,-63,1,-141,-25,-22,-200,-51,-37,-233,-65,-51,-263,-73,-19,-127,-17,-23,-153,-62,-6,-110,-65,5,-81,-56,-35,-103,-14,-33,-116,-60,-14,-78,-47,-6,-59,-25,-47,-77,-13,-47,-91,-36,-28,-66,-20,-21,-55,-2
266,623,0,49,7,-24,114,-5,-37,164,5,-53,198,22,-69,118,-93,-19,159,-152,-43,180,-190,-57,198,-227,-67,93,-114,-23,119,-134,-68,92,-80,-78,71,-48,-73,64,-129,-30,84,-132,-75,59,-76,-66,42,-49,-46,32,-140,-39,54,-146,-68,42,-101,-58,29,-78,-42
265,621,0,48,8,-24,114,-3,-38,164,7,-53,198,23,-69,119,-90,-20,160,-150,-44,181,-189,-58,200,-225,-67,94,-112,-23,120,-132,-69,92,-78,-79,71,-46,-73,65,-128,-30,85,-131,-75,59,-75,-67,42,-47,-47,33,-140,-38,56,-146,-67,43,-101,-58,30,-78,-42
266,620,0,48,9,-25,113,-2,-38,164,8,-54,198,25,-70,118,-89,-21,158,-149,-45,179,-188,-58,198,-223,-68,93,-111,-24,119,-130,-70,91,-77,-80,70,-45,-75,64,-126,-31,83,-130,-76,59,-75,-67,41,-46,-47,32,-138,-39,54,-145,-68,42,-100,-59,29,-76,-43
265,622,0,48,8,-24,114,-2,-38,164,8,-53,198,25,-68,119,-90,-20,159,-148,-44,181,-186,-57,199,-221,-67,94,-113,-23,120,-131,-68,92,-78,-78,71,-46,-73,65,-128,-29,85,-130,-74,60,-75,-66,41,-47,-46,33,-140,-38,56,-145,-67,43,-100,-58,30,-76,-42
283,686,0,45,15,-24,112,12,-37,161,26,-51,195,44,-65,122,-82,-23,166,-131,-48,191,-164,-62,213,-195,-70,101,-110,-25,126,-112,-70,96,-61,-78,71,-33,-71,74,-130,-31,92,-110,-74,64,-59,-65,44,-37,-46,45,-143,-38,64,-122,-66,48,-81,-59,32,-63,-45
282,683,0,46,14,-24,111,11,-37,160,25,-51,195,43,-65,121,-84,-23,166,-135,-48,191,-167,-61,214,-198,-70,100,-111,-26,126,-115,-71,95,-62,-79,71,-32,-72,73,-130,-31,92,-111,-76,63,-60,-67,42,-36,-47,44,-144,-39,62,-123,-67,46,-81,-60,31,-63,-46
