297,773,0,54,-54,80,79,-96,101,102,-127,90,113,-165,76,32,-164,153,49,-215,148,77,-214,124,94,-195,107,19,-165,82,39,-234,66,73,-227,33,93,-196,16,10,-162,7,30,-231,-7,67,-227,-19,88,-201,-23,9,-152,-66,34,-202,-80,63,-210,-83,85,-203,-83
297,776,0,54,-54,79,79,-97,100,102,-128,88,113,-165,74,32,-165,146,49,-218,137,77,-215,112,94,-194,96,19,-164,76,40,-234,56,74,-225,24,93,-194,6,10,-161,1,31,-230,-16,67,-225,-27,88,-199,-30,9,-150,-71,34,-200,-87,62,-208,-90,83,-202,-90
295,779,0,54,-54,77,79,-96,96,102,-128,84,113,-166,69,32,-166,148,49,-216,139,77,-213,114,94,-194,97,19,-166,78,39,-233,59,73,-225,27,94,-193,9,10,-162,5,31,-231,-12,68,-224,-22,89,-198,-26,9,-151,-67,34,-201,-82,64,-209,-85,85,-202,-85
297,775,0,54,-54,74,80,-96,94,103,-127,83,113,-165,70,33,-167,147,50,-219,139,77,-216,113,94,-197,96,20,-168,81,40,-236,61,75,-228,26,95,-195,6,10,-165,10,31,-233,-7,69,-226,-20,91,-199,-26,10,-154,-59,35,-203,-73,64,-211,-77,86,-203,-78
298,775,0,54,-54,76,81,-96,95,103,-127,84,113,-165,69,33,-166,147,49,-220,139,77,-216,113,94,-195,96,20,-167,79,39,-236,60,74,-228,27,93,-196,8,10,-164,6,30,-234,-10,67,-227,-22,88,-201,-26,9,-153,-65,34,-203,-80,63,-210,-83,84,-203,-83
299,777,0,54,-54,77,80,-97,98,103,-128,86,112,-166,73,33,-167,148,49,-219,139,77,-216,114,94,-195,96,20,-168,79,40,-236,59,74,-226,25,94,-194,7,10,-164,6,30,-233,-11,67,-226,-23,89,-199,-28,9,-152,-65,34,-202,-81,64,-210,-84,85,-202,-85
297,779,0,55,-56,81,81,-98,103,104,-128,93,113,-165,79,33,-168,149,50,-220,142,78,-218,117,96,-199,100,21,-167,78,40,-237,57,76,-229,24,96,-198,6,11,-163,2,32,-233,-16,70,-226,-28,93,-200,-31,10,-152,-71,35,-202,-87,65,-211,-91,87,-203,-91
294,775,0,56,-54,81,82,-95,103,105,-126,92,114,-164,78,36,-165,151,53,-215,144,80,-213,119,98,-195,103,22,-166,79,42,-234,59,76,-226,26,97,-194,10,13,-162,3,33,-230,-15,70,-224,-26,92,-199,-29,11,-152,-71,37,-201,-88,67,-209,-92,88,-202,-91
296,775,0,55,-53,75,81,-96,97,103,-127,87,114,-165,75,35,-165,144,52,-216,136,80,-213,110,99,-194,93,21,-166,76,42,-234,55,77,-226,22,98,-195,3,11,-164,3,33,-232,-16,70,-225,-29,93,-199,-34,8,-153,-67,36,-200,-86,66,-207,-92,88,-201,-94
299,770,0,55,-53,77,81,-96,98,103,-127,87,112,-166,73,33,-165,153,51,-216,146,79,-212,119,97,-193,99,20,-166,83,41,-234,62,77,-225,23,98,-192,2,10,-163,9,31,-232,-9,70,-225,-25,93,-198,-32,8,-153,-63,35,-202,-79,65,-209,-84,87,-201,-86
298,774,0,54,-54,73,80,-95,91,103,-127,79,111,-166,64,33,-166,144,49,-217,135,78,-213,110,96,-195,92,20,-167,76,40,-234,56,76,-225,22,97,-194,3,10,-164,5,32,-230,-14,71,-223,-26,93,-197,-29,7,-152,-65,34,-200,-81,65,-208,-84,87,-201,-83
298,792,0,51,-54,57,78,-99,71,100,-132,59,110,-167,46,30,-168,117,46,-219,101,74,-216,74,93,-199,57,17,-168,60,37,-236,35,72,-228,2,93,-197,-13,8,-164,-1,30,-232,-23,68,-226,-35,91,-201,-38,7,-151,-60,32,-201,-79,61,-210,-83,83,-204,-82
297,792,0,51,-54,63,78,-98,78,100,-131,65,110,-167,51,30,-166,120,46,-218,106,75,-215,80,94,-198,63,17,-166,59,38,-234,34,73,-225,3,94,-195,-12,8,-161,-6,30,-230,-28,67,-224,-39,90,-199,-42,6,-149,-69,31,-199,-89,61,-208,-93,83,-202,-92
295,799,0,51,-56,71,77,-100,89,99,-132,78,109,-168,64,30,-168,126,46,-221,112,74,-216,87,94,-196,70,17,-167,61,38,-235,36,73,-225,5,94,-194,-9,8,-161,-8,30,-230,-31,68,-222,-41,90,-197,-42,7,-149,-75,31,-199,-95,60,-208,-99,82,-203,-98
295,798,0,51,-55,60,78,-100,74,100,-132,62,110,-167,48,28,-170,112,45,-224,94,75,-218,65,95,-197,47,16,-169,54,38,-238,25,75,-227,-8,96,-194,-24,7,-164,-9,31,-232,-34,70,-223,-47,93,-196,-49,6,-150,-71,31,-201,-91,62,-210,-96,84,-203,-95
296,802,0,52,-54,59,78,-100,74,100,-132,62,111,-167,49,29,-169,114,47,-223,98,77,-216,71,96,-196,54,17,-170,57,40,-237,32,76,-227,0,96,-195,-16,9,-165,-5,32,-233,-26,70,-225,-39,92,-198,-41,8,-152,-65,33,-202,-83,63,-209,-88,86,-201,-87
203,575,0,64,-2,1,116,-23,0,160,-35,-2,193,-49,-1,92,-126,12,155,-134,-6,186,-102,-24,202,-72,-32,84,-139,5,159,-163,-12,192,-125,-29,200,-85,-35,80,-136,-3,146,-155,-12,179,-123,-20,191,-91,-22,79,-121,-11,132,-132,-14,161,-115,-14,177,-93,-10
201,568,0,65,-1,6,117,-22,6,159,-34,3,194,-46,5,93,-125,12,157,-135,-5,187,-103,-19,200,-72,-24,85,-139,2,160,-162,-13,192,-124,-25,200,-85,-27,80,-134,-7,148,-152,-16,179,-120,-20,190,-88,-18,80,-119,-17,133,-130,-21,161,-112,-18,176,-90,-11
193,574,0,71,-8,64,118,-32,85,157,-44,85,192,-55,86,94,-134,103,152,-147,104,183,-118,92,197,-89,85,85,-144,57,155,-172,56,190,-138,44,200,-99,40,81,-140,10,146,-163,13,180,-131,15,192,-99,19,83,-124,-34,137,-138,-31,167,-121,-22,183,-101,-13
335,709,0,37,-69,71,48,-122,83,64,-154,70,83,-182,56,-14,-161,64,19,-221,39,54,-220,17,78,-208,4,-17,-154,2,23,-223,-24,61,-220,-40,84,-206,-46,-10,-140,-58,24,-212,-78,60,-213,-75,81,-203,-70,7,-124,-115,30,-182,-131,54,-198,-127,73,-205,-122
381,670,0,45,-28,-16,75,-81,-11,93,-131,-13,96,-176,-14,45,-140,70,60,-189,56,77,-204,28,90,-203,12,28,-150,63,45,-205,43,65,-219,6,81,-209,-15,10,-155,47,27,-211,29,49,-227,3,66,-220,-10,-11,-153,27,5,-200,14,22,-227,1,41,-236,-6
381,672,0,44,-27,-19,73,-80,-16,92,-131,-19,94,-177,-22,44,-139,65,59,-186,50,76,-202,23,89,-202,6,28,-149,60,44,-204,39,65,-218,4,80,-209,-17,9,-154,44,28,-210,26,49,-225,1,66,-219,-12,-10,-153,24,5,-200,11,22,-225,-2,41,-235,-9
381,668,0,46,-27,-15,74,-81,-10,93,-131,-13,96,-176,-14,46,-141,70,61,-190,56,79,-205,28,92,-203,12,29,-151,63,46,-208,42,67,-220,5,83,-207,-16,10,-156,46,28,-213,28,50,-228,2,68,-219,-12,-10,-155,25,5,-203,12,22,-228,-1,41,-237,-8
382,670,0,43,-27,-19,72,-82,-14,90,-133,-16,93,-177,-17,45,-139,64,60,-187,49,77,-203,22,90,-204,5,28,-149,59,45,-205,38,64,-218,2,80,-209,-19,10,-155,44,27,-209,25,49,-225,-1,66,-218,-14,-11,-154,25,5,-200,11,21,-225,-2,40,-234,-9
382,665,0,45,-27,-15,72,-80,-10,92,-132,-12,93,-177,-14,44,-138,74,60,-184,63,77,-200,38,90,-203,21,28,-148,67,45,-203,48,65,-218,12,81,-209,-9,9,-155,50,28,-209,33,49,-224,6,68,-217,-8,-11,-154,29,5,-201,16,23,-226,3,43,-234,-5
382,665,0,44,-25,-22,73,-78,-20,92,-131,-23,93,-177,-25,45,-137,63,60,-183,49,78,-199,23,90,-201,7,28,-148,60,45,-202,40,64,-216,5,80,-207,-16,10,-154,47,27,-209,29,48,-224,3,66,-217,-10,-11,-153,30,5,-199,16,22,-225,2,41,-234,-5
382,667,0,44,-26,-20,72,-80,-18,92,-131,-22,94,-177,-24,44,-138,64,59,-186,49,77,-202,22,90,-204,5,28,-149,59,44,-204,38,64,-217,1,80,-207,-21,9,-154,44,27,-209,25,48,-225,-1,66,-218,-15,-12,-153,25,4,-200,11,22,-226,-3,41,-235,-10
383,667,0,43,-29,-16,72,-80,-12,90,-131,-15,92,-178,-17,42,-137,72,57,-183,61,75,-199,35,87,-202,18,26,-147,65,42,-201,47,62,-215,11,77,-207,-11,8,-153,49,26,-208,32,47,-223,7,65,-217,-7,-12,-153,28,4,-198,16,21,-223,3,40,-232,-4
380,671,0,43,-31,-16,71,-80,-13,89,-130,-19,93,-177,-23,41,-137,78,56,-183,68,73,-199,43,86,-202,27,25,-146,70,41,-201,54,60,-214,18,76,-205,-3,7,-152,53,24,-207,40,44,-221,16,63,-214,3,-12,-151,32,2,-196,23,19,-220,12,37,-227,6
378,673,0,44,-31,-8,71,-81,-3,90,-130,-7,93,-177,-12,40,-138,88,56,-185,80,73,-201,55,87,-204,38,25,-147,75,40,-202,59,61,-216,20,77,-207,-4,7,-152,52,24,-207,38,46,-221,11,65,-212,-5,-12,-150,26,3,-197,16,21,-222,3,40,-231,-6
378,677,0,44,-32,-7,70,-83,-1,90,-132,-5,91,-178,-9,39,-141,89,54,-187,81,73,-202,56,87,-204,38,24,-149,75,40,-204,59,61,-216,20,78,-206,-4,6,-153,52,23,-208,38,46,-221,12,66,-211,-4,-13,-151,25,2,-198,16,19,-223,4,38,-231,-5
378,675,0,44,-32,-4,71,-82,3,91,-131,-1,92,-178,-5,40,-139,94,55,-187,89,73,-203,65,86,-205,48,24,-148,80,41,-204,67,61,-217,27,77,-206,3,6,-153,56,24,-208,46,46,-222,19,64,-214,2,-13,-151,29,3,-197,22,20,-223,11,39,-232,2
385,673,0,41,-29,-18,69,-82,-16,88,-133,-20,90,-179,-23,38,-139,68,53,-185,56,71,-201,31,83,-203,16,23,-148,62,38,-203,45,58,-216,11,74,-206,-9,5,-152,47,22,-207,32,43,-222,8,61,-214,-4,-14,-150,28,1,-196,16,18,-220,5,37,-227,-1
384,670,0,43,-29,-17,70,-81,-14,90,-132,-18,91,-178,-21,40,-138,71,55,-185,60,72,-202,35,84,-205,19,24,-147,64,40,-203,47,59,-216,11,75,-207,-10,6,-151,48,23,-207,33,44,-222,8,61,-215,-5,-14,-149,28,2,-195,17,19,-221,6,36,-231,-1
410,705,0,44,-52,59,64,-103,77,83,-138,70,91,-178,63,13,-160,126,31,-204,125,58,-208,106,76,-200,92,2,-161,74,24,-221,64,56,-221,39,75,-200,25,-4,-157,17,17,-223,9,51,-222,0,73,-203,-4,-1,-147,-37,22,-201,-45,50,-211,-44,71,-206,-42
406,700,0,45,-54,51,67,-103,62,87,-139,49,92,-178,35,13,-164,101,30,-215,89,59,-215,66,76,-200,52,1,-162,51,26,-228,34,59,-222,8,77,-196,-4,-4,-157,-2,18,-226,-17,54,-223,-24,74,-201,-24,0,-145,-54,23,-202,-65,52,-213,-63,72,-208,-59
405,701,0,43,-53,44,66,-104,52,88,-140,41,94,-177,30,9,-166,89,28,-218,75,57,-218,53,76,-203,39,-2,-165,45,23,-232,27,58,-226,4,77,-199,-7,-6,-160,-2,18,-231,-17,54,-227,-24,75,-204,-24,0,-148,-48,20,-206,-58,49,-218,-57,70,-213,-52
404,700,0,43,-53,38,67,-103,44,87,-140,30,94,-177,17,9,-165,81,27,-217,64,56,-216,40,75,-199,26,-1,-164,40,23,-231,20,57,-223,-4,76,-196,-15,-6,-159,-5,18,-229,-22,53,-224,-29,74,-200,-28,0,-147,-50,21,-203,-62,49,-214,-60,69,-210,-56
406,700,0,42,-52,39,65,-104,45,86,-141,31,92,-178,18,7,-165,79,25,-219,62,54,-219,39,73,-202,26,-4,-164,37,20,-232,17,55,-223,-6,74,-196,-15,-8,-159,-8,16,-230,-25,51,-225,-30,72,-201,-28,-2,-146,-52,19,-204,-64,47,-216,-62,67,-211,-57
404,696,0,43,-53,40,67,-104,45,89,-140,30,96,-176,16,10,-167,82,28,-221,62,58,-218,37,77,-197,22,-1,-167,39,24,-233,15,59,-221,-10,77,-190,-21,-6,-161,-8,19,-231,-27,55,-223,-34,75,-196,-33,-1,-148,-54,19,-206,-67,47,-219,-66,68,-215,-61
404,696,0,42,-50,33,67,-102,38,89,-138,24,98,-175,12,11,-167,76,29,-219,58,58,-218,33,77,-202,19,0,-167,37,23,-234,14,58,-225,-11,77,-197,-22,-5,-162,-5,17,-235,-25,53,-230,-34,75,-205,-34,-1,-152,-47,19,-209,-60,47,-220,-61,69,-216,-57
404,693,0,42,-51,30,67,-103,33,88,-139,19,93,-177,6,10,-165,71,27,-218,51,56,-217,26,75,-201,11,-1,-165,34,21,-232,10,57,-225,-14,76,-198,-25,-6,-160,-7,16,-231,-28,53,-226,-36,74,-203,-35,-2,-148,-48,20,-204,-62,47,-216,-62,68,-212,-59
403,693,0,42,-50,31,67,-102,35,89,-139,21,95,-176,9,13,-166,71,29,-220,51,58,-218,26,77,-200,12,1,-166,34,23,-233,9,57,-223,-17,77,-194,-28,-5,-160,-8,16,-232,-29,52,-226,-39,74,-201,-39,-2,-148,-49,18,-207,-64,46,-219,-66,68,-216,-63
399,695,0,43,-51,37,68,-102,43,89,-138,29,95,-176,16,13,-166,77,30,-219,59,59,-217,34,79,-201,20,1,-166,36,24,-233,12,59,-226,-13,80,-197,-25,-4,-161,-10,18,-232,-29,54,-227,-38,77,-202,-39,-1,-149,-54,20,-206,-68,48,-218,-69,69,-214,-66
401,693,0,43,-51,34,67,-103,39,88,-140,26,94,-177,14,11,-168,72,28,-222,53,58,-220,28,76,-203,14,-1,-167,33,23,-236,9,58,-227,-15,78,-199,-26,-6,-161,-9,17,-234,-30,54,-229,-39,75,-204,-39,-2,-149,-51,20,-206,-67,48,-219,-68,70,-214,-65
401,693,0,43,-51,33,67,-104,37,87,-142,25,93,-177,13,10,-168,69,27,-222,48,57,-219,24,75,-202,10,-2,-167,31,23,-233,6,58,-223,-17,77,-194,-27,-7,-160,-10,17,-232,-32,54,-226,-40,75,-202,-40,-3,-148,-51,19,-206,-66,47,-218,-67,69,-212,-64
400,690,0,43,-51,33,67,-104,40,87,-142,29,92,-178,20,13,-168,73,29,-220,54,58,-218,29,77,-201,15,0,-167,36,23,-233,10,58,-224,-15,78,-195,-26,-6,-161,-6,16,-232,-29,53,-226,-40,76,-202,-41,-3,-149,-46,18,-206,-64,47,-218,-67,69,-214,-64
400,692,0,41,-50,31,65,-103,37,86,-140,26,92,-178,17,12,-166,72,27,-219,53,56,-218,29,76,-202,15,0,-166,35,21,-232,11,56,-226,-14,76,-199,-25,-6,-160,-5,15,-232,-26,51,-228,-37,73,-205,-38,-4,-149,-45,17,-206,-60,46,-218,-63,67,-214,-60
396,694,0,43,-52,36,67,-104,43,88,-140,31,94,-177,21,13,-167,78,28,-220,61,57,-218,37,76,-203,23,1,-166,39,21,-233,15,56,-226,-10,77,-199,-22,-5,-161,-4,16,-232,-25,52,-228,-35,75,-205,-36,-2,-149,-46,19,-206,-61,47,-219,-64,69,-215,-61
399,688,0,42,-49,30,67,-102,36,87,-140,26,92,-178,16,14,-167,71,29,-220,53,57,-218,29,76,-203,15,2,-167,35,21,-234,10,56,-226,-16,77,-199,-28,-5,-162,-5,15,-233,-28,52,-228,-39,74,-204,-41,-4,-150,-45,16,-206,-62,44,-219,-65,66,-217,-64
397,687,0,42,-50,33,67,-102,40,89,-140,30,94,-177,21,14,-167,78,29,-219,63,58,-219,40,77,-206,26,2,-167,41,23,-234,19,57,-228,-6,78,-201,-18,-5,-163,0,16,-234,-20,52,-231,-31,75,-208,-33,-3,-152,-41,18,-208,-55,46,-221,-57,68,-218,-55
396,687,0,42,-49,32,66,-102,39,87,-140,29,92,-178,20,13,-167,75,27,-220,59,56,-221,36,76,-208,22,1,-168,38,21,-235,15,57,-229,-10,78,-203,-21,-5,-162,-3,16,-233,-24,52,-230,-34,75,-207,-35,-3,-151,-43,18,-207,-58,46,-220,-61,68,-217,-58
402,684,0,41,-49,29,65,-103,35,84,-141,24,90,-179,16,10,-167,72,24,-219,55,53,-219,31,72,-205,17,-2,-166,38,17,-233,15,52,-227,-10,73,-202,-21,-8,-161,-1,12,-232,-22,48,-230,-33,71,-207,-35,-5,-150,-39,16,-206,-55,44,-218,-58,66,-213,-56
400,682,0,41,-47,26,66,-101,30,86,-140,19,91,-178,9,12,-166,68,27,-220,49,56,-221,24,75,-206,10,0,-166,35,20,-233,10,54,-227,-16,75,-200,-28,-7,-161,-3,13,-233,-25,49,-230,-37,72,-207,-39,-5,-150,-40,15,-207,-57,44,-219,-60,66,-216,-58
401,680,0,42,-47,29,66,-102,35,85,-141,25,91,-178,17,12,-168,74,26,-220,57,54,-221,33,74,-206,19,0,-168,39,19,-234,16,53,-228,-10,74,-201,-22,-7,-163,0,13,-234,-20,49,-230,-32,71,-207,-33,-5,-151,-39,15,-208,-54,44,-220,-57,66,-216,-55
401,680,0,41,-47,30,65,-102,37,85,-140,27,91,-179,18,11,-166,73,25,-221,55,54,-221,31,74,-205,18,-1,-166,38,19,-234,14,54,-228,-11,75,-201,-22,-8,-160,-2,13,-232,-22,50,-229,-33,72,-206,-34,-5,-149,-41,16,-206,-56,44,-218,-59,66,-213,-56
399,683,0,41,-48,31,65,-102,38,86,-140,27,91,-178,19,12,-166,72,27,-221,54,57,-221,30,77,-206,17,0,-166,36,20,-234,13,56,-228,-12,77,-202,-22,-6,-160,-4,15,-231,-24,52,-228,-34,74,-206,-35,-3,-148,-43,16,-206,-58,44,-218,-60,66,-213,-56
402,681,0,42,-49,32,66,-102,39,85,-140,29,91,-178,20,12,-166,79,27,-219,64,55,-219,41,74,-204,27,0,-166,42,19,-233,21,53,-227,-4,74,-201,-16,-7,-161,2,13,-232,-17,50,-229,-28,72,-206,-30,-5,-150,-39,16,-207,-53,45,-219,-55,67,-215,-53
404,682,0,40,-49,28,64,-102,33,84,-140,21,90,-179,11,11,-165,70,24,-219,51,53,-221,27,73,-206,14,-1,-165,35,18,-232,11,53,-227,-13,74,-201,-24,-7,-159,-4,12,-230,-24,48,-227,-34,70,-206,-34,-5,-148,-43,14,-204,-58,42,-218,-59,64,-214,-56
404,680,0,40,-49,31,64,-101,35,85,-139,22,91,-178,10,9,-165,73,24,-219,56,53,-221,32,73,-207,19,-2,-165,36,17,-233,14,53,-228,-11,74,-201,-21,-8,-159,-4,13,-230,-22,49,-227,-31,71,-205,-31,-5,-148,-45,15,-204,-58,43,-218,-58,64,-214,-55
405,686,0,40,-48,30,65,-101,34,86,-139,21,92,-178,9,10,-166,74,25,-220,57,53,-221,33,74,-207,19,-1,-166,38,18,-233,16,53,-228,-9,74,-201,-21,-7,-161,-2,13,-231,-21,49,-229,-30,71,-207,-30,-5,-149,-43,15,-206,-56,43,-220,-56,65,-216,-53
653,692,0,46,-55,67,67,-105,87,88,-140,81,96,-176,76,8,-157,115,29,-209,114,60,-213,99,81,-204,87,-5,-158,62,23,-223,56,60,-225,37,82,-205,25,-10,-154,6,19,-218,5,56,-221,2,79,-206,-2,-3,-145,-47,22,-197,-45,50,-206,-39,71,-200,-36
655,683,0,46,-55,52,68,-104,66,87,-139,58,94,-177,51,7,-155,103,29,-206,99,59,-211,81,79,-205,67,-7,-156,58,24,-219,48,60,-221,25,82,-204,11,-11,-150,9,18,-214,3,55,-216,-4,78,-201,-8,-5,-140,-38,20,-192,-40,48,-201,-36,69,-194,-33
654,680,0,45,-53,46,67,-102,57,87,-137,49,95,-176,40,7,-155,95,30,-205,90,61,-210,72,81,-203,58,-5,-157,52,24,-222,42,60,-223,20,82,-204,6,-11,-153,7,17,-218,0,55,-220,-9,77,-204,-14,-6,-143,-38,18,-196,-42,46,-205,-40,67,-198,-38
654,669,0,44,-49,42,67,-99,55,86,-136,48,94,-177,41,13,-152,102,31,-201,100,60,-209,82,79,-204,70,0,-156,62,23,-221,53,59,-224,30,81,-206,17,-7,-154,18,19,-217,10,56,-220,0,79,-205,-5,-4,-145,-26,18,-198,-31,45,-210,-30,67,-206,-29
649,670,0,45,-48,35,68,-98,46,86,-135,38,94,-177,32,13,-150,98,31,-198,93,59,-206,73,78,-202,59,0,-154,62,23,-217,50,58,-221,24,81,-204,10,-7,-152,22,17,-217,11,53,-221,-1,78,-206,-6,-5,-144,-19,16,-199,-25,44,-210,-26,66,-207,-25
267,625,0,51,-59,62,69,-106,87,86,-144,83,82,-183,76,8,-159,171,15,-212,171,43,-220,140,66,-202,119,-6,-158,117,-1,-225,109,34,-230,61,61,-209,31,-19,-158,56,-14,-223,54,24,-231,22,50,-215,1,-26,-155,-3,-13,-212,-4,13,-224,-13,36,-218,-22
267,622,0,51,-59,60,69,-105,84,85,-144,80,81,-183,74,8,-158,169,15,-211,170,42,-219,141,63,-202,121,-7,-157,117,-3,-224,111,32,-229,64,60,-209,35,-20,-156,59,-16,-222,57,22,-230,25,49,-214,4,-27,-153,2,-14,-210,2,12,-223,-8,34,-217,-17
266,621,0,52,-58,59,71,-105,85,87,-144,83,82,-183,79,9,-157,174,17,-209,177,44,-218,148,64,-201,128,-6,-157,123,-2,-223,118,32,-229,70,60,-208,40,-19,-157,66,-15,-223,65,22,-231,31,49,-214,9,-26,-155,10,-13,-211,11,12,-224,-1,35,-219,-10
265,625,0,52,-59,62,70,-106,88,85,-144,87,80,-183,83,9,-157,174,16,-208,179,43,-217,150,63,-201,130,-7,-156,123,-2,-222,119,32,-228,72,59,-207,41,-19,-156,65,-15,-222,66,22,-230,33,49,-214,11,-27,-154,9,-13,-210,11,13,-223,1,35,-218,-8
266,626,0,51,-59,60,69,-106,84,84,-145,80,80,-184,74,8,-159,168,15,-210,169,42,-219,138,63,-202,116,-6,-157,115,-3,-224,106,31,-229,57,59,-208,26,-19,-157,57,-15,-222,53,21,-230,20,48,-213,-2,-27,-153,-1,-16,-210,-2,9,-225,-13,30,-219,-22
265,625,0,52,-59,61,70,-106,87,87,-144,84,83,-182,79,10,-160,170,17,-213,169,44,-221,138,65,-202,117,-5,-158,117,0,-226,108,33,-232,59,60,-210,29,-18,-158,57,-14,-225,54,23,-233,21,49,-216,0,-26,-155,-1,-13,-212,-2,12,-226,-13,34,-220,-22
265,626,0,51,-58,59,70,-106,84,85,-144,81,82,-183,75,10,-159,167,18,-212,166,44,-220,135,65,-202,114,-4,-158,114,0,-225,105,33,-230,55,60,-208,25,-17,-158,56,-14,-224,51,22,-232,18,48,-215,-4,-26,-154,-2,-14,-212,-4,11,-225,-15,33,-220,-24
266,622,0,51,-58,62,69,-105,87,86,-143,84,81,-183,79,9,-159,167,17,-211,165,44,-219,132,64,-202,108,-6,-157,114,-1,-225,103,33,-230,51,60,-208,17,-19,-157,55,-15,-223,50,22,-231,15,48,-214,-9,-27,-153,-3,-15,-210,-4,11,-224,-16,33,-219,-25
267,625,0,51,-57,58,69,-106,82,86,-145,79,81,-183,73,10,-159,164,17,-213,164,44,-222,133,66,-204,112,-5,-159,113,-1,-227,103,33,-232,54,61,-209,23,-19,-158,56,-16,-225,51,22,-234,17,48,-217,-5,-27,-153,0,-17,-212,-3,9,-228,-15,32,-223,-24
269,623,0,51,-58,56,69,-104,77,86,-145,70,79,-184,60,8,-158,167,16,-211,167,42,-219,137,63,-201,117,-7,-157,116,-2,-224,108,33,-229,60,60,-207,30,-20,-157,59,-14,-223,56,23,-231,25,49,-212,4,-27,-153,2,-15,-212,4,10,-226,-5,32,-219,-12
272,622,0,50,-55,54,69,-102,75,86,-143,68,80,-184,58,10,-157,164,18,-210,163,44,-217,133,63,-199,113,-5,-156,113,-1,-224,104,32,-228,57,59,-206,28,-18,-156,56,-14,-223,51,23,-230,20,49,-213,0,-27,-152,-1,-13,-211,-2,13,-225,-11,35,-219,-17
272,620,0,50,-56,53,68,-101,73,86,-142,66,80,-184,56,9,-155,161,16,-209,160,42,-217,129,63,-200,107,-6,-154,112,-2,-223,103,32,-228,52,59,-206,21,-20,-155,56,-15,-222,52,21,-231,19,47,-212,-3,-28,-150,1,-15,-209,1,10,-225,-9,32,-219,-17
277,625,0,48,-55,52,66,-103,70,82,-144,61,75,-186,50,9,-156,158,14,-208,158,40,-217,130,61,-199,111,-6,-155,109,-4,-221,101,28,-227,58,55,-205,32,-19,-155,52,-17,-220,49,19,-229,23,45,-212,6,-28,-149,-4,-18,-209,-4,7,-224,-9,29,-218,-13
283,624,0,47,-55,53,65,-103,73,82,-145,66,74,-186,56,8,-158,155,12,-211,157,39,-218,132,59,-201,114,-7,-158,106,-5,-223,98,28,-229,58,55,-206,34,-20,-157,50,-18,-222,45,20,-230,21,46,-212,6,-29,-150,-6,-20,-211,-8,6,-226,-14,28,-219,-18
345,631,0,38,-38,-12,64,-94,-16,84,-141,-26,83,-182,-34,16,-164,37,24,-222,13,46,-230,-15,63,-219,-30,1,-167,26,7,-236,-2,34,-241,-34,55,-221,-49,-15,-165,8,-11,-236,-16,19,-243,-35,43,-226,-42,-31,-157,-13,-23,-217,-32,-1,-236,-41,21,-234,-43
346,628,0,38,-40,-12,63,-94,-16,82,-141,-28,80,-184,-38,15,-158,44,21,-216,20,43,-225,-11,59,-212,-28,0,-161,33,5,-229,4,31,-235,-31,51,-213,-49,-16,-159,14,-12,-228,-9,16,-236,-30,38,-218,-39,-31,-151,-9,-23,-209,-25,-3,-228,-35,18,-227,-38
345,631,0,38,-37,-13,64,-94,-17,84,-141,-27,82,-182,-36,16,-162,41,23,-221,17,45,-230,-12,61,-218,-29,1,-165,30,6,-234,2,33,-240,-31,54,-219,-48,-16,-163,12,-11,-233,-11,19,-241,-32,42,-224,-40,-31,-154,-10,-22,-214,-27,0,-233,-37,22,-231,-40
341,633,0,40,-65,92,55,-112,120,71,-146,116,79,-184,109,-2,-157,135,16,-209,132,47,-212,115,68,-202,104,-11,-153,63,9,-225,51,47,-224,31,70,-205,22,-14,-148,-10,4,-218,-20,42,-220,-20,64,-205,-18,-8,-143,-79,11,-197,-90,38,-210,-87,58,-207,-83
344,628,0,41,-64,92,55,-111,117,72,-145,110,80,-184,99,-2,-156,132,15,-206,127,46,-213,112,67,-204,100,-9,-152,57,9,-222,45,46,-224,27,70,-208,20,-11,-147,-18,5,-215,-29,43,-220,-25,64,-205,-19,-4,-142,-89,15,-194,-99,41,-208,-92,60,-205,-85
344,625,0,42,-63,96,56,-110,122,72,-144,116,81,-183,105,-1,-158,138,18,-207,134,47,-213,116,69,-203,104,-8,-155,62,11,-223,51,48,-224,31,72,-207,21,-10,-150,-14,7,-218,-23,45,-221,-20,66,-205,-17,-4,-145,-86,18,-196,-93,45,-207,-85,64,-201,-79
345,625,0,41,-62,96,56,-110,122,72,-144,116,82,-183,105,-1,-158,139,18,-207,135,48,-213,117,70,-203,104,-8,-154,63,12,-224,52,50,-223,31,74,-205,20,-10,-150,-14,8,-219,-22,47,-221,-20,68,-205,-18,-4,-145,-86,19,-197,-92,46,-207,-86,66,-201,-80
345,622,0,42,-63,95,57,-110,121,73,-144,115,83,-182,104,0,-160,136,18,-208,132,48,-215,116,70,-204,105,-8,-156,61,11,-225,50,49,-226,31,74,-208,23,-10,-151,-15,8,-220,-24,46,-223,-21,68,-207,-16,-5,-146,-87,18,-197,-94,46,-208,-87,66,-202,-79
345,623,0,41,-62,95,56,-109,120,73,-142,112,83,-182,100,-2,-158,139,17,-207,136,47,-213,118,70,-203,105,-8,-155,63,12,-223,53,49,-224,32,74,-207,21,-10,-150,-13,8,-218,-20,46,-221,-18,68,-205,-15,-3,-145,-86,19,-196,-90,46,-207,-82,66,-201,-75
344,625,0,42,-61,95,57,-108,121,74,-142,114,83,-182,103,0,-157,142,18,-205,141,48,-212,125,70,-203,112,-7,-154,67,13,-222,61,49,-222,41,73,-206,30,-10,-151,-8,8,-218,-12,46,-221,-9,67,-205,-6,-4,-146,-80,19,-196,-82,46,-206,-73,66,-201,-66
343,624,0,42,-62,97,58,-108,123,74,-142,116,84,-182,105,1,-158,141,20,-207,139,50,-213,121,72,-202,109,-7,-154,66,14,-223,58,51,-223,39,75,-205,28,-9,-151,-10,9,-219,-14,47,-221,-11,68,-205,-8,-4,-146,-82,19,-197,-85,46,-207,-75,66,-202,-68
342,624,0,42,-61,96,58,-108,123,75,-141,116,85,-181,105,1,-157,145,19,-207,144,50,-213,125,72,-203,112,-7,-155,70,14,-222,63,51,-223,41,75,-206,28,-9,-152,-6,9,-218,-10,47,-221,-9,69,-205,-8,-4,-147,-78,20,-197,-80,47,-206,-72,67,-200,-65
338,624,0,44,-61,95,59,-107,122,76,-141,117,84,-182,107,5,-158,143,21,-207,141,50,-212,123,71,-201,110,-5,-155,69,14,-222,60,51,-222,37,75,-202,25,-9,-152,-6,8,-218,-12,46,-220,-12,68,-203,-12,-7,-147,-77,15,-197,-82,42,-208,-76,62,-203,-70
338,625,0,43,-61,96,60,-108,124,76,-141,119,84,-182,110,4,-159,145,21,-209,144,51,-213,125,73,-202,112,-5,-157,71,15,-224,63,52,-223,39,76,-203,26,-10,-153,-5,8,-220,-9,46,-222,-11,68,-205,-11,-6,-148,-76,16,-199,-80,43,-210,-74,64,-205,-69
333,628,0,45,-60,94,61,-108,121,77,-141,116,85,-181,106,6,-158,148,23,-207,146,52,-212,126,74,-200,111,-3,-155,74,15,-222,65,52,-222,39,76,-202,23,-8,-152,-2,8,-219,-7,46,-220,-12,68,-203,-14,-6,-148,-73,15,-199,-77,43,-209,-73,64,-204,-70
332,628,0,45,-61,94,61,-108,124,76,-142,121,85,-181,114,6,-159,148,23,-207,145,53,-212,125,75,-199,112,-3,-157,75,15,-223,64,52,-222,39,76,-202,25,-9,-154,0,7,-221,-7,45,-222,-11,68,-204,-14,-6,-149,-70,14,-200,-77,42,-211,-75,63,-206,-72
333,629,0,44,-61,94,59,-109,123,75,-142,119,84,-182,111,3,-160,151,19,-209,149,50,-214,127,73,-200,112,-6,-157,78,13,-224,69,50,-223,40,75,-201,23,-11,-154,4,5,-222,-2,44,-223,-8,67,-204,-12,-7,-148,-66,14,-201,-71,42,-211,-67,62,-205,-64
338,632,0,42,-57,45,62,-106,58,79,-144,48,79,-184,38,8,-165,115,15,-219,107,42,-219,82,61,-203,67,-5,-163,71,4,-229,55,35,-228,24,58,-203,8,-15,-159,21,-5,-226,10,30,-229,-4,52,-209,-9,-16,-149,-29,-3,-206,-37,23,-219,-39,44,-215,-37
344,629,0,40,-54,33,60,-105,41,78,-144,29,77,-185,18,6,-164,98,14,-219,86,40,-219,61,59,-203,46,-7,-163,61,1,-229,43,33,-229,13,55,-204,-1,-18,-159,17,-7,-227,4,27,-230,-9,50,-210,-13,-20,-149,-27,-5,-206,-36,20,-220,-38,41,-217,-36
365,640,0,37,-54,35,54,-107,47,69,-148,40,70,-188,34,1,-162,104,7,-214,96,31,-219,74,48,-207,60,-11,-161,66,-6,-226,52,24,-229,24,46,-208,9,-21,-158,24,-14,-225,13,18,-231,-2,41,-214,-7,-23,-150,-19,-13,-207,-27,11,-223,-29,33,-222,-29
388,663,0,43,-49,44,60,-104,70,76,-144,76,78,-185,82,9,-155,137,24,-202,146,47,-213,132,62,-209,121,-2,-160,101,11,-220,101,41,-228,73,62,-212,57,-11,-162,59,2,-225,59,35,-231,42,58,-216,33,-14,-159,18,-2,-217,19,21,-231,17,43,-229,16
394,662,0,39,-51,34,58,-103,54,74,-143,56,78,-185,59,8,-155,123,21,-201,128,43,-215,111,59,-216,98,-3,-159,92,9,-219,87,37,-230,57,59,-218,40,-14,-160,54,0,-222,48,30,-232,30,54,-220,21,-19,-156,15,-7,-213,12,16,-229,9,37,-230,8
397,659,0,39,-49,20,56,-105,30,68,-151,25,61,-191,21,8,-164,87,19,-218,79,44,-228,59,61,-221,46,-4,-167,61,7,-231,47,38,-237,21,60,-221,7,-17,-165,29,-3,-232,16,32,-239,0,56,-224,-6,-25,-159,-5,-8,-217,-13,19,-234,-18,43,-233,-20
396,658,0,40,-49,26,57,-106,39,70,-152,36,62,-191,35,8,-166,93,19,-219,89,45,-228,70,63,-223,58,-5,-168,65,8,-232,53,40,-237,28,64,-223,15,-17,-166,31,-1,-233,20,35,-240,5,61,-226,-2,-23,-160,-3,-4,-219,-11,23,-235,-16,49,-233,-17
398,656,0,39,-48,23,57,-107,36,70,-152,33,63,-190,32,8,-167,89,20,-219,84,44,-226,66,62,-219,54,-4,-169,63,8,-232,50,39,-235,26,62,-220,14,-16,-166,30,0,-232,19,35,-237,4,61,-221,-1,-22,-159,-2,-3,-217,-11,24,-232,-16,49,-229,-17
398,656,0,40,-47,24,58,-106,36,71,-152,33,64,-190,31,9,-168,88,21,-221,81,47,-227,62,64,-218,51,-4,-170,61,10,-234,48,41,-236,24,64,-218,13,-16,-168,28,1,-236,16,37,-240,2,63,-222,-3,-22,-160,-5,-1,-218,-15,28,-232,-19,53,-227,-20
396,662,0,43,-49,31,62,-108,46,75,-154,43,68,-188,41,13,-172,92,26,-226,82,54,-225,60,73,-208,48,0,-175,60,14,-239,41,49,-232,15,73,-204,3,-12,-172,23,6,-239,3,45,-234,-13,70,-207,-16,-19,-163,-14,3,-222,-29,35,-233,-35,61,-225,-35
396,660,0,43,-46,25,62,-107,38,75,-152,35,70,-188,34,14,-173,79,27,-227,66,55,-225,44,73,-207,32,0,-176,51,15,-240,30,50,-232,6,72,-204,-5,-11,-172,17,6,-240,-3,44,-235,-19,70,-209,-22,-18,-164,-17,3,-222,-33,34,-234,-39,59,-226,-40
396,658,0,42,-49,29,61,-108,42,75,-153,39,68,-188,37,12,-171,87,26,-224,76,54,-223,55,72,-206,44,-2,-174,57,15,-237,40,49,-230,16,72,-202,5,-12,-171,22,6,-238,5,45,-232,-10,70,-206,-13,-17,-162,-12,4,-221,-26,35,-231,-31,60,-223,-31
399,657,0,41,-49,24,60,-109,34,74,-155,30,66,-189,27,10,-174,78,24,-229,64,53,-227,42,72,-209,30,-3,-176,50,12,-241,30,48,-232,6,70,-205,-4,-15,-173,17,4,-241,-3,43,-235,-17,69,-209,-20,-21,-163,-16,1,-222,-31,33,-232,-37,58,-224,-37
395,657,0,43,-49,30,62,-109,45,76,-155,43,69,-188,42,12,-174,90,27,-229,80,55,-227,59,73,-209,48,-1,-178,59,14,-241,42,50,-235,16,73,-206,5,-13,-175,24,7,-243,5,45,-236,-10,70,-209,-14,-19,-166,-12,3,-225,-26,34,-237,-31,59,-229,-31
393,655,0,43,-50,31,62,-109,46,76,-154,44,68,-188,43,13,-171,94,26,-224,85,52,-222,65,69,-206,53,1,-175,63,14,-237,46,47,-230,20,69,-203,9,-11,-172,26,7,-239,8,44,-232,-8,69,-205,-12,-16,-164,-9,5,-223,-23,35,-233,-29,61,-225,-30
392,656,0,44,-49,30,62,-107,44,77,-153,40,69,-188,38,16,-171,94,29,-227,83,56,-225,61,73,-207,49,2,-174,63,16,-240,44,50,-233,18,72,-205,7,-10,-173,26,8,-241,7,46,-234,-9,71,-207,-13,-17,-165,-11,6,-225,-25,36,-234,-30,62,-225,-30
395,652,0,43,-48,24,62,-107,35,76,-153,31,68,-189,29,15,-172,83,27,-227,70,53,-225,48,71,-207,36,2,-175,55,14,-240,35,48,-231,10,70,-204,-2,-10,-173,22,6,-241,1,44,-234,-15,69,-206,-19,-17,-165,-12,5,-223,-28,36,-232,-35,61,-223,-36
393,653,0,43,-48,25,63,-107,37,78,-153,32,69,-188,29,16,-172,84,29,-227,72,55,-225,50,73,-207,38,2,-175,55,16,-240,36,49,-231,10,72,-204,-1,-10,-173,21,8,-242,1,45,-235,-15,71,-208,-18,-17,-165,-13,5,-224,-28,36,-234,-34,62,-226,-35
393,653,0,43,-48,27,63,-107,40,77,-154,37,68,-188,35,15,-172,86,28,-226,76,54,-224,55,72,-208,43,2,-175,57,15,-239,39,48,-231,14,71,-205,3,-10,-173,23,7,-241,4,45,-235,-12,70,-208,-15,-17,-164,-11,5,-224,-26,36,-233,-32,62,-224,-33
395,652,0,42,-49,28,61,-108,41,76,-154,38,68,-188,35,13,-171,88,25,-226,78,52,-225,57,70,-209,45,0,-175,59,13,-239,40,47,-232,15,70,-205,4,-12,-172,24,6,-240,5,44,-235,-10,69,-209,-14,-18,-164,-11,4,-223,-25,35,-232,-31,61,-224,-32
394,653,0,43,-49,26,63,-109,38,77,-155,34,70,-188,32,14,-174,82,27,-229,69,56,-227,47,74,-209,35,0,-177,54,15,-243,34,50,-235,8,73,-207,-3,-12,-175,20,7,-243,-1,46,-237,-17,71,-210,-20,-19,-166,-14,3,-226,-30,35,-236,-36,61,-229,-37
392,656,0,44,-49,29,64,-109,43,78,-155,41,71,-187,39,13,-174,85,27,-229,74,54,-228,53,73,-210,41,0,-177,55,15,-242,36,50,-233,11,73,-206,0,-11,-175,21,8,-243,0,46,-236,-16,72,-209,-19,-17,-166,-14,4,-228,-30,35,-238,-36,62,-229,-37
388,658,0,44,-49,29,63,-108,43,78,-153,40,71,-187,38,14,-171,89,28,-225,79,54,-224,58,71,-207,47,1,-173,59,16,-238,40,49,-231,15,71,-203,3,-11,-171,24,8,-239,4,46,-232,-11,70,-204,-15,-17,-163,-11,5,-223,-26,36,-233,-32,62,-226,-33
389,658,0,43,-48,28,63,-108,42,77,-153,39,70,-187,38,14,-172,87,27,-227,76,54,-226,55,72,-208,44,1,-175,57,15,-241,39,49,-232,13,71,-205,2,-10,-173,23,8,-242,3,45,-235,-13,70,-207,-16,-17,-165,-12,5,-225,-27,35,-235,-34,61,-227,-34
388,657,0,45,-50,32,64,-109,47,79,-154,45,73,-186,45,14,-174,90,27,-230,80,55,-228,59,74,-210,48,1,-178,58,15,-243,40,50,-235,15,74,-205,4,-11,-175,22,8,-245,3,47,-237,-13,72,-209,-17,-17,-167,-13,5,-228,-28,38,-238,-35,64,-229,-35
387,659,0,43,-48,26,63,-108,39,78,-154,36,71,-187,35,14,-173,80,26,-227,68,54,-227,47,73,-210,36,1,-176,52,14,-241,32,49,-234,7,72,-206,-3,-10,-173,19,7,-242,-2,45,-237,-17,70,-210,-21,-17,-165,-14,5,-223,-31,36,-234,-38,62,-226,-39
386,661,0,44,-47,28,64,-110,42,78,-155,40,71,-187,40,15,-175,83,27,-230,71,55,-229,50,74,-210,39,2,-177,54,15,-244,35,51,-235,10,73,-206,0,-10,-175,20,8,-245,0,46,-238,-15,71,-211,-18,-16,-167,-14,5,-227,-29,37,-237,-36,63,-227,-36
385,664,0,44,-48,28,63,-109,42,77,-154,40,72,-187,39,15,-174,83,28,-228,71,55,-226,51,73,-208,40,2,-177,53,16,-242,34,49,-233,9,72,-204,-1,-10,-174,19,8,-243,-2,45,-235,-17,70,-208,-20,-15,-165,-16,5,-225,-32,37,-235,-39,62,-227,-40
385,665,0,42,-47,27,63,-108,41,78,-153,39,74,-186,38,16,-173,82,27,-229,70,54,-226,48,72,-208,37,2,-176,53,16,-242,32,49,-233,7,71,-204,-3,-9,-174,18,8,-243,-3,45,-236,-18,69,-208,-21,-16,-165,-16,4,-226,-32,35,-236,-39,61,-228,-40
383,666,0,45,-48,33,64,-109,49,78,-154,49,75,-186,50,15,-175,89,28,-229,80,55,-228,61,72,-211,50,2,-179,57,17,-244,40,51,-236,16,72,-206,6,-9,-177,21,9,-247,2,47,-238,-13,71,-210,-17,-15,-169,-15,5,-231,-30,37,-240,-36,63,-230,-36
382,665,0,45,-48,32,64,-109,48,78,-153,47,74,-186,48,14,-175,88,27,-231,78,54,-228,58,72,-210,47,1,-178,56,15,-244,38,50,-236,14,72,-206,4,-9,-175,20,8,-245,0,47,-237,-15,71,-209,-18,-14,-167,-16,5,-230,-31,38,-238,-38,63,-227,-38
381,662,0,45,-49,30,64,-108,44,79,-153,42,74,-186,41,16,-175,87,29,-229,76,55,-226,55,71,-208,44,3,-178,57,17,-242,37,51,-234,11,73,-205,0,-9,-176,21,9,-245,-1,47,-237,-17,71,-207,-20,-16,-168,-15,5,-230,-31,37,-239,-38,64,-229,-38
378,662,0,46,-49,32,65,-109,48,80,-153,46,73,-186,45,17,-174,91,30,-229,80,57,-226,58,75,-206,47,4,-178,59,18,-243,39,53,-234,12,75,-203,1,-8,-175,21,10,-244,0,49,-236,-16,73,-207,-20,-14,-167,-16,6,-228,-32,38,-238,-39,65,-227,-39
379,662,0,44,-47,29,64,-108,44,78,-152,42,72,-187,41,15,-174,86,27,-229,74,54,-226,53,71,-207,42,2,-177,55,16,-243,36,51,-234,11,73,-203,0,-10,-174,20,9,-244,0,47,-235,-16,71,-206,-18,-15,-165,-15,6,-227,-31,38,-235,-37,63,-224,-36
378,661,0,45,-47,32,65,-108,47,78,-153,45,72,-187,44,17,-172,91,29,-228,79,57,-224,58,74,-204,47,3,-175,59,17,-242,40,52,-232,15,73,-202,4,-9,-172,22,9,-243,3,47,-235,-12,71,-205,-15,-15,-164,-15,5,-227,-29,37,-235,-34,62,-224,-34
377,667,0,46,-50,36,64,-109,53,78,-154,52,74,-186,52,16,-174,93,29,-228,83,56,-225,63,73,-206,52,3,-177,59,18,-242,41,52,-232,15,74,-201,5,-8,-174,20,10,-243,1,49,-233,-15,72,-204,-18,-14,-164,-18,6,-227,-32,37,-236,-38,63,-226,-38
379,664,0,45,-49,35,64,-109,52,78,-153,52,72,-187,53,17,-174,96,30,-228,87,56,-224,67,72,-205,57,4,-178,63,18,-241,46,52,-232,21,73,-201,10,-9,-176,25,11,-243,6,48,-233,-10,72,-203,-13,-14,-167,-12,6,-229,-26,37,-237,-32,63,-227,-32
377,667,0,45,-48,34,65,-108,50,80,-153,49,73,-186,48,18,-174,93,31,-229,83,57,-226,63,74,-206,52,4,-178,60,20,-243,43,53,-233,17,74,-203,7,-7,-175,22,11,-244,4,49,-234,-12,72,-205,-15,-13,-166,-15,7,-230,-29,38,-238,-34,64,-226,-33
379,665,0,45,-46,32,65,-108,48,80,-153,47,72,-187,47,18,-173,92,31,-230,82,58,-227,62,75,-207,51,4,-177,60,19,-243,42,53,-234,17,74,-202,7,-7,-175,23,10,-245,4,49,-235,-12,72,-205,-15,-14,-166,-13,6,-230,-27,38,-238,-33,64,-226,-32
379,663,0,46,-46,29,66,-106,44,81,-153,41,73,-187,40,19,-175,87,32,-231,76,59,-226,55,76,-206,45,5,-179,57,21,-245,38,54,-233,13,76,-202,3,-7,-177,22,12,-247,1,50,-236,-15,74,-205,-18,-13,-168,-13,8,-233,-29,40,-240,-35,66,-228,-34
378,665,0,45,-46,28,66,-107,42,81,-152,41,74,-186,40,19,-175,86,33,-228,74,59,-224,54,76,-205,43,6,-179,56,21,-243,36,55,-231,10,76,-200,0,-6,-177,21,13,-245,-1,51,-234,-18,74,-203,-21,-13,-168,-13,9,-230,-30,41,-238,-37,67,-226,-37
377,662,0,45,-46,26,68,-105,38,83,-150,35,76,-185,33,21,-176,81,36,-230,68,62,-224,46,77,-203,36,8,-180,52,24,-245,31,57,-231,6,77,-200,-4,-4,-179,18,17,-247,-5,53,-234,-21,76,-201,-23,-12,-171,-15,11,-232,-33,43,-239,-40,70,-227,-40
370,658,0,47,-46,30,69,-106,44,85,-149,41,81,-183,40,21,-176,83,36,-230,69,63,-222,47,79,-199,35,8,-180,52,25,-244,30,60,-228,4,79,-195,-6,-3,-176,16,18,-246,-8,56,-231,-25,79,-198,-27,-9,-166,-19,16,-227,-38,49,-232,-46,74,-218,-47
365,665,0,43,-46,13,69,-107,10,86,-150,-5,84,-182,-18,20,-187,34,38,-252,1,72,-237,-30,90,-208,-45,5,-185,6,28,-261,-30,68,-241,-56,87,-204,-66,-8,-176,-26,17,-250,-59,61,-233,-72,84,-200,-72,-15,-158,-58,17,-210,-85,53,-210,-94,76,-195,-94
363,666,0,43,-47,16,69,-107,13,87,-151,-3,82,-182,-16,21,-186,35,38,-252,2,73,-237,-29,90,-209,-44,5,-184,6,27,-260,-30,69,-240,-55,87,-204,-65,-7,-174,-28,18,-249,-60,62,-231,-72,84,-199,-71,-13,-156,-62,17,-210,-88,53,-208,-94,76,-190,-94
360,670,0,43,-48,18,69,-108,16,87,-152,1,84,-182,-13,21,-186,40,38,-251,6,73,-237,-25,90,-209,-40,6,-183,9,29,-259,-27,69,-239,-53,87,-204,-64,-6,-174,-26,19,-249,-58,62,-232,-70,84,-199,-71,-12,-156,-61,18,-210,-87,54,-209,-94,76,-192,-94
360,671,0,42,-47,15,69,-107,12,86,-150,-4,85,-182,-18,23,-186,35,41,-251,0,74,-235,-31,91,-206,-47,7,-184,6,31,-259,-31,70,-237,-58,88,-201,-69,-5,-175,-28,19,-250,-62,61,-233,-74,84,-200,-75,-13,-157,-62,17,-210,-89,53,-210,-97,76,-195,-98
360,673,0,43,-47,18,69,-108,18,86,-150,3,83,-182,-9,22,-185,41,39,-250,8,73,-236,-23,91,-208,-39,7,-183,10,31,-258,-25,70,-238,-52,88,-202,-64,-6,-175,-24,19,-250,-57,62,-233,-70,83,-201,-71,-12,-159,-59,18,-212,-85,53,-211,-93,76,-196,-94
358,673,0,43,-47,17,70,-107,15,87,-150,-1,85,-181,-15,22,-185,38,41,-249,4,74,-234,-27,91,-205,-42,7,-183,8,31,-258,-29,71,-236,-56,88,-200,-66,-5,-174,-26,19,-250,-60,62,-232,-72,84,-199,-73,-11,-157,-61,19,-211,-88,55,-210,-96,77,-194,-96
357,675,0,43,-48,19,69,-108,19,87,-149,4,87,-181,-7,21,-183,43,38,-247,11,71,-233,-20,89,-205,-35,6,-182,13,29,-255,-23,69,-237,-50,87,-202,-61,-5,-174,-22,19,-248,-54,61,-232,-67,84,-200,-69,-11,-157,-56,20,-210,-82,54,-211,-91,77,-197,-91
358,672,0,43,-49,19,68,-107,18,85,-148,3,86,-181,-10,21,-182,42,38,-245,10,71,-230,-20,88,-203,-36,6,-180,12,29,-253,-25,68,-233,-53,86,-199,-65,-6,-172,-23,18,-246,-56,60,-231,-71,83,-199,-74,-12,-155,-57,18,-208,-84,54,-211,-94,77,-198,-96
357,673,0,44,-48,20,70,-107,20,87,-150,6,86,-181,-5,20,-183,44,37,-247,13,70,-233,-17,87,-205,-32,5,-182,13,29,-254,-23,68,-235,-50,86,-200,-61,-6,-173,-22,18,-247,-55,60,-231,-69,83,-199,-71,-11,-156,-57,18,-211,-84,54,-213,-93,78,-201,-94
359,673,0,43,-48,19,68,-107,20,85,-149,6,87,-180,-6,20,-183,42,36,-246,11,69,-232,-18,87,-206,-33,4,-181,12,28,-254,-24,67,-235,-50,86,-199,-60,-7,-173,-23,18,-246,-55,60,-230,-67,83,-197,-68,-12,-156,-57,17,-209,-83,53,-211,-91,76,-198,-91
359,670,0,43,-49,19,69,-107,18,86,-148,3,87,-180,-9,20,-184,41,37,-247,10,70,-233,-20,88,-206,-35,4,-182,11,28,-256,-24,68,-238,-49,86,-202,-60,-7,-173,-23,19,-247,-55,61,-232,-67,84,-199,-67,-12,-156,-58,19,-210,-83,54,-211,-90,77,-197,-90
358,675,0,44,-49,21,68,-108,23,85,-149,10,85,-181,0,20,-182,46,36,-245,16,70,-233,-12,88,-208,-27,5,-181,15,27,-255,-19,67,-238,-44,86,-204,-54,-6,-173,-20,19,-246,-51,61,-231,-64,84,-200,-64,-11,-157,-55,19,-210,-80,53,-211,-88,77,-198,-88
356,673,0,45,-49,21,70,-108,22,88,-149,8,87,-181,-4,21,-181,46,38,-244,16,70,-232,-13,88,-206,-28,5,-179,15,29,-252,-20,68,-234,-47,87,-200,-58,-6,-171,-21,19,-246,-52,60,-232,-66,84,-201,-67,-10,-156,-56,19,-210,-81,53,-213,-90,77,-200,-91
357,674,0,44,-48,20,69,-108,22,87,-150,9,86,-181,-1,20,-183,45,38,-246,17,70,-234,-11,89,-209,-25,6,-181,15,29,-254,-19,68,-237,-45,87,-202,-55,-6,-173,-19,19,-249,-51,61,-236,-64,84,-205,-65,-11,-158,-53,19,-212,-79,53,-216,-88,78,-205,-89
369,680,0,44,-48,21,68,-104,29,84,-148,21,80,-184,16,21,-178,66,36,-234,48,64,-228,24,81,-207,12,7,-182,39,25,-250,14,60,-236,-11,80,-203,-21,-5,-178,6,15,-252,-19,54,-241,-34,78,-210,-37,-11,-168,-26,14,-229,-47,47,-237,-55,74,-226,-56
367,681,0,45,-45,26,68,-102,35,86,-147,30,81,-183,25,22,-175,76,38,-232,59,67,-229,36,84,-208,24,8,-178,46,27,-249,22,61,-237,-4,82,-204,-14,-4,-177,11,17,-252,-15,55,-242,-30,80,-210,-32,-11,-167,-24,15,-230,-44,48,-237,-52,74,-224,-52
367,681,0,45,-45,19,68,-102,26,85,-148,19,79,-184,14,22,-175,65,37,-232,45,65,-226,22,82,-204,10,8,-178,39,26,-246,13,60,-233,-12,80,-200,-22,-4,-175,7,16,-248,-19,55,-237,-34,78,-205,-36,-11,-165,-24,14,-226,-45,47,-234,-53,73,-223,-54
368,681,0,45,-46,26,68,-103,36,85,-148,30,78,-184,26,21,-175,77,37,-232,61,65,-227,39,82,-207,27,7,-179,47,26,-248,24,61,-234,0,80,-201,-10,-5,-177,12,17,-250,-12,55,-237,-26,79,-205,-28,-12,-167,-22,13,-230,-41,46,-237,-47,73,-225,-47
368,682,0,44,-47,22,69,-104,30,85,-149,24,79,-184,19,21,-176,70,38,-234,52,66,-228,29,84,-208,17,8,-179,42,27,-249,17,61,-235,-8,82,-202,-18,-5,-176,9,16,-250,-16,55,-239,-32,79,-207,-33,-12,-167,-24,12,-230,-44,46,-238,-51,72,-226,-51
380,702,0,43,-52,44,57,-109,67,65,-154,70,57,-192,72,9,-157,130,24,-206,139,48,-217,127,65,-216,117,-4,-164,94,12,-223,95,43,-233,72,67,-224,58,-16,-167,53,1,-234,51,39,-241,35,66,-227,27,-22,-167,12,-2,-229,11,27,-238,9,53,-228,8
378,702,0,45,-54,51,58,-110,76,67,-154,80,59,-191,82,9,-157,138,25,-207,149,50,-218,136,68,-216,125,-4,-164,98,13,-224,100,45,-233,75,70,-221,60,-15,-167,54,3,-234,53,41,-239,37,69,-223,29,-20,-167,11,0,-229,12,29,-238,11,55,-227,10
362,672,0,47,-38,-11,77,-101,-14,86,-162,-24,63,-190,-32,36,-169,38,48,-230,12,72,-224,-15,85,-198,-29,18,-177,28,31,-247,-2,60,-236,-28,77,-205,-39,-1,-179,11,10,-253,-19,44,-247,-37,66,-215,-41,-21,-174,-10,-2,-236,-32,26,-246,-43,49,-233,-47
362,672,0,47,-37,-13,77,-103,-16,84,-165,-26,58,-192,-33,35,-172,33,47,-235,5,70,-228,-23,84,-201,-37,17,-180,24,29,-249,-7,58,-239,-34,76,-209,-45,-2,-180,8,10,-252,-21,43,-247,-40,66,-217,-45,-22,-174,-11,-6,-233,-33,22,-246,-45,47,-238,-50
352,674,0,49,-32,-15,80,-101,-17,88,-164,-24,64,-190,-30,41,-171,32,54,-234,5,77,-232,-22,91,-205,-36,21,-181,25,33,-250,-4,61,-246,-32,78,-212,-45,0,-181,10,9,-252,-14,40,-254,-35,61,-226,-44,-23,-175,-8,-16,-234,-26,10,-253,-40,36,-246,-47
347,671,0,50,-31,-15,83,-100,-16,90,-167,-22,62,-190,-26,41,-168,36,53,-233,12,76,-234,-15,90,-209,-29,20,-179,29,33,-248,2,62,-243,-25,81,-213,-37,0,-180,14,10,-250,-11,42,-251,-32,65,-223,-40,-24,-173,-4,-16,-232,-24,10,-250,-38,36,-244,-46
345,671,0,52,-31,-20,85,-100,-22,91,-168,-28,62,-190,-33,44,-168,32,56,-231,8,79,-233,-18,93,-209,-32,23,-179,27,37,-247,0,65,-244,-27,83,-215,-40,1,-181,15,15,-251,-11,47,-252,-33,69,-224,-41,-23,-176,-1,-9,-233,-22,17,-252,-37,43,-246,-45
344,674,0,51,-35,-17,84,-101,-20,91,-165,-27,65,-190,-34,41,-170,35,55,-229,10,79,-230,-18,93,-207,-33,21,-179,28,37,-247,-1,66,-244,-29,85,-215,-43,1,-180,14,15,-252,-13,48,-252,-35,70,-222,-44,-22,-173,-4,-6,-233,-24,21,-250,-38,46,-242,-45
355,730,0,41,-60,47,57,-118,59,68,-158,51,67,-189,42,1,-172,76,19,-232,55,49,-226,31,68,-207,18,-11,-170,31,15,-241,6,51,-229,-16,69,-200,-24,-17,-162,-16,9,-237,-38,47,-225,-44,67,-199,-42,-14,-149,-61,9,-205,-78,39,-210,-78,61,-202,-74
357,728,0,41,-57,43,56,-117,54,67,-158,45,66,-189,38,3,-171,71,19,-232,48,50,-226,23,68,-206,9,-9,-169,28,14,-240,1,51,-228,-22,70,-199,-31,-16,-160,-18,8,-233,-42,46,-222,-49,67,-197,-47,-15,-146,-62,8,-201,-80,38,-206,-82,59,-198,-79
359,727,0,42,-56,40,55,-116,52,66,-158,46,66,-189,40,2,-168,72,20,-227,51,49,-222,28,66,-200,16,-12,-168,34,14,-238,9,49,-225,-14,68,-195,-22,-18,-161,-8,9,-237,-30,46,-225,-39,66,-197,-38,-15,-150,-47,8,-211,-63,38,-215,-65,60,-203,-61
359,722,0,42,-55,40,56,-116,51,66,-158,44,66,-189,38,4,-169,70,21,-230,50,50,-223,26,66,-200,14,-9,-168,31,14,-239,6,50,-225,-16,67,-194,-24,-16,-161,-10,8,-237,-33,46,-224,-41,65,-196,-40,-16,-149,-50,7,-210,-67,38,-213,-68,59,-199,-64
357,727,0,42,-55,40,57,-117,53,68,-158,47,67,-189,43,5,-170,77,23,-228,59,51,-224,36,68,-204,24,-9,-170,39,15,-240,15,50,-229,-8,69,-198,-17,-16,-164,-2,8,-238,-23,46,-228,-34,67,-201,-34,-14,-152,-42,10,-211,-58,40,-214,-60,62,-202,-57
359,727,0,41,-53,39,55,-114,53,66,-156,47,67,-189,43,6,-168,78,21,-226,61,49,-223,38,66,-204,27,-7,-168,41,14,-238,17,48,-228,-7,67,-199,-15,-15,-162,0,7,-237,-22,44,-227,-33,66,-200,-33,-15,-151,-40,8,-210,-56,38,-214,-59,60,-202,-56
361,724,0,40,-53,33,55,-114,45,65,-156,40,65,-189,37,5,-167,75,20,-223,57,47,-221,35,64,-203,23,-8,-167,41,13,-235,17,46,-226,-6,64,-197,-15,-16,-161,3,7,-233,-18,42,-226,-29,62,-200,-30,-16,-150,-34,7,-208,-49,37,-213,-52,58,-202,-50
356,730,0,43,-52,38,58,-116,53,68,-157,50,68,-188,49,8,-169,79,24,-225,63,51,-222,41,67,-203,30,-7,-170,43,16,-238,21,50,-227,-2,68,-198,-10,-15,-164,3,9,-237,-18,46,-228,-29,66,-201,-30,-14,-152,-35,9,-212,-51,39,-217,-54,61,-206,-51
358,729,0,41,-53,33,56,-113,45,65,-155,39,65,-189,36,7,-166,78,21,-221,61,47,-220,38,63,-203,26,-6,-166,44,13,-233,21,46,-225,-3,65,-198,-12,-15,-160,6,7,-230,-15,43,-223,-27,63,-198,-27,-15,-149,-32,8,-204,-47,38,-209,-51,59,-198,-49
357,730,0,42,-53,33,57,-115,46,67,-156,41,66,-189,38,5,-168,75,21,-223,57,48,-220,34,64,-202,22,-8,-168,41,13,-236,17,46,-226,-7,65,-197,-15,-15,-162,3,7,-234,-19,43,-226,-31,64,-199,-31,-15,-151,-34,8,-209,-50,38,-213,-54,60,-202,-51
358,728,0,41,-56,33,57,-116,45,67,-157,38,65,-190,34,5,-169,74,21,-225,54,48,-222,30,64,-203,17,-8,-169,39,14,-238,13,47,-226,-11,66,-197,-19,-16,-163,0,7,-236,-23,44,-227,-35,65,-200,-34,-16,-152,-38,7,-210,-54,37,-215,-58,60,-204,-55
358,728,0,41,-54,32,57,-116,43,68,-157,37,67,-189,32,4,-171,73,19,-228,54,47,-226,30,64,-207,18,-9,-171,39,12,-240,14,47,-231,-9,67,-201,-18,-16,-165,1,7,-237,-22,44,-230,-33,66,-203,-33,-16,-155,-36,8,-211,-52,38,-216,-56,61,-204,-53
354,728,0,41,-54,33,58,-116,45,70,-156,38,68,-188,34,8,-171,74,22,-228,55,50,-224,31,66,-205,19,-6,-171,39,14,-239,14,49,-230,-10,68,-200,-19,-15,-165,0,8,-237,-23,45,-229,-35,68,-202,-35,-15,-154,-38,9,-211,-55,40,-215,-59,62,-203,-57
357,723,0,40,-54,32,56,-116,43,67,-157,37,66,-189,33,4,-171,69,18,-229,50,46,-225,27,62,-206,15,-9,-170,35,11,-239,11,45,-229,-12,63,-200,-21,-17,-164,-2,5,-236,-24,42,-228,-35,63,-202,-36,-17,-152,-39,5,-209,-55,36,-215,-58,58,-204,-56
356,722,0,39,-52,31,57,-114,41,69,-156,35,67,-189,31,3,-172,68,16,-231,49,44,-228,27,61,-209,15,-10,-171,35,9,-242,12,43,-233,-11,62,-203,-20,-18,-165,-1,4,-238,-22,41,-231,-33,62,-205,-34,-18,-154,-37,6,-211,-53,36,-217,-56,59,-207,-54
356,720,0,40,-52,31,58,-115,42,70,-157,37,66,-189,33,6,-175,71,18,-232,52,46,-229,28,64,-210,16,-8,-175,38,9,-243,12,43,-233,-11,65,-205,-20,-18,-168,1,2,-240,-23,40,-233,-36,63,-208,-37,-19,-157,-36,2,-215,-54,33,-223,-59,57,-213,-57
352,714,0,41,-50,29,62,-114,37,77,-157,30,71,-187,24,9,-180,64,20,-240,43,51,-237,17,71,-218,4,-6,-179,31,11,-249,3,49,-240,-22,71,-210,-32,-16,-172,-7,4,-245,-31,43,-240,-44,68,-214,-46,-18,-160,-44,3,-219,-61,35,-228,-67,61,-220,-66
355,713,0,41,-49,25,61,-112,32,76,-156,24,69,-188,17,8,-179,61,20,-239,38,50,-236,13,71,-215,-1,-6,-178,30,11,-247,2,48,-238,-23,70,-208,-32,-17,-170,-6,3,-242,-30,42,-237,-43,67,-212,-44,-20,-158,-42,3,-215,-60,34,-224,-66,59,-216,-65
351,714,0,42,-52,29,63,-112,38,79,-155,30,72,-187,24,7,-178,68,19,-237,49,50,-237,24,71,-220,11,-7,-177,35,11,-247,10,48,-241,-15,71,-213,-25,-17,-170,-3,4,-241,-25,43,-239,-37,68,-217,-39,-18,-157,-40,6,-212,-58,37,-222,-63,63,-215,-62
355,713,0,40,-51,29,60,-111,37,75,-153,28,70,-188,21,6,-175,71,17,-233,51,47,-233,27,68,-216,13,-8,-174,37,8,-242,12,45,-237,-13,68,-210,-23,-18,-167,-1,2,-238,-23,40,-237,-35,65,-213,-37,-19,-155,-38,3,-212,-55,34,-222,-60,59,-215,-59
356,711,0,39,-50,23,60,-110,29,76,-152,21,73,-187,14,6,-174,64,17,-231,44,46,-231,19,66,-214,5,-8,-173,34,7,-241,9,42,-237,-16,64,-211,-27,-18,-167,-1,0,-237,-23,36,-237,-36,60,-216,-38,-20,-155,-37,3,-209,-54,32,-222,-59,56,-217,-59
355,710,0,40,-51,27,60,-110,33,76,-152,22,72,-187,14,4,-175,68,15,-231,49,45,-232,23,65,-214,9,-10,-173,36,7,-241,12,43,-238,-12,65,-211,-23,-19,-167,-1,1,-237,-21,38,-237,-31,62,-215,-33,-20,-154,-39,5,-207,-54,35,-219,-58,58,-215,-56
358,709,0,38,-48,21,60,-109,25,76,-153,15,71,-187,8,4,-173,59,15,-232,37,45,-233,12,65,-214,-1,-9,-172,30,6,-241,5,42,-237,-18,64,-210,-28,-19,-165,-4,0,-236,-25,37,-236,-35,61,-214,-36,-21,-153,-38,2,-207,-54,32,-219,-58,55,-213,-56
354,712,0,39,-50,24,61,-109,28,78,-152,18,72,-187,10,6,-172,67,18,-229,48,47,-229,23,66,-212,9,-8,-171,36,8,-239,13,43,-236,-12,65,-210,-22,-17,-164,1,1,-235,-19,37,-235,-30,60,-214,-32,-18,-153,-35,4,-207,-50,33,-219,-54,56,-215,-53
353,712,0,39,-50,25,61,-109,31,78,-151,23,74,-186,16,7,-172,70,18,-229,52,47,-228,27,66,-210,13,-6,-171,39,9,-238,15,44,-235,-11,66,-209,-22,-16,-165,2,3,-235,-18,38,-234,-30,62,-212,-32,-18,-153,-35,5,-207,-50,33,-219,-54,56,-216,-54
357,709,0,38,-47,18,62,-107,20,81,-150,10,77,-185,4,7,-173,56,20,-231,34,49,-229,9,68,-210,-5,-8,-171,29,9,-241,4,45,-235,-20,66,-208,-30,-18,-165,-3,3,-236,-25,39,-234,-36,61,-212,-37,-20,-153,-36,6,-206,-53,35,-217,-58,57,-213,-57
358,708,0,38,-48,18,62,-106,21,80,-149,10,77,-185,3,8,-172,59,21,-230,37,49,-227,10,67,-208,-4,-6,-171,32,10,-240,6,45,-234,-20,66,-207,-32,-17,-165,0,3,-235,-24,39,-234,-37,62,-211,-39,-20,-154,-33,5,-207,-51,34,-219,-57,56,-216,-57
356,708,0,38,-47,18,62,-106,21,81,-149,11,78,-184,4,7,-170,58,20,-228,37,49,-227,12,68,-209,-1,-7,-169,31,11,-238,7,46,-234,-18,67,-208,-28,-17,-163,-1,4,-233,-22,40,-232,-33,63,-211,-35,-19,-152,-34,7,-205,-49,36,-217,-54,58,-215,-54
356,709,0,38,-47,16,62,-106,18,80,-149,7,78,-184,0,6,-170,54,19,-228,32,48,-227,7,66,-209,-6,-8,-170,27,10,-238,2,45,-233,-22,66,-207,-32,-18,-164,-4,3,-234,-26,39,-231,-37,63,-210,-38,-20,-152,-36,7,-203,-53,36,-215,-58,58,-213,-57
357,708,0,37,-46,15,62,-105,16,80,-148,5,78,-184,-2,7,-170,51,20,-229,28,49,-226,2,67,-207,-12,-7,-169,25,9,-239,-1,45,-233,-26,66,-206,-36,-18,-163,-5,3,-233,-29,39,-230,-41,63,-208,-42,-20,-151,-37,6,-202,-55,36,-213,-61,58,-211,-61
358,709,0,36,-45,13,61,-105,14,80,-149,4,77,-185,-3,6,-170,49,19,-229,27,48,-227,2,66,-209,-11,-8,-169,25,9,-238,-1,44,-234,-24,65,-208,-33,-18,-162,-4,2,-232,-27,38,-232,-38,61,-211,-39,-21,-151,-34,5,-203,-52,34,-214,-57,56,-212,-57
356,710,0,38,-47,15,62,-106,16,82,-149,5,79,-184,-2,8,-174,54,19,-233,32,48,-230,6,67,-210,-8,-6,-172,28,9,-242,2,45,-236,-23,66,-209,-34,-17,-166,-3,2,-236,-26,39,-234,-38,62,-211,-40,-20,-154,-35,5,-205,-53,34,-217,-59,56,-215,-58
355,711,0,37,-46,17,61,-106,19,81,-148,9,79,-184,3,7,-172,54,18,-229,32,45,-228,8,64,-210,-6,-8,-170,27,8,-236,2,42,-233,-20,63,-207,-30,-18,-163,-5,2,-232,-26,37,-231,-36,59,-210,-37,-20,-150,-37,5,-201,-55,32,-214,-59,54,-212,-58
356,710,0,37,-47,15,61,-106,16,81,-149,6,79,-184,-2,6,-173,50,17,-232,27,46,-230,3,65,-211,-10,-9,-172,24,7,-241,-2,43,-235,-25,64,-209,-34,-19,-165,-7,2,-234,-29,38,-232,-39,61,-211,-40,-21,-152,-38,4,-205,-56,33,-216,-60,54,-214,-59
354,709,0,38,-47,19,63,-105,22,81,-148,12,78,-184,4,7,-171,58,19,-230,37,48,-229,13,67,-211,0,-7,-170,30,8,-240,7,44,-236,-17,66,-210,-28,-17,-163,-2,2,-234,-23,39,-234,-35,62,-212,-36,-19,-151,-35,6,-206,-52,36,-217,-57,58,-214,-56
354,712,0,37,-46,17,61,-106,19,80,-149,10,78,-184,3,5,-172,55,17,-230,33,46,-228,9,64,-210,-4,-8,-170,28,7,-240,3,42,-236,-20,63,-210,-29,-18,-164,-4,1,-234,-26,37,-234,-37,60,-212,-37,-20,-152,-36,4,-205,-54,33,-218,-59,55,-215,-57
354,710,0,38,-48,17,62,-105,21,80,-148,11,78,-185,4,7,-170,61,19,-228,41,47,-226,15,64,-207,2,-7,-169,34,8,-237,10,42,-232,-15,63,-206,-25,-18,-163,2,1,-234,-20,37,-232,-32,59,-210,-34,-20,-152,-30,4,-206,-47,33,-218,-52,55,-214,-51
352,710,0,38,-46,15,63,-106,18,81,-149,8,78,-184,1,9,-173,55,21,-231,32,49,-228,7,66,-209,-6,-5,-172,28,9,-240,2,44,-235,-23,65,-207,-34,-16,-166,-3,2,-237,-27,38,-235,-40,61,-212,-42,-19,-153,-35,3,-209,-53,33,-221,-59,55,-217,-59
350,709,0,38,-46,13,63,-105,15,82,-149,4,79,-184,-4,9,-172,50,20,-230,26,49,-227,0,67,-208,-13,-6,-171,25,10,-240,-3,45,-233,-28,66,-205,-38,-16,-165,-6,2,-236,-31,38,-233,-43,62,-210,-44,-20,-152,-37,4,-206,-57,34,-217,-63,57,-214,-63
353,708,0,37,-45,14,62,-106,16,80,-150,6,78,-185,-1,7,-173,51,18,-232,28,47,-228,3,65,-209,-10,-7,-172,25,8,-241,-1,43,-234,-25,64,-206,-34,-18,-165,-5,1,-236,-29,37,-234,-40,60,-210,-42,-22,-153,-36,3,-206,-55,32,-217,-61,55,-213,-61
354,708,0,36,-45,15,60,-106,17,78,-149,8,76,-185,1,4,-170,52,15,-229,30,44,-227,6,62,-209,-7,-9,-169,26,6,-237,1,41,-233,-22,62,-207,-31,-19,-162,-4,0,-232,-27,36,-231,-37,59,-209,-38,-22,-151,-36,3,-203,-53,31,-215,-58,54,-212,-57
354,707,0,36,-45,11,61,-107,12,79,-151,2,76,-185,-5,6,-175,45,18,-234,21,46,-232,-4,65,-212,-17,-8,-174,21,7,-242,-6,43,-236,-29,64,-209,-38,-19,-167,-7,0,-237,-31,37,-235,-42,60,-213,-44,-22,-153,-37,2,-207,-55,31,-219,-60,53,-216,-59
349,709,0,37,-44,11,62,-106,12,82,-150,2,78,-184,-4,8,-174,45,19,-233,21,49,-230,-4,67,-210,-18,-6,-173,21,10,-241,-6,45,-235,-29,66,-208,-39,-17,-165,-8,2,-235,-31,39,-232,-42,61,-211,-42,-21,-152,-38,4,-202,-56,32,-214,-62,54,-213,-62
350,705,0,38,-47,14,63,-108,16,82,-151,6,78,-184,-1,8,-176,50,20,-234,28,49,-231,3,67,-211,-11,-6,-174,25,9,-243,-2,45,-237,-26,66,-209,-36,-17,-167,-6,2,-237,-29,39,-235,-41,62,-212,-42,-20,-154,-37,3,-206,-55,32,-218,-60,54,-216,-60
348,699,0,38,-46,13,63,-105,14,82,-148,3,79,-184,-6,11,-172,51,22,-228,29,50,-226,3,67,-208,-10,-4,-171,26,11,-239,-1,45,-232,-27,66,-205,-38,-15,-165,-4,2,-237,-29,38,-234,-42,62,-211,-44,-19,-153,-35,3,-208,-53,32,-220,-59,54,-218,-59
320,677,0,41,-48,23,62,-105,30,80,-147,22,78,-184,16,12,-173,74,22,-223,59,48,-224,35,65,-210,21,-1,-174,45,9,-237,22,43,-233,-5,65,-208,-18,-12,-169,10,2,-238,-13,39,-235,-29,64,-211,-33,-17,-158,-25,6,-212,-43,36,-226,-51,61,-222,-53
319,676,0,40,-45,18,62,-104,24,80,-148,17,79,-184,12,12,-173,68,23,-223,52,48,-224,29,64,-209,16,-1,-174,41,10,-236,18,42,-230,-8,64,-204,-20,-12,-169,9,2,-237,-14,38,-233,-29,62,-209,-32,-17,-158,-24,4,-213,-42,33,-226,-48,57,-223,-49
310,659,0,38,-46,16,60,-102,21,78,-145,13,77,-185,7,14,-166,70,24,-216,55,50,-220,32,68,-209,18,0,-168,44,11,-230,21,43,-228,-6,66,-204,-20,-13,-165,12,0,-232,-9,35,-232,-24,60,-211,-29,-20,-155,-21,0,-209,-37,27,-222,-43,50,-218,-43
311,657,0,38,-44,14,61,-102,18,78,-145,10,77,-185,4,11,-170,64,22,-223,49,49,-226,26,67,-214,13,-3,-172,39,9,-237,17,42,-235,-9,66,-211,-21,-15,-168,9,-1,-237,-12,35,-237,-26,61,-216,-30,-22,-157,-22,-1,-213,-39,28,-225,-45,52,-221,-45
310,660,0,38,-45,16,60,-103,22,78,-146,14,75,-186,9,12,-167,69,23,-220,54,49,-222,31,67,-208,17,-2,-169,44,11,-232,22,43,-230,-5,65,-206,-17,-14,-166,12,0,-234,-8,36,-234,-23,60,-213,-27,-21,-158,-20,-2,-214,-36,26,-226,-42,51,-222,-42
