463,475,0,1,49,-56,-19,108,-61,-38,156,-52,-49,194,-37,-81,91,-51,-116,165,-64,-133,210,-71,-149,248,-75,-76,96,-21,-64,169,-37,-39,188,-45,-30,194,-47,-69,103,5,-52,154,-19,-32,127,-29,-27,102,-28,-60,107,28,-45,140,4,-31,122,-6,-24,99,-6
464,476,0,0,51,-54,-21,110,-58,-38,157,-47,-49,193,-31,-81,92,-48,-116,164,-60,-132,208,-66,-147,246,-69,-76,96,-18,-62,166,-34,-37,179,-42,-27,182,-43,-69,104,7,-51,151,-17,-32,124,-27,-29,99,-25,-60,107,29,-45,139,6,-32,120,-4,-25,98,-3
466,477,0,0,49,-55,-21,108,-59,-38,157,-48,-48,194,-32,-82,91,-48,-116,165,-61,-133,210,-68,-149,248,-72,-77,97,-19,-61,167,-36,-36,176,-43,-27,174,-44,-68,106,6,-52,155,-18,-33,125,-28,-30,100,-26,-60,109,28,-45,142,4,-31,121,-6,-26,99,-6
467,477,0,4,45,-60,-16,105,-66,-34,157,-56,-45,194,-39,-77,92,-57,-113,168,-72,-131,214,-79,-147,253,-81,-73,100,-25,-64,180,-41,-44,221,-49,-34,249,-51,-65,109,3,-50,161,-23,-28,135,-34,-24,110,-32,-57,113,27,-43,146,1,-29,127,-9,-23,106,-9
467,475,0,5,46,-63,-15,106,-70,-33,156,-59,-45,194,-42,-75,89,-62,-112,166,-77,-130,210,-83,-146,249,-87,-73,95,-28,-64,177,-43,-42,215,-50,-31,239,-52,-66,104,2,-50,159,-22,-29,133,-32,-25,108,-30,-59,108,28,-44,142,3,-29,124,-7,-22,101,-7
468,476,0,5,46,-61,-16,105,-68,-34,155,-59,-47,194,-43,-76,90,-61,-114,166,-76,-134,212,-82,-150,251,-86,-74,97,-28,-67,181,-43,-47,231,-51,-37,267,-54,-67,106,1,-53,160,-24,-32,135,-35,-27,110,-33,-59,110,26,-45,145,0,-31,127,-11,-24,106,-10
469,477,0,4,48,-59,-17,106,-64,-37,156,-53,-49,194,-37,-79,90,-55,-117,166,-70,-136,211,-77,-153,250,-80,-76,98,-24,-67,179,-40,-47,222,-48,-38,252,-51,-69,106,4,-54,161,-22,-33,136,-33,-29,111,-32,-62,111,27,-48,147,1,-34,129,-9,-28,108,-9
466,478,0,5,47,-57,-16,105,-64,-35,156,-56,-48,194,-42,-81,93,-54,-119,171,-68,-138,217,-74,-155,256,-77,-77,101,-24,-67,183,-40,-45,222,-48,-36,249,-51,-69,109,3,-54,165,-22,-33,141,-32,-28,116,-30,-62,115,26,-48,150,1,-33,134,-8,-25,115,-8
475,501,0,-12,8,-59,-42,60,-72,-66,128,-72,-92,178,-67,-118,60,-52,-175,142,-72,-206,196,-82,-233,246,-89,-109,92,-28,-91,176,-55,-70,193,-65,-71,199,-66,-96,117,-9,-70,162,-45,-50,113,-53,-53,75,-48,-85,132,5,-63,160,-27,-48,135,-36,-45,118,-34
477,500,0,-12,11,-59,-42,64,-72,-67,130,-72,-93,177,-66,-115,59,-52,-171,139,-73,-201,192,-83,-227,239,-89,-107,88,-28,-86,170,-56,-63,176,-65,-62,172,-65,-95,113,-8,-69,160,-45,-50,113,-51,-53,75,-45,-83,128,7,-63,158,-26,-48,135,-35,-46,118,-32
466,461,0,20,42,-60,12,102,-74,-9,155,-72,-25,198,-66,-56,79,-78,-90,158,-102,-106,207,-114,-121,250,-122,-68,87,-50,-51,185,-72,-24,223,-76,-15,247,-77,-69,98,-25,-43,170,-52,-20,146,-52,-19,121,-45,-68,109,-4,-44,159,-30,-27,140,-34,-25,119,-29
461,462,0,22,42,-64,13,103,-79,-9,154,-75,-26,198,-67,-52,78,-90,-86,154,-116,-103,202,-132,-117,245,-141,-64,84,-58,-52,186,-79,-29,244,-85,-18,285,-88,-67,96,-29,-42,169,-54,-17,145,-54,-12,118,-48,-66,107,-5,-41,157,-30,-22,138,-33,-18,118,-29
458,461,0,24,42,-70,15,103,-86,-7,153,-80,-25,198,-70,-50,78,-101,-82,153,-127,-100,200,-143,-115,243,-153,-63,83,-64,-51,184,-83,-28,244,-88,-16,286,-91,-66,94,-31,-42,167,-53,-16,144,-53,-11,119,-48,-65,106,-2,-39,154,-24,-20,137,-28,-16,116,-25
458,462,0,23,42,-69,15,103,-86,-8,153,-81,-26,198,-72,-50,74,-102,-83,150,-131,-100,200,-147,-113,244,-157,-62,80,-67,-51,184,-88,-28,243,-93,-17,285,-95,-66,92,-35,-43,167,-59,-17,145,-58,-12,120,-52,-66,104,-7,-41,155,-31,-21,139,-34,-17,118,-30
458,465,0,23,42,-67,14,104,-83,-9,154,-77,-26,198,-68,-50,75,-101,-83,151,-128,-101,199,-145,-115,241,-154,-63,79,-66,-54,183,-85,-31,243,-90,-19,286,-93,-68,90,-33,-46,165,-55,-20,144,-55,-14,119,-49,-67,101,-5,-42,153,-27,-23,136,-30,-18,117,-27
457,464,0,23,43,-68,14,103,-84,-7,153,-78,-25,198,-68,-49,76,-105,-82,149,-135,-99,197,-155,-113,240,-168,-62,79,-68,-52,183,-87,-29,241,-92,-17,283,-96,-66,90,-34,-44,164,-54,-19,143,-53,-15,118,-48,-67,102,-5,-41,152,-25,-22,135,-27,-18,115,-24
457,465,0,23,40,-66,15,101,-83,-6,153,-79,-24,198,-70,-52,73,-94,-84,148,-123,-102,197,-142,-115,241,-153,-64,83,-61,-54,184,-82,-30,244,-88,-19,286,-92,-66,96,-31,-42,167,-56,-17,145,-56,-13,119,-50,-64,108,-6,-37,156,-30,-18,137,-33,-15,117,-28
456,464,0,24,42,-69,16,104,-86,-7,154,-81,-25,198,-71,-51,75,-105,-82,149,-136,-100,198,-158,-114,243,-171,-64,81,-69,-54,185,-89,-30,244,-94,-18,288,-99,-68,94,-35,-44,168,-57,-19,146,-55,-13,122,-50,-67,106,-7,-41,156,-28,-20,139,-30,-16,119,-27
454,464,0,24,42,-69,17,103,-87,-5,153,-81,-22,198,-72,-48,76,-105,-81,149,-134,-99,197,-154,-112,240,-167,-62,81,-68,-53,185,-87,-29,244,-92,-18,286,-97,-67,91,-34,-43,165,-54,-18,145,-52,-12,119,-47,-66,102,-4,-40,152,-25,-20,136,-27,-16,116,-24
429,556,0,-25,14,-60,-53,66,-81,-67,127,-92,-77,184,-101,-118,117,-55,-161,197,-83,-187,252,-101,-206,302,-111,-92,132,-36,-77,212,-73,-56,274,-92,-43,328,-99,-66,135,-22,-37,165,-67,-25,113,-74,-33,76,-66,-41,128,-12,-15,151,-49,-6,107,-52,-10,72,-44
466,535,0,-36,11,-49,-62,64,-65,-63,128,-73,-70,187,-78,-111,124,-44,-144,210,-67,-164,263,-80,-180,312,-88,-84,143,-30,-65,212,-63,-44,266,-80,-30,317,-85,-56,147,-21,-31,163,-63,-25,107,-73,-33,72,-66,-32,139,-16,-12,145,-51,-11,98,-56,-17,66,-50
605,517,0,-28,35,-46,-54,87,-59,-67,138,-67,-80,183,-70,-95,131,-28,-126,196,-47,-144,239,-58,-156,279,-64,-73,141,-17,-73,204,-47,-63,252,-64,-51,296,-70,-48,137,-10,-42,164,-52,-36,120,-61,-35,90,-54,-25,127,-7,-40,155,-37,-55,159,-44,-70,170,-42
606,521,0,-28,35,-47,-55,87,-60,-67,138,-67,-78,184,-70,-97,133,-28,-128,199,-47,-147,242,-58,-159,281,-63,-75,142,-15,-74,206,-47,-64,254,-65,-52,298,-71,-49,138,-9,-42,164,-54,-36,119,-64,-35,86,-56,-28,129,-6,-42,156,-37,-55,157,-44,-69,165,-42
607,528,0,-31,29,-51,-58,82,-65,-68,135,-71,-77,184,-73,-98,133,-31,-129,200,-50,-147,243,-61,-159,282,-67,-74,145,-17,-72,208,-48,-62,256,-66,-51,301,-71,-48,143,-8,-41,164,-53,-36,116,-65,-36,84,-58,-26,133,-3,-39,156,-35,-52,148,-43,-64,150,-41
608,528,0,-30,31,-47,-56,84,-59,-67,137,-66,-77,184,-69,-98,130,-28,-129,199,-46,-148,243,-55,-159,282,-60,-74,143,-15,-74,208,-45,-64,257,-63,-52,302,-67,-50,142,-8,-47,167,-50,-42,120,-61,-42,88,-53,-29,134,-4,-43,158,-34,-57,154,-41,-69,158,-37
608,530,0,-30,26,-50,-55,80,-64,-65,135,-72,-76,185,-75,-97,130,-30,-129,199,-49,-149,243,-60,-161,283,-65,-73,145,-17,-73,211,-48,-62,260,-66,-49,303,-71,-47,144,-8,-40,167,-52,-37,119,-63,-38,87,-55,-25,135,-3,-37,158,-35,-49,148,-41,-61,147,-38
591,532,0,-11,27,-58,-30,83,-74,-42,143,-80,-57,191,-83,-88,114,-45,-124,190,-64,-143,236,-74,-157,278,-79,-68,131,-23,-62,215,-50,-50,271,-65,-41,314,-70,-48,134,-4,-29,169,-42,-18,122,-51,-18,88,-43,-31,130,11,-12,151,-24,-1,113,-30,-2,83,-23
574,498,0,0,29,-67,-18,87,-82,-37,148,-82,-54,192,-75,-88,86,-57,-132,167,-75,-153,217,-81,-171,257,-85,-81,104,-26,-62,182,-55,-35,178,-64,-28,159,-61,-69,121,-1,-52,174,-38,-31,139,-46,-30,107,-38,-58,130,20,-48,168,-15,-35,149,-25,-31,129,-22
574,497,0,0,30,-66,-18,89,-81,-36,149,-80,-55,192,-74,-88,85,-57,-131,167,-74,-151,217,-81,-170,258,-84,-80,104,-26,-61,181,-55,-35,177,-63,-28,157,-61,-69,120,0,-51,175,-37,-29,140,-45,-28,108,-38,-58,131,21,-48,170,-13,-35,153,-23,-31,133,-20
572,578,0,-25,16,-55,-47,73,-70,-54,134,-76,-64,189,-78,-93,126,-40,-127,211,-61,-144,262,-72,-154,310,-78,-67,145,-22,-54,210,-51,-35,259,-67,-21,305,-72,-41,150,-10,-30,164,-49,-30,113,-59,-36,83,-53,-20,143,-2,-12,147,-34,-14,109,-40,-18,85,-35
574,581,0,-27,16,-55,-49,70,-71,-56,133,-77,-66,189,-80,-95,124,-41,-128,210,-62,-145,262,-73,-156,310,-80,-69,144,-23,-57,209,-53,-36,260,-70,-20,308,-75,-44,150,-10,-34,167,-49,-34,116,-60,-39,85,-54,-23,144,-1,-18,152,-34,-19,115,-41,-25,89,-36
574,579,0,-28,16,-52,-49,72,-68,-56,134,-75,-64,189,-78,-92,125,-40,-125,211,-61,-142,262,-72,-153,310,-79,-66,144,-23,-56,210,-54,-37,262,-70,-21,309,-75,-41,147,-12,-29,166,-51,-29,115,-60,-33,84,-53,-20,141,-4,-14,148,-36,-15,113,-42,-20,86,-36
573,580,0,-27,17,-54,-47,73,-68,-55,135,-75,-63,189,-77,-92,127,-38,-125,211,-58,-142,261,-69,-152,308,-76,-66,145,-21,-55,209,-51,-35,259,-67,-20,305,-72,-42,148,-9,-29,163,-48,-28,112,-59,-33,81,-53,-20,141,-1,-11,146,-34,-13,109,-40,-18,84,-35
573,581,0,-26,16,-52,-47,73,-67,-54,135,-74,-63,189,-77,-93,124,-38,-125,210,-59,-142,261,-70,-153,309,-76,-66,144,-22,-54,209,-51,-35,258,-68,-20,305,-73,-41,148,-10,-29,163,-48,-29,112,-58,-35,82,-52,-20,141,-2,-12,147,-34,-14,109,-39,-19,84,-34
573,581,0,-27,16,-51,-48,72,-65,-55,134,-72,-63,189,-75,-92,125,-37,-125,210,-58,-142,261,-69,-152,308,-75,-65,145,-22,-54,208,-52,-34,258,-69,-19,304,-74,-41,147,-11,-29,162,-50,-29,112,-59,-34,80,-53,-20,140,-4,-13,145,-35,-15,108,-41,-20,83,-35
574,580,0,-28,17,-49,-49,72,-65,-55,135,-73,-63,189,-77,-92,124,-36,-125,209,-57,-142,261,-69,-152,307,-75,-66,144,-22,-54,207,-52,-35,257,-70,-20,304,-75,-41,147,-11,-29,161,-50,-29,112,-58,-34,81,-52,-20,141,-5,-12,145,-36,-14,109,-41,-19,84,-35
572,578,0,-26,17,-53,-46,74,-69,-53,136,-75,-63,189,-78,-92,126,-39,-124,208,-60,-141,260,-72,-151,307,-78,-66,144,-22,-53,208,-51,-34,257,-68,-20,303,-73,-41,146,-10,-26,161,-49,-24,111,-58,-30,80,-52,-20,140,-2,-9,145,-34,-10,108,-40,-15,82,-35
572,577,0,-25,17,-56,-46,74,-71,-53,135,-77,-64,189,-79,-94,126,-40,-126,209,-61,-143,260,-72,-153,308,-78,-68,144,-22,-53,209,-50,-34,257,-66,-21,303,-71,-42,148,-9,-27,162,-48,-25,111,-58,-32,81,-52,-22,141,0,-10,146,-33,-10,108,-39,-16,83,-34
573,575,0,-27,16,-52,-48,73,-68,-54,134,-76,-65,189,-80,-94,124,-40,-127,207,-62,-144,258,-74,-154,306,-81,-67,143,-24,-54,208,-55,-35,258,-73,-20,305,-77,-41,148,-13,-26,159,-53,-25,108,-61,-32,77,-54,-20,142,-5,-8,143,-38,-9,105,-43,-15,79,-37
571,573,0,-26,18,-55,-46,75,-70,-53,136,-77,-63,189,-80,-93,125,-41,-125,208,-63,-142,260,-75,-153,308,-81,-66,144,-23,-54,209,-53,-34,258,-69,-20,304,-74,-41,148,-10,-27,161,-50,-25,110,-59,-31,79,-52,-19,141,-2,-9,145,-34,-8,107,-40,-13,80,-34
571,574,0,-25,18,-55,-46,74,-71,-54,135,-77,-64,189,-80,-93,127,-40,-127,209,-61,-145,261,-73,-155,309,-80,-68,145,-22,-56,210,-52,-37,259,-69,-22,306,-74,-43,148,-9,-28,164,-50,-24,111,-60,-30,79,-53,-23,142,0,-11,147,-34,-11,109,-40,-15,81,-34
570,573,0,-27,18,-52,-48,74,-68,-55,134,-77,-65,189,-83,-96,125,-40,-130,210,-61,-148,262,-72,-159,310,-79,-69,145,-24,-56,212,-54,-37,263,-71,-23,309,-76,-43,148,-12,-30,165,-51,-29,115,-59,-36,82,-53,-21,142,-4,-14,149,-36,-15,111,-41,-20,84,-35
571,572,0,-28,16,-52,-49,71,-69,-56,132,-79,-68,188,-85,-98,123,-41,-133,207,-64,-151,260,-76,-163,308,-84,-71,144,-25,-59,212,-58,-40,262,-75,-26,309,-80,-45,148,-14,-29,165,-55,-27,112,-63,-32,81,-55,-23,142,-7,-12,148,-40,-12,109,-44,-17,82,-37
525,405,0,-10,6,-62,-24,59,-83,-27,134,-92,-37,196,-98,-93,102,-62,-130,199,-87,-147,265,-99,-162,322,-107,-74,130,-39,-45,223,-72,-17,273,-86,-6,313,-89,-55,145,-21,-20,184,-62,-9,129,-67,-13,89,-58,-38,150,-7,-9,175,-43,2,134,-48,1,105,-41
531,587,0,-32,8,-53,-62,56,-73,-56,127,-85,-50,193,-96,-108,139,-52,-138,228,-80,-155,288,-95,-168,341,-104,-79,161,-37,-53,231,-79,-23,285,-100,1,331,-106,-52,165,-26,-7,173,-76,13,111,-85,18,66,-75,-28,156,-18,6,160,-60,20,107,-65,25,68,-56
533,584,0,-34,8,-52,-64,56,-73,-59,126,-86,-52,193,-98,-108,138,-54,-138,226,-83,-154,284,-100,-168,337,-110,-79,158,-41,-54,228,-85,-25,281,-107,-2,328,-112,-51,160,-31,-8,172,-83,10,110,-91,16,64,-81,-29,149,-24,3,158,-67,15,109,-72,19,69,-63
551,487,0,-20,-42,-49,-60,-20,-75,-71,83,-94,-84,181,-113,-169,58,-65,-206,181,-99,-222,279,-121,-228,368,-134,-149,136,-53,-99,248,-97,-40,339,-116,5,410,-122,-117,183,-43,-51,218,-88,-2,138,-93,23,72,-84,-84,207,-36,-37,227,-73,-2,163,-74,10,110,-66
555,487,0,-19,-32,-49,-54,-9,-73,-67,93,-88,-80,183,-101,-164,59,-58,-200,178,-87,-212,269,-105,-220,353,-118,-145,131,-45,-97,236,-81,-39,289,-98,3,326,-104,-117,179,-34,-65,239,-72,-27,206,-79,-7,178,-76,-87,206,-26,-54,248,-60,-24,214,-65,-7,189,-61
555,490,0,-19,-32,-50,-53,-5,-73,-65,95,-87,-79,183,-99,-160,54,-59,-197,169,-88,-211,260,-107,-217,343,-120,-143,121,-45,-99,233,-80,-40,293,-98,4,333,-104,-119,167,-34,-73,237,-71,-37,219,-79,-15,203,-77,-89,192,-27,-61,233,-59,-35,198,-64,-19,167,-60
554,489,0,-19,-34,-48,-54,-9,-71,-64,93,-84,-79,183,-97,-159,56,-57,-201,177,-85,-215,270,-103,-221,352,-115,-143,125,-44,-99,239,-80,-39,302,-97,6,346,-102,-116,170,-34,-69,230,-72,-29,193,-79,-7,160,-75,-87,195,-26,-59,234,-59,-31,192,-63,-14,153,-58
553,491,0,-19,-32,-50,-52,-7,-74,-64,93,-90,-78,184,-104,-162,60,-61,-200,182,-89,-215,276,-108,-222,360,-120,-143,130,-47,-98,246,-83,-37,308,-101,10,350,-108,-116,176,-36,-69,241,-74,-31,211,-82,-7,182,-79,-88,199,-28,-59,239,-61,-31,197,-66,-12,159,-61
556,492,0,-16,-24,-51,-46,6,-73,-56,99,-87,-73,186,-99,-146,69,-58,-188,187,-85,-207,274,-103,-215,352,-113,-132,132,-43,-91,243,-79,-45,320,-96,-10,382,-100,-108,173,-32,-56,217,-71,-18,156,-78,-2,108,-71,-83,197,-24,-48,228,-57,-24,180,-60,-12,137,-53
555,491,0,-15,-24,-50,-44,6,-73,-54,101,-87,-69,187,-100,-141,70,-58,-184,187,-87,-202,275,-105,-213,352,-115,-129,133,-44,-88,242,-81,-43,320,-99,-8,381,-104,-105,173,-33,-49,215,-74,-11,154,-81,4,106,-74,-82,197,-26,-44,228,-60,-19,179,-63,-7,139,-56
556,491,0,-15,-23,-51,-43,7,-74,-51,101,-90,-68,188,-104,-144,72,-59,-189,191,-89,-209,279,-107,-220,358,-118,-127,135,-45,-91,246,-83,-46,325,-101,-15,391,-106,-102,175,-35,-49,218,-76,-15,151,-81,0,99,-73,-76,197,-27,-42,227,-62,-18,173,-64,-8,128,-56
558,492,0,-13,-23,-53,-41,7,-77,-53,100,-92,-70,187,-106,-146,72,-61,-190,192,-91,-210,279,-109,-221,359,-120,-130,137,-46,-94,247,-84,-49,323,-101,-23,384,-106,-105,179,-35,-51,222,-76,-16,156,-82,-5,105,-74,-79,204,-27,-45,234,-62,-19,186,-65,-10,145,-57
559,490,0,-14,-20,-54,-40,12,-77,-49,105,-92,-65,189,-104,-141,73,-61,-182,189,-89,-202,274,-107,-214,352,-118,-127,135,-45,-88,242,-81,-46,308,-97,-23,366,-101,-104,178,-33,-48,223,-73,-17,158,-78,-10,111,-71,-80,206,-25,-43,238,-59,-19,195,-62,-8,163,-56
557,488,0,-3,-17,-56,-27,19,-79,-37,109,-91,-52,193,-101,-126,76,-68,-166,194,-96,-183,280,-113,-195,358,-123,-116,132,-49,-70,240,-82,-29,302,-96,-8,356,-100,-96,174,-35,-33,222,-72,-3,156,-75,0,109,-68,-74,200,-25,-30,235,-57,-8,187,-59,-3,151,-52
562,465,0,4,-3,-62,-7,46,-86,-14,122,-97,-25,198,-106,-92,82,-74,-123,200,-99,-137,276,-111,-146,346,-119,-80,121,-51,-43,230,-85,-9,275,-98,8,312,-101,-63,148,-31,-18,204,-70,0,148,-73,-4,107,-65,-47,169,-15,-16,207,-48,-3,166,-51,-3,136,-44
568,471,0,-3,-4,-61,-16,40,-85,-24,118,-96,-34,197,-104,-104,85,-70,-138,202,-97,-154,281,-111,-164,351,-119,-90,129,-48,-55,236,-81,-20,287,-94,-2,330,-98,-71,160,-30,-28,212,-67,-11,151,-72,-15,107,-65,-54,181,-16,-24,220,-47,-11,181,-51,-11,153,-45
564,469,0,2,-7,-60,-11,39,-84,-18,118,-96,-30,197,-105,-98,82,-72,-131,202,-99,-146,280,-113,-156,352,-121,-83,125,-51,-48,236,-85,-11,284,-99,8,324,-102,-64,154,-33,-21,211,-72,-3,153,-75,-6,111,-67,-48,176,-18,-18,214,-52,-6,171,-54,-6,139,-47
569,470,0,-3,-6,-59,-17,40,-82,-24,118,-93,-35,196,-102,-103,85,-67,-137,202,-92,-151,281,-105,-162,351,-113,-89,127,-46,-49,234,-81,-12,273,-94,6,305,-97,-70,156,-29,-24,209,-67,-8,152,-71,-13,112,-63,-53,175,-15,-22,213,-47,-9,172,-49,-9,141,-41
566,468,0,2,-6,-60,-12,40,-84,-18,119,-96,-31,197,-104,-97,75,-73,-131,196,-98,-147,275,-111,-157,347,-119,-85,118,-51,-47,227,-86,-11,264,-100,6,293,-102,-67,151,-32,-23,210,-71,-7,152,-74,-12,113,-65,-51,175,-17,-22,216,-50,-8,178,-52,-7,153,-45
566,466,0,3,-3,-60,-9,44,-83,-18,122,-93,-30,197,-101,-94,77,-71,-128,192,-95,-143,269,-107,-154,337,-114,-83,116,-49,-48,226,-82,-14,272,-95,3,310,-98,-66,147,-31,-24,207,-68,-7,159,-72,-10,125,-65,-50,169,-16,-23,208,-49,-10,170,-52,-9,142,-46
518,381,0,1,48,-69,-18,109,-74,-35,159,-61,-46,194,-43,-72,104,-54,-98,178,-60,-109,218,-62,-121,254,-63,-70,108,-15,-59,180,-26,-40,225,-35,-28,260,-39,-62,109,19,-45,155,-3,-28,133,-17,-24,112,-17,-54,107,48,-37,137,26,-24,121,14,-20,102,13
516,382,0,2,47,-69,-17,109,-74,-35,159,-62,-45,195,-44,-73,105,-55,-98,177,-61,-110,218,-63,-121,253,-64,-71,107,-17,-59,181,-27,-40,226,-36,-27,260,-40,-63,108,17,-46,155,-4,-29,134,-17,-26,114,-17,-55,106,47,-38,136,25,-25,120,14,-20,103,13
517,381,0,1,48,-68,-18,108,-75,-35,159,-63,-46,194,-46,-73,102,-56,-98,176,-64,-110,217,-68,-122,253,-71,-70,107,-18,-60,178,-30,-41,224,-40,-29,258,-45,-62,108,16,-46,155,-7,-28,133,-19,-24,112,-19,-54,106,45,-37,136,22,-24,121,12,-18,102,12
516,382,0,1,47,-72,-19,108,-77,-35,158,-63,-46,194,-42,-73,106,-57,-98,178,-64,-110,217,-66,-122,253,-67,-70,108,-16,-59,180,-26,-40,226,-35,-27,260,-39,-62,108,20,-45,153,-1,-29,129,-16,-25,108,-17,-54,106,51,-37,134,29,-24,117,17,-19,98,16
515,384,0,0,48,-70,-19,109,-74,-37,159,-60,-47,194,-40,-74,104,-53,-99,178,-58,-111,217,-60,-123,253,-60,-70,108,-13,-59,180,-22,-41,225,-31,-29,257,-35,-61,109,22,-46,156,1,-29,134,-14,-25,113,-15,-53,107,52,-37,136,30,-24,120,17,-20,102,16
515,384,0,0,47,-71,-20,108,-75,-37,158,-60,-47,194,-39,-75,106,-55,-100,177,-61,-111,217,-63,-123,253,-65,-70,110,-15,-60,182,-23,-41,227,-32,-30,260,-36,-61,112,20,-47,158,0,-30,136,-15,-28,116,-17,-54,110,51,-37,138,29,-25,122,15,-20,104,13
512,385,0,1,46,-72,-18,107,-77,-35,156,-62,-46,194,-40,-73,105,-57,-99,178,-63,-111,218,-65,-122,254,-65,-69,111,-17,-59,183,-24,-41,231,-33,-28,264,-36,-59,112,19,-46,157,-2,-29,134,-17,-26,113,-19,-52,109,50,-36,137,27,-24,121,13,-19,102,10
512,387,0,0,46,-73,-19,106,-77,-35,156,-61,-47,194,-38,-75,107,-58,-101,179,-63,-114,218,-65,-125,253,-65,-70,112,-16,-59,186,-23,-41,234,-31,-29,268,-34,-60,113,21,-46,160,1,-30,136,-14,-26,115,-17,-53,111,53,-36,138,31,-24,121,16,-19,102,13
512,387,0,0,47,-73,-20,108,-77,-36,157,-59,-48,194,-34,-77,107,-58,-102,178,-62,-114,218,-63,-126,254,-64,-70,112,-15,-59,184,-20,-41,230,-28,-29,261,-31,-61,112,23,-46,160,4,-30,135,-12,-27,114,-14,-54,110,56,-37,137,33,-25,121,18,-20,102,14
513,382,0,0,46,-73,-19,107,-78,-36,157,-61,-47,194,-38,-76,105,-61,-102,178,-67,-114,219,-69,-126,256,-70,-71,110,-18,-62,185,-25,-43,233,-33,-29,268,-36,-62,113,20,-47,159,-1,-30,134,-16,-26,111,-18,-55,111,53,-38,139,30,-25,121,15,-21,102,12
513,381,0,0,47,-71,-19,107,-76,-37,157,-59,-48,194,-37,-77,106,-59,-103,178,-64,-115,219,-66,-127,256,-67,-72,110,-17,-63,185,-24,-44,233,-32,-29,268,-35,-63,112,20,-48,160,1,-32,138,-14,-27,116,-16,-55,111,52,-38,140,31,-26,124,17,-21,105,14
513,378,0,0,47,-73,-20,108,-78,-37,157,-61,-49,194,-37,-77,104,-62,-102,176,-68,-114,217,-70,-125,254,-72,-72,109,-19,-63,182,-25,-43,229,-33,-29,262,-36,-63,111,20,-49,159,2,-31,138,-13,-27,118,-15,-56,110,54,-39,139,32,-26,124,18,-20,106,15
513,378,0,0,46,-72,-20,106,-77,-36,156,-63,-47,194,-42,-76,105,-59,-102,177,-64,-114,216,-66,-126,251,-66,-72,109,-17,-62,183,-25,-44,232,-34,-30,267,-37,-63,111,20,-48,158,-1,-32,135,-16,-27,114,-18,-56,109,52,-39,138,29,-26,122,15,-21,104,13
514,376,0,0,48,-74,-20,108,-78,-37,157,-60,-49,194,-36,-77,105,-61,-103,177,-66,-114,218,-69,-126,255,-70,-73,109,-17,-63,184,-23,-44,230,-30,-30,263,-34,-64,111,22,-49,160,4,-32,138,-11,-27,117,-14,-57,111,57,-40,140,35,-27,125,20,-21,107,17
514,376,0,0,48,-70,-20,108,-76,-37,158,-61,-48,194,-41,-77,104,-57,-103,176,-62,-115,217,-64,-126,253,-65,-73,108,-16,-63,184,-24,-45,232,-33,-31,266,-36,-65,109,20,-49,158,0,-33,136,-14,-29,115,-16,-57,108,52,-39,138,30,-27,122,17,-21,104,15
514,375,0,0,46,-75,-20,106,-80,-37,156,-63,-47,194,-39,-76,105,-60,-102,176,-64,-114,216,-64,-125,251,-64,-71,109,-16,-61,184,-22,-43,232,-30,-30,266,-33,-61,111,24,-47,158,4,-32,134,-13,-28,113,-15,-54,109,58,-38,137,36,-26,121,20,-22,103,17
516,373,0,0,46,-71,-20,106,-78,-37,157,-66,-49,194,-47,-76,102,-59,-102,175,-65,-113,216,-67,-125,252,-68,-73,108,-18,-63,183,-28,-44,231,-37,-30,267,-41,-64,110,18,-49,158,-3,-33,136,-17,-29,115,-18,-56,108,50,-40,137,27,-28,122,15,-22,104,13
515,373,0,0,46,-74,-19,107,-79,-36,158,-63,-46,194,-42,-76,106,-60,-102,178,-66,-112,220,-68,-123,257,-69,-72,109,-17,-61,183,-25,-41,228,-34,-27,259,-37,-64,110,22,-48,158,1,-31,135,-14,-28,114,-15,-56,109,55,-39,137,33,-26,121,19,-22,103,17
515,374,0,0,47,-76,-19,108,-81,-36,159,-65,-46,194,-43,-76,106,-64,-102,181,-70,-113,223,-71,-124,261,-72,-73,110,-19,-60,187,-27,-40,232,-35,-26,264,-38,-64,112,20,-48,161,0,-31,136,-15,-27,114,-17,-56,110,55,-39,139,32,-27,122,16,-23,104,13
514,374,0,2,45,-76,-17,106,-82,-33,157,-67,-42,195,-45,-75,108,-63,-100,184,-70,-111,227,-72,-122,265,-73,-71,112,-20,-58,190,-28,-38,237,-36,-25,272,-39,-62,114,19,-46,161,-3,-30,135,-19,-28,112,-20,-54,112,53,-37,140,28,-26,120,13,-22,100,11
513,374,0,2,44,-77,-15,104,-84,-30,157,-70,-41,195,-49,-75,108,-66,-100,187,-74,-111,231,-77,-121,271,-78,-71,114,-22,-56,192,-32,-35,237,-40,-21,270,-43,-62,116,18,-43,167,-5,-28,140,-20,-25,117,-21,-54,116,52,-37,146,26,-24,127,12,-21,106,10
513,424,0,16,17,-83,10,70,-112,-4,135,-122,-19,199,-129,-76,74,-99,-101,180,-130,-111,247,-146,-116,303,-155,-77,103,-64,-45,211,-102,-12,276,-116,7,325,-120,-68,125,-34,-32,192,-78,-9,150,-83,-5,113,-75,-57,141,-9,-26,182,-52,-10,148,-60,-8,118,-57
509,428,0,16,18,-86,9,73,-115,-5,138,-124,-19,199,-129,-74,75,-104,-98,180,-135,-107,245,-151,-113,300,-161,-74,102,-67,-43,207,-104,-11,270,-117,8,315,-122,-66,123,-34,-32,190,-77,-9,151,-82,-5,115,-75,-55,139,-7,-25,179,-49,-10,147,-58,-7,117,-55
508,430,0,15,17,-82,9,73,-109,-4,139,-117,-18,199,-121,-73,73,-98,-96,180,-126,-105,245,-140,-109,298,-148,-73,101,-63,-42,205,-98,-10,267,-111,8,312,-115,-63,123,-32,-32,189,-74,-9,154,-79,-5,120,-72,-53,139,-6,-25,179,-47,-11,149,-56,-9,120,-52
505,434,0,17,15,-85,11,70,-114,-1,137,-123,-16,199,-129,-69,71,-103,-93,179,-133,-100,244,-148,-104,297,-156,-71,101,-67,-40,206,-105,-9,269,-119,10,316,-124,-61,124,-36,-29,188,-80,-6,152,-85,-1,120,-78,-51,141,-10,-23,180,-52,-9,150,-60,-7,121,-56
497,435,0,17,29,-84,9,86,-108,-5,146,-113,-19,199,-112,-67,81,-98,-90,183,-122,-99,242,-133,-107,292,-140,-70,101,-59,-45,206,-89,-17,267,-100,0,313,-103,-65,116,-24,-33,182,-62,-11,147,-68,-8,114,-62,-57,128,5,-29,167,-33,-12,138,-44,-10,112,-41
496,434,0,18,27,-87,10,85,-112,-4,144,-117,-18,199,-117,-66,81,-102,-89,182,-128,-98,241,-139,-105,291,-146,-70,101,-62,-44,205,-92,-15,267,-103,2,312,-107,-64,116,-26,-33,182,-64,-11,145,-70,-8,112,-64,-56,128,4,-28,165,-35,-11,136,-46,-8,110,-44
496,435,0,20,28,-91,11,85,-117,-4,144,-120,-18,199,-119,-66,80,-110,-89,181,-135,-99,240,-147,-106,289,-154,-71,98,-66,-45,203,-95,-15,264,-105,2,308,-109,-66,114,-26,-33,180,-62,-11,145,-68,-8,113,-63,-59,127,7,-29,164,-30,-11,136,-41,-9,110,-40
498,434,0,18,28,-83,8,85,-107,-6,144,-111,-20,199,-111,-68,79,-98,-91,183,-123,-101,243,-134,-108,292,-141,-71,100,-60,-44,204,-89,-16,265,-100,1,309,-104,-66,116,-25,-34,182,-63,-12,147,-68,-8,115,-62,-57,128,3,-28,167,-35,-12,138,-45,-10,111,-43
498,432,0,18,30,-84,9,86,-108,-5,145,-111,-19,199,-110,-68,82,-99,-91,181,-124,-100,240,-136,-107,290,-143,-72,100,-59,-45,203,-87,-14,263,-97,3,308,-100,-66,114,-24,-34,181,-59,-12,147,-65,-12,115,-59,-58,127,6,-28,165,-31,-12,138,-41,-11,111,-39
499,430,0,18,30,-84,10,87,-108,-5,145,-111,-19,199,-110,-66,79,-102,-90,181,-128,-99,240,-141,-106,290,-148,-71,97,-62,-44,201,-91,-14,259,-100,2,301,-104,-66,114,-27,-33,182,-63,-11,148,-67,-8,117,-62,-59,127,3,-28,166,-35,-11,139,-44,-9,112,-43
500,430,0,18,29,-86,9,86,-112,-5,145,-115,-20,199,-115,-67,82,-105,-91,182,-131,-100,242,-144,-106,293,-152,-71,100,-64,-46,205,-93,-15,266,-104,3,310,-107,-65,115,-27,-34,182,-63,-12,149,-69,-9,117,-64,-57,127,4,-28,167,-33,-12,140,-43,-10,114,-40
502,430,0,18,27,-84,8,85,-109,-6,144,-113,-21,198,-113,-68,79,-100,-90,180,-127,-100,241,-140,-107,291,-148,-72,99,-61,-46,204,-92,-16,265,-102,0,310,-105,-66,116,-27,-34,183,-64,-13,149,-69,-11,116,-63,-57,129,2,-29,169,-36,-13,141,-46,-12,115,-43
501,429,0,19,29,-86,11,85,-111,-4,144,-114,-19,199,-114,-65,80,-105,-89,182,-132,-98,243,-145,-104,293,-152,-70,99,-65,-45,205,-93,-15,267,-103,0,312,-107,-66,114,-28,-34,184,-63,-12,149,-68,-9,117,-62,-58,128,3,-28,167,-33,-12,140,-43,-10,114,-41
503,430,0,18,29,-87,9,86,-111,-5,144,-114,-19,199,-112,-67,82,-104,-90,183,-131,-99,243,-145,-106,293,-153,-71,101,-63,-45,206,-91,-16,267,-101,0,312,-105,-65,117,-26,-34,184,-61,-12,149,-67,-11,116,-61,-57,130,5,-27,168,-31,-12,139,-40,-11,113,-39
504,429,0,18,30,-82,9,86,-105,-5,145,-108,-19,199,-106,-67,84,-95,-90,184,-119,-99,244,-131,-105,294,-138,-71,102,-57,-45,206,-85,-15,267,-95,2,312,-99,-65,117,-23,-34,185,-59,-12,150,-64,-8,117,-59,-56,129,5,-27,169,-32,-12,142,-42,-10,115,-40
504,431,0,18,28,-82,10,85,-106,-5,144,-109,-18,199,-108,-68,84,-95,-90,185,-119,-100,245,-130,-107,296,-137,-71,104,-56,-45,208,-84,-17,268,-94,0,312,-98,-65,120,-23,-34,188,-58,-12,152,-64,-9,118,-59,-56,132,6,-29,172,-32,-13,143,-43,-10,116,-41
505,431,0,17,29,-82,8,86,-106,-6,144,-110,-20,199,-110,-68,84,-96,-91,185,-120,-100,244,-131,-108,295,-138,-71,103,-57,-47,207,-86,-18,270,-97,-2,316,-101,-65,118,-23,-34,185,-59,-12,148,-66,-9,115,-60,-56,130,5,-28,169,-32,-12,140,-42,-11,113,-40
502,431,0,18,29,-79,10,86,-103,-5,145,-109,-18,199,-111,-67,81,-96,-90,184,-120,-99,243,-131,-107,294,-138,-71,101,-60,-46,207,-91,-18,270,-102,-1,318,-106,-66,116,-28,-34,183,-66,-11,148,-71,-7,116,-64,-58,128,-1,-31,170,-38,-14,142,-47,-11,116,-44
501,432,0,17,29,-80,9,85,-105,-5,145,-110,-18,199,-112,-68,83,-95,-90,184,-120,-101,244,-133,-108,293,-140,-71,103,-59,-46,208,-90,-19,270,-101,-3,316,-105,-65,118,-27,-33,184,-65,-10,150,-70,-6,118,-64,-57,130,0,-30,171,-38,-13,144,-47,-9,118,-44
499,433,0,17,29,-81,9,86,-106,-5,145,-112,-18,199,-113,-68,83,-96,-91,183,-122,-101,243,-135,-109,291,-143,-71,104,-59,-47,208,-91,-20,270,-103,-4,316,-107,-63,120,-27,-33,185,-66,-10,151,-71,-6,120,-64,-55,131,-1,-28,172,-39,-12,145,-48,-9,120,-45
496,438,0,17,27,-79,9,83,-104,-5,144,-111,-19,199,-113,-70,85,-90,-92,186,-117,-103,245,-129,-109,294,-137,-72,106,-56,-47,210,-88,-19,273,-100,-4,318,-104,-65,122,-26,-33,187,-66,-10,151,-71,-5,118,-64,-56,133,-2,-28,172,-42,-12,144,-51,-10,118,-48
467,450,0,16,37,-77,2,95,-98,-17,150,-99,-31,197,-95,-66,82,-92,-94,175,-118,-107,231,-130,-118,277,-138,-73,95,-55,-56,198,-82,-33,261,-92,-21,307,-95,-71,106,-22,-43,175,-55,-21,144,-59,-15,113,-53,-65,117,6,-38,157,-28,-20,134,-37,-16,110,-34
