452,541,0,12,46,-52,6,105,-71,1,158,-74,3,199,-74,-64,65,-81,-73,155,-101,-77,203,-113,-86,241,-121,-81,60,-53,-61,143,-71,-35,135,-66,-30,111,-62,-86,67,-28,-67,139,-46,-44,130,-41,-42,107,-35,-86,75,-6,-74,124,-21,-57,120,-20,-51,102,-16
451,542,0,12,47,-53,7,105,-73,0,157,-77,2,199,-77,-64,65,-83,-73,155,-105,-78,203,-118,-86,241,-126,-80,61,-56,-61,145,-74,-35,137,-68,-29,113,-64,-86,68,-30,-68,140,-47,-45,131,-41,-42,109,-35,-87,76,-7,-75,126,-22,-57,121,-21,-51,104,-17
452,545,0,11,48,-49,5,106,-69,-1,158,-74,0,199,-76,-65,65,-78,-75,154,-100,-80,202,-113,-88,241,-121,-82,61,-53,-63,145,-72,-37,137,-68,-31,113,-64,-88,67,-29,-69,140,-47,-46,131,-41,-42,109,-34,-88,74,-9,-76,126,-24,-58,122,-22,-52,105,-18
451,545,0,12,47,-50,5,108,-68,-1,159,-72,1,199,-72,-64,66,-79,-75,156,-100,-79,203,-113,-87,241,-121,-82,61,-53,-62,144,-71,-37,135,-66,-32,111,-62,-88,66,-28,-69,138,-45,-46,128,-39,-44,107,-33,-88,74,-7,-75,124,-21,-58,118,-20,-53,102,-16
450,546,0,12,48,-48,6,107,-68,0,158,-74,2,199,-76,-64,67,-76,-74,156,-96,-77,203,-108,-86,239,-115,-81,62,-51,-61,144,-69,-36,135,-64,-31,112,-59,-87,67,-28,-67,138,-45,-44,129,-39,-42,107,-32,-87,74,-8,-74,125,-22,-56,119,-20,-50,103,-16
450,547,0,12,49,-48,6,108,-67,-1,159,-71,1,199,-72,-65,67,-75,-74,156,-95,-77,203,-106,-85,240,-114,-82,62,-50,-62,144,-68,-37,135,-64,-32,110,-59,-87,67,-26,-68,138,-44,-46,129,-38,-44,107,-32,-87,75,-6,-75,124,-20,-58,119,-19,-53,102,-15
449,548,0,12,48,-47,6,107,-65,0,159,-70,2,199,-72,-65,67,-74,-74,156,-93,-78,203,-104,-86,240,-111,-81,62,-50,-62,144,-68,-37,135,-64,-31,110,-60,-87,67,-27,-68,138,-44,-45,128,-38,-43,107,-32,-87,74,-7,-74,124,-21,-57,119,-19,-52,102,-15
449,549,0,10,48,-47,4,107,-65,-1,158,-70,1,199,-72,-67,66,-74,-75,156,-94,-80,203,-106,-87,241,-114,-82,62,-50,-61,145,-69,-35,136,-65,-32,111,-61,-86,67,-28,-67,140,-46,-44,130,-40,-42,108,-33,-87,74,-8,-75,127,-23,-57,122,-21,-51,105,-17
446,549,0,11,47,-48,5,107,-67,0,158,-72,2,199,-74,-65,66,-77,-74,155,-96,-79,204,-108,-87,241,-115,-81,62,-52,-60,144,-71,-35,136,-67,-29,112,-63,-86,67,-28,-66,139,-46,-43,130,-39,-41,108,-33,-87,74,-8,-74,126,-22,-55,121,-20,-49,104,-16
442,550,0,12,49,-49,6,108,-69,1,158,-74,3,199,-77,-65,65,-80,-74,155,-100,-79,204,-111,-86,242,-119,-81,61,-54,-60,144,-74,-36,135,-71,-31,111,-67,-86,65,-30,-67,138,-47,-44,130,-40,-42,108,-34,-87,73,-8,-74,125,-23,-56,121,-20,-51,104,-16
441,552,0,12,47,-48,6,106,-67,0,157,-73,2,199,-75,-65,64,-77,-76,153,-97,-80,202,-109,-88,242,-117,-81,59,-52,-63,143,-72,-37,136,-69,-30,113,-65,-87,65,-28,-69,138,-46,-45,130,-39,-41,109,-33,-87,73,-7,-76,125,-21,-57,121,-19,-51,104,-15
439,553,0,12,47,-49,6,107,-69,0,158,-75,2,199,-77,-64,63,-79,-77,153,-98,-81,202,-109,-90,241,-117,-81,59,-53,-64,143,-73,-37,135,-69,-31,110,-66,-87,64,-29,-70,137,-45,-47,128,-38,-42,107,-32,-88,73,-8,-77,123,-22,-59,119,-21,-53,103,-17
438,551,0,10,47,-46,4,107,-65,-1,158,-69,1,199,-70,-64,66,-75,-77,153,-95,-82,201,-107,-89,241,-115,-80,60,-50,-64,142,-69,-38,135,-65,-30,112,-61,-86,64,-27,-70,136,-44,-47,127,-37,-42,107,-31,-88,70,-7,-77,122,-20,-59,117,-18,-53,101,-13
438,553,0,11,49,-48,3,109,-66,-4,159,-69,0,200,-68,-66,65,-78,-78,154,-98,-82,203,-110,-90,242,-118,-83,59,-52,-64,143,-68,-38,135,-63,-32,111,-59,-89,64,-28,-70,137,-43,-47,127,-37,-44,106,-31,-91,71,-6,-78,121,-19,-61,116,-17,-55,99,-14
438,553,0,10,48,-50,3,109,-67,-4,159,-70,-1,199,-68,-67,65,-78,-80,154,-99,-84,203,-112,-91,242,-120,-84,59,-52,-65,143,-68,-40,136,-63,-33,112,-58,-90,65,-27,-72,138,-42,-49,128,-37,-46,107,-32,-91,72,-6,-79,123,-18,-62,117,-17,-56,101,-13
438,555,0,10,49,-51,3,109,-69,-4,159,-71,-2,199,-68,-68,64,-81,-80,152,-104,-85,202,-119,-92,242,-127,-84,58,-54,-65,143,-71,-40,135,-65,-33,110,-61,-91,64,-29,-72,138,-44,-49,128,-39,-46,106,-34,-93,72,-7,-81,123,-20,-63,117,-19,-57,100,-15
435,556,0,10,48,-51,4,108,-69,-2,158,-71,0,199,-69,-66,64,-83,-78,153,-106,-84,203,-121,-92,243,-130,-83,58,-55,-63,144,-72,-38,136,-67,-32,111,-62,-90,65,-30,-71,138,-46,-49,128,-40,-45,107,-35,-92,73,-9,-80,124,-22,-62,117,-20,-56,101,-17
435,556,0,10,47,-51,3,107,-69,-3,159,-71,0,200,-69,-66,63,-80,-78,153,-102,-84,203,-115,-92,241,-123,-82,59,-53,-63,144,-69,-38,135,-63,-34,110,-58,-89,66,-28,-70,138,-44,-48,127,-38,-46,106,-33,-90,73,-6,-79,123,-20,-61,117,-19,-56,100,-15
434,557,0,11,46,-51,3,108,-70,-3,158,-73,-1,199,-72,-66,63,-80,-79,154,-101,-83,202,-113,-92,240,-120,-83,58,-53,-64,142,-69,-40,134,-64,-33,108,-59,-89,64,-27,-71,136,-43,-49,126,-38,-46,105,-32,-90,72,-5,-79,121,-19,-62,114,-18,-56,98,-15
434,556,0,9,47,-50,3,107,-67,-4,158,-69,-3,199,-66,-68,65,-77,-80,154,-98,-85,203,-111,-92,240,-119,-84,58,-50,-64,142,-66,-39,133,-61,-34,108,-57,-89,65,-25,-71,137,-41,-50,126,-35,-47,104,-30,-91,72,-3,-79,122,-16,-62,114,-15,-56,98,-11
435,555,0,9,48,-51,1,107,-69,-6,157,-71,-4,199,-68,-69,64,-78,-81,154,-99,-85,202,-111,-93,239,-119,-85,58,-51,-65,144,-66,-39,135,-60,-34,110,-55,-91,64,-26,-71,138,-41,-49,126,-37,-47,106,-32,-92,71,-4,-79,122,-17,-62,116,-16,-56,99,-12
434,555,0,10,46,-54,3,105,-72,-5,156,-75,-4,199,-72,-68,63,-81,-81,153,-103,-86,202,-115,-94,239,-122,-85,58,-53,-65,144,-68,-39,136,-61,-34,111,-56,-91,65,-26,-70,139,-41,-48,127,-36,-46,106,-32,-93,72,-3,-78,123,-16,-61,117,-15,-54,100,-11
434,554,0,9,48,-54,2,107,-72,-5,159,-73,-4,199,-69,-69,65,-81,-82,154,-102,-86,203,-114,-94,240,-121,-85,59,-52,-64,144,-66,-39,135,-60,-34,109,-54,-91,66,-25,-69,139,-40,-47,126,-36,-45,106,-31,-92,73,-1,-77,123,-14,-60,116,-14,-54,100,-10
434,553,0,10,49,-52,2,108,-69,-6,158,-70,-4,199,-66,-69,65,-79,-83,155,-100,-87,204,-112,-94,242,-119,-86,60,-51,-65,145,-65,-39,137,-59,-33,111,-53,-91,67,-25,-70,140,-40,-48,129,-36,-45,107,-32,-92,74,-2,-78,125,-15,-61,118,-15,-55,102,-11
434,554,0,10,49,-50,2,109,-67,-5,159,-68,-3,199,-66,-69,64,-76,-83,154,-98,-87,203,-110,-95,241,-118,-86,59,-50,-65,145,-65,-39,137,-59,-33,111,-54,-92,66,-26,-70,140,-42,-47,129,-37,-45,107,-32,-93,73,-6,-78,125,-19,-61,119,-18,-54,103,-15
434,554,0,10,50,-49,2,109,-67,-6,159,-69,-4,199,-67,-69,64,-79,-82,154,-101,-88,203,-114,-97,241,-122,-86,58,-53,-66,144,-67,-40,136,-61,-34,111,-56,-92,63,-28,-71,138,-42,-49,129,-37,-46,107,-32,-93,70,-7,-79,122,-18,-61,117,-16,-55,100,-13
436,555,0,9,49,-49,0,107,-67,-5,157,-71,-4,199,-70,-72,63,-78,-85,152,-100,-91,202,-115,-100,240,-124,-88,56,-53,-68,146,-67,-40,138,-62,-36,113,-58,-93,62,-29,-71,139,-42,-47,130,-36,-45,107,-31,-93,69,-9,-80,126,-21,-60,123,-20,-52,107,-16
438,555,0,8,49,-51,-1,106,-70,-8,157,-73,-7,199,-73,-72,59,-81,-87,149,-104,-93,199,-119,-102,238,-127,-89,54,-54,-70,144,-69,-43,138,-64,-37,113,-59,-96,59,-30,-75,137,-44,-50,129,-39,-48,108,-34,-96,66,-9,-83,122,-22,-63,120,-20,-56,104,-17
448,570,0,6,49,-53,-5,101,-74,-11,155,-81,-15,199,-82,-86,44,-76,-106,133,-103,-116,189,-122,-126,232,-135,-103,40,-51,-81,142,-69,-49,130,-66,-45,101,-63,-112,47,-31,-87,133,-45,-59,119,-37,-60,97,-31,-116,54,-15,-101,118,-28,-78,110,-25,-72,94,-21
435,611,0,27,2,-55,27,34,-83,23,125,-97,8,199,-108,-100,-26,-83,-126,80,-112,-146,156,-131,-170,222,-147,-136,18,-64,-97,146,-86,-41,126,-86,-32,81,-88,-147,69,-47,-91,175,-62,-48,146,-50,-48,103,-43,-141,112,-36,-100,178,-54,-64,152,-49,-55,119,-43
433,614,0,27,2,-52,24,30,-78,20,121,-92,8,199,-102,-103,-30,-76,-125,89,-104,-139,177,-123,-156,249,-139,-136,14,-58,-97,142,-81,-42,120,-84,-34,71,-86,-146,64,-44,-90,171,-59,-46,143,-47,-46,101,-41,-140,108,-35,-96,176,-51,-58,149,-46,-50,116,-41
433,616,0,30,-2,-55,30,23,-85,23,116,-102,4,199,-115,-107,-33,-83,-135,75,-111,-155,159,-130,-179,230,-146,-142,18,-64,-106,150,-88,-45,128,-89,-35,80,-91,-152,74,-49,-95,184,-64,-47,153,-50,-45,108,-43,-145,123,-39,-100,193,-56,-61,165,-51,-53,131,-45
434,614,0,26,4,-52,22,35,-80,14,123,-96,1,199,-107,-106,-27,-80,-133,82,-109,-150,166,-129,-171,236,-145,-137,16,-61,-103,144,-85,-48,124,-87,-39,80,-88,-148,66,-46,-96,176,-61,-52,148,-48,-50,105,-42,-142,110,-36,-99,182,-53,-62,157,-48,-53,124,-42
432,617,0,29,2,-53,28,28,-82,20,117,-97,5,199,-109,-105,-30,-82,-132,79,-112,-150,161,-131,-172,234,-147,-138,14,-64,-103,144,-88,-42,122,-89,-36,76,-91,-148,67,-49,-94,177,-63,-47,147,-49,-47,104,-42,-142,113,-39,-97,184,-56,-59,158,-50,-50,123,-44
435,617,0,23,1,-54,20,31,-83,13,117,-99,-2,199,-111,-112,-30,-82,-139,82,-113,-156,165,-135,-177,240,-151,-141,14,-64,-111,143,-88,-53,123,-91,-44,79,-94,-151,67,-48,-100,177,-63,-54,149,-51,-54,107,-45,-145,114,-37,-102,186,-54,-63,161,-49,-56,126,-43
439,619,0,13,0,-56,1,31,-82,-3,121,-96,-11,199,-105,-117,-25,-76,-140,73,-104,-154,146,-122,-173,212,-136,-137,20,-57,-114,132,-82,-58,114,-85,-48,77,-86,-141,68,-42,-103,165,-58,-57,140,-46,-55,103,-38,-130,112,-32,-100,173,-49,-66,150,-43,-59,118,-36
437,616,0,16,2,-57,4,37,-84,-2,123,-97,-11,199,-105,-113,-22,-79,-133,84,-107,-145,160,-125,-163,227,-140,-133,20,-58,-108,132,-82,-54,112,-86,-45,73,-88,-139,67,-41,-100,162,-56,-57,136,-44,-57,99,-37,-131,108,-29,-104,170,-46,-70,147,-41,-65,116,-34
437,613,0,12,-3,-56,1,32,-81,-5,123,-93,-13,199,-101,-113,-25,-76,-137,79,-100,-153,158,-118,-168,223,-133,-132,18,-55,-108,132,-77,-57,117,-80,-45,77,-82,-134,65,-36,-98,162,-52,-58,140,-44,-54,103,-38,-124,108,-23,-100,170,-43,-67,150,-40,-58,120,-35
440,611,0,10,1,-54,-3,35,-80,-9,123,-92,-15,199,-101,-120,-14,-71,-139,99,-95,-150,179,-112,-165,243,-125,-137,28,-51,-111,138,-72,-60,119,-77,-49,80,-78,-137,71,-34,-102,167,-48,-62,142,-39,-60,106,-34,-126,113,-22,-102,173,-38,-72,150,-35,-62,121,-29
438,612,0,12,0,-55,1,35,-81,-5,121,-94,-14,199,-103,-112,-21,-75,-137,80,-101,-154,155,-119,-172,219,-133,-133,22,-54,-107,136,-76,-54,118,-79,-45,80,-80,-135,70,-36,-100,163,-51,-58,138,-40,-57,102,-34,-127,111,-24,-104,171,-41,-72,148,-37,-65,117,-31
439,610,0,13,1,-52,0,38,-77,-6,125,-88,-14,199,-96,-112,-18,-71,-134,88,-96,-150,162,-114,-166,224,-128,-130,23,-51,-108,136,-73,-56,118,-77,-45,80,-79,-134,67,-34,-101,163,-49,-61,141,-39,-57,104,-33,-126,108,-22,-105,170,-39,-75,150,-35,-64,121,-29
440,613,0,12,-2,-52,-2,34,-77,-6,122,-89,-14,199,-98,-114,-25,-72,-139,80,-98,-154,157,-116,-171,221,-131,-134,20,-54,-110,136,-77,-58,121,-82,-46,81,-84,-139,68,-38,-104,166,-53,-62,144,-43,-58,106,-37,-129,110,-27,-107,172,-44,-74,151,-40,-65,121,-34
442,609,0,10,3,-51,-4,40,-74,-10,126,-84,-17,199,-90,-113,-15,-68,-135,87,-92,-148,160,-109,-163,220,-122,-127,27,-49,-106,134,-70,-57,118,-74,-45,80,-75,-127,71,-33,-97,164,-48,-58,141,-39,-55,104,-33,-116,110,-21,-97,170,-38,-67,149,-34,-59,121,-28
440,614,0,12,-2,-54,1,33,-81,-5,121,-95,-16,199,-104,-117,-25,-76,-142,78,-102,-158,153,-119,-175,218,-132,-136,20,-56,-110,135,-78,-57,117,-79,-49,77,-79,-138,67,-38,-102,164,-54,-59,139,-41,-59,101,-34,-128,112,-27,-102,173,-45,-70,149,-39,-64,117,-33
440,616,0,14,0,-55,1,32,-79,-6,122,-91,-14,199,-98,-114,-25,-74,-139,68,-98,-158,138,-114,-177,199,-127,-133,20,-54,-108,129,-76,-56,113,-79,-44,74,-81,-137,66,-37,-102,160,-53,-58,138,-43,-56,99,-37,-126,107,-25,-103,168,-43,-71,148,-39,-61,117,-32
437,611,0,15,7,-55,2,45,-80,-6,128,-90,-16,199,-97,-104,-14,-75,-125,87,-101,-141,161,-119,-160,224,-135,-124,25,-55,-101,132,-78,-54,121,-83,-41,83,-86,-128,68,-38,-94,157,-54,-55,137,-44,-51,100,-38,-119,104,-27,-95,162,-45,-66,143,-41,-57,116,-35
422,510,0,11,53,-36,2,113,-48,-4,160,-51,-1,199,-53,-48,92,-54,-69,157,-62,-79,193,-62,-89,222,-63,-65,77,-34,-57,139,-47,-35,134,-39,-27,115,-32,-70,68,-15,-58,125,-30,-40,117,-24,-34,99,-17,-70,65,4,-60,110,-7,-46,104,-4,-40,89,0
423,511,0,11,53,-37,1,113,-50,-5,160,-53,-2,199,-54,-49,92,-58,-70,156,-66,-80,191,-66,-89,222,-67,-66,77,-36,-57,138,-47,-36,132,-39,-27,113,-31,-70,68,-15,-59,125,-30,-40,116,-24,-33,99,-17,-70,66,5,-61,110,-5,-46,104,-2,-40,89,2
427,504,0,9,54,-32,0,113,-44,-7,161,-48,-5,199,-50,-47,92,-49,-69,155,-60,-80,190,-61,-90,220,-63,-64,77,-32,-57,135,-47,-37,129,-41,-29,112,-34,-70,66,-16,-59,121,-34,-43,113,-28,-36,96,-19,-70,62,-1,-62,106,-14,-49,101,-10,-42,86,-5
431,478,0,9,58,-18,-2,118,-24,-11,163,-24,-8,199,-23,-48,107,-30,-71,163,-30,-83,192,-27,-94,218,-25,-65,87,-16,-57,135,-16,-38,130,-7,-29,116,0,-71,71,-1,-58,114,-5,-44,108,1,-36,94,5,-72,61,13,-62,97,14,-49,93,21,-42,80,26
432,476,0,8,59,-18,-2,118,-25,-12,163,-26,-9,199,-27,-46,106,-29,-70,160,-31,-82,190,-29,-92,216,-29,-65,87,-17,-55,134,-21,-37,130,-13,-29,116,-7,-71,71,-3,-57,115,-10,-43,109,-4,-36,94,1,-71,62,9,-61,98,8,-49,94,13,-42,81,19
433,478,0,8,58,-17,-3,118,-24,-12,164,-26,-9,199,-28,-48,106,-29,-71,162,-33,-84,192,-32,-94,218,-32,-67,87,-18,-56,135,-23,-38,131,-16,-30,117,-10,-73,70,-6,-59,114,-13,-45,108,-7,-37,94,-2,-74,61,5,-63,97,4,-50,93,10,-44,80,16
432,480,0,11,58,-17,1,117,-24,-9,163,-26,-7,199,-27,-46,107,-26,-68,161,-28,-81,191,-25,-90,217,-25,-64,88,-15,-55,137,-19,-36,133,-11,-28,119,-5,-71,72,-3,-57,117,-9,-43,112,-3,-35,98,2,-71,63,10,-62,101,8,-49,98,14,-41,85,20
434,479,0,10,59,-16,0,118,-21,-9,163,-21,-7,199,-21,-46,107,-28,-69,162,-29,-81,192,-26,-90,217,-24,-65,88,-16,-54,136,-17,-35,130,-7,-27,117,-1,-71,72,-3,-57,116,-7,-42,110,0,-35,96,5,-72,63,11,-61,100,11,-49,96,18,-42,82,23
436,476,0,10,59,-15,0,118,-20,-10,163,-21,-7,199,-22,-45,108,-26,-68,162,-26,-79,191,-23,-89,217,-22,-64,89,-15,-55,137,-16,-36,133,-7,-27,119,-1,-71,73,-2,-58,117,-6,-43,111,0,-35,97,5,-73,63,10,-63,101,11,-50,97,17,-43,85,23
438,473,0,11,59,-18,1,118,-23,-8,163,-23,-6,199,-23,-43,107,-32,-66,161,-31,-77,190,-26,-87,216,-24,-62,88,-18,-55,138,-16,-35,135,-5,-27,122,2,-70,73,-2,-57,118,-3,-42,113,4,-34,99,8,-72,65,14,-61,102,16,-49,98,23,-41,86,28
439,474,0,11,58,-17,1,117,-23,-7,163,-23,-5,199,-23,-45,107,-33,-67,163,-32,-78,193,-28,-87,218,-26,-64,89,-19,-54,138,-16,-34,133,-4,-25,119,3,-71,73,-3,-56,118,-3,-41,112,4,-33,98,7,-73,65,12,-61,102,16,-48,98,22,-41,86,27
441,472,0,10,58,-16,1,119,-21,-9,163,-21,-7,199,-20,-44,108,-32,-66,162,-31,-77,191,-27,-86,217,-25,-64,89,-18,-54,138,-16,-35,134,-4,-26,121,3,-71,73,-3,-58,117,-4,-43,112,4,-35,99,7,-73,64,12,-62,101,15,-50,97,22,-42,85,26
442,471,0,10,58,-18,0,117,-24,-9,163,-24,-7,199,-24,-45,106,-33,-67,161,-34,-78,191,-31,-87,217,-30,-64,87,-20,-54,137,-21,-34,131,-11,-25,118,-5,-71,73,-6,-57,118,-10,-42,112,-2,-34,98,3,-73,65,8,-62,103,8,-48,99,15,-42,86,20
443,471,0,10,58,-19,0,117,-25,-10,163,-25,-8,199,-24,-46,105,-34,-67,162,-35,-78,192,-31,-88,218,-30,-65,87,-20,-54,137,-21,-34,132,-10,-26,118,-3,-72,73,-5,-57,119,-8,-42,113,-1,-34,98,3,-73,65,11,-62,103,10,-48,99,16,-42,87,21
444,471,0,10,57,-17,-1,117,-23,-11,163,-23,-10,199,-23,-45,106,-35,-67,162,-35,-78,191,-31,-88,218,-29,-65,88,-21,-55,138,-21,-35,133,-9,-26,119,-2,-72,73,-6,-58,119,-8,-43,113,0,-35,99,4,-74,66,9,-62,104,11,-50,101,17,-42,89,22
443,471,0,10,58,-20,-1,117,-25,-11,163,-24,-11,199,-22,-46,105,-37,-67,162,-35,-78,191,-30,-88,217,-27,-65,87,-20,-53,138,-18,-32,132,-6,-24,118,2,-72,73,-3,-56,120,-4,-41,113,3,-33,99,7,-73,66,15,-61,105,17,-48,101,23,-40,89,27
443,472,0,10,58,-19,-1,117,-25,-11,163,-24,-11,199,-23,-46,106,-34,-67,162,-33,-78,191,-28,-88,216,-25,-65,88,-19,-53,137,-18,-34,132,-6,-24,118,1,-72,73,-3,-57,118,-4,-41,112,3,-34,99,6,-73,65,14,-61,103,16,-48,100,21,-41,87,26
442,477,0,9,58,-16,-2,118,-21,-12,163,-20,-13,199,-19,-47,107,-29,-69,162,-28,-79,191,-23,-89,216,-21,-66,88,-16,-54,136,-15,-34,130,-4,-26,115,3,-73,72,-2,-58,116,-3,-43,110,4,-35,96,8,-74,64,13,-62,100,15,-50,96,22,-43,84,26
442,484,0,8,59,-14,-5,118,-18,-18,163,-16,-23,198,-13,-48,106,-28,-72,159,-25,-84,185,-18,-94,209,-15,-68,86,-15,-57,133,-11,-38,129,1,-30,116,8,-75,70,0,-62,114,1,-47,110,8,-38,98,12,-77,62,15,-67,99,20,-54,97,27,-46,87,31
445,512,0,10,59,-12,-5,118,-13,-21,162,-10,-26,198,-7,-46,109,-22,-70,162,-18,-82,188,-12,-93,210,-9,-66,88,-11,-57,135,-8,-38,129,3,-31,116,9,-74,72,2,-62,115,3,-48,112,11,-40,100,15,-77,62,15,-68,100,20,-55,100,28,-48,90,33
445,516,0,10,59,-11,-6,118,-13,-22,162,-11,-28,198,-8,-47,110,-21,-71,161,-18,-83,187,-12,-94,210,-10,-67,88,-11,-59,134,-8,-41,129,1,-33,116,7,-75,71,1,-64,115,1,-50,111,9,-42,99,13,-78,61,12,-70,99,16,-57,98,24,-50,89,30
444,517,0,10,59,-11,-6,118,-13,-22,162,-11,-29,197,-8,-46,108,-22,-70,160,-19,-82,186,-14,-93,209,-12,-66,87,-12,-58,133,-10,-40,128,-1,-32,115,5,-74,70,-1,-64,114,0,-49,110,8,-42,98,12,-77,60,10,-69,98,15,-57,98,23,-49,88,29
443,519,0,10,59,-12,-6,118,-14,-24,162,-12,-30,197,-9,-47,108,-22,-70,161,-19,-82,187,-14,-92,210,-11,-66,87,-12,-59,133,-11,-41,129,-1,-32,117,5,-74,69,0,-64,114,0,-50,111,8,-41,100,13,-77,59,11,-70,97,15,-57,97,23,-49,87,29
443,521,0,9,60,-10,-7,119,-11,-24,161,-8,-31,197,-4,-48,110,-18,-71,162,-12,-81,188,-6,-92,210,-2,-68,88,-8,-59,133,-4,-41,128,6,-33,115,12,-75,69,4,-64,113,6,-50,109,13,-42,97,16,-79,58,16,-70,97,21,-58,95,28,-50,85,33
444,523,0,10,59,-11,-6,119,-12,-26,161,-8,-32,197,-4,-48,109,-19,-70,163,-14,-81,189,-7,-92,211,-4,-67,87,-9,-61,136,-6,-43,133,4,-34,120,10,-75,69,3,-66,116,4,-51,114,11,-43,103,15,-78,59,15,-72,98,19,-59,99,26,-51,90,31
445,524,0,11,60,-10,-5,120,-11,-25,162,-8,-33,197,-4,-46,110,-18,-69,162,-15,-80,189,-10,-90,211,-8,-65,88,-10,-58,134,-9,-40,131,-1,-32,118,4,-73,70,0,-63,116,-2,-49,114,6,-42,102,10,-76,60,10,-68,100,12,-56,100,19,-49,91,25
445,532,0,10,60,-9,-6,119,-11,-25,162,-8,-31,197,-5,-46,109,-20,-68,163,-17,-79,190,-12,-89,213,-10,-66,87,-12,-60,135,-11,-42,131,-2,-33,119,4,-74,69,-2,-65,115,-1,-51,112,7,-43,101,12,-78,57,8,-71,96,12,-58,97,20,-51,88,26
444,533,0,10,59,-10,-6,118,-12,-25,161,-9,-31,197,-6,-46,109,-22,-69,163,-19,-79,190,-14,-89,213,-12,-66,87,-13,-60,135,-11,-42,133,-1,-34,121,4,-75,69,-2,-66,116,-1,-52,114,7,-43,103,12,-78,58,10,-71,97,13,-58,99,21,-51,90,26
444,532,0,10,60,-10,-6,119,-12,-25,161,-10,-31,197,-7,-46,109,-22,-68,163,-20,-79,190,-15,-89,213,-13,-66,87,-13,-59,136,-12,-42,132,-3,-33,120,3,-74,70,-2,-65,116,-3,-51,114,6,-43,103,11,-78,59,9,-71,99,11,-58,100,19,-51,91,25
443,531,0,10,59,-12,-5,118,-15,-24,162,-13,-30,197,-10,-47,108,-23,-68,163,-20,-78,191,-15,-88,214,-13,-66,87,-13,-59,136,-13,-41,131,-4,-32,119,2,-74,70,-2,-64,117,-3,-50,114,5,-41,102,10,-78,59,10,-70,99,12,-58,100,19,-50,90,24
442,531,0,10,59,-12,-5,118,-15,-23,161,-13,-29,197,-11,-46,107,-24,-67,162,-22,-77,190,-17,-87,213,-15,-66,86,-14,-58,134,-14,-41,131,-5,-32,118,1,-74,69,-3,-64,116,-4,-50,114,4,-42,102,9,-77,60,9,-70,100,11,-57,100,18,-50,91,24
440,531,0,10,59,-12,-5,117,-14,-22,162,-13,-28,198,-10,-46,107,-23,-68,163,-20,-77,190,-14,-86,214,-11,-66,85,-12,-58,135,-11,-40,130,-1,-31,117,4,-74,69,-1,-63,116,-1,-49,112,7,-41,100,11,-77,59,11,-69,99,15,-56,97,22,-49,88,27
440,529,0,10,58,-13,-6,118,-16,-22,162,-15,-29,197,-12,-46,106,-24,-68,162,-23,-78,190,-18,-87,214,-17,-66,84,-14,-58,134,-16,-41,130,-7,-32,117,-2,-74,68,-3,-65,116,-6,-51,113,2,-42,102,7,-78,60,8,-70,100,9,-58,100,16,-50,91,21
439,530,0,9,59,-12,-6,118,-15,-22,162,-14,-29,197,-12,-47,105,-24,-68,161,-22,-77,190,-17,-87,213,-15,-66,84,-14,-58,133,-16,-40,129,-7,-32,116,-1,-74,67,-4,-64,115,-7,-50,111,1,-42,99,6,-78,58,7,-70,98,8,-57,97,15,-50,87,21
438,531,0,9,58,-13,-6,117,-17,-22,161,-16,-29,197,-15,-46,104,-25,-67,160,-25,-78,189,-20,-86,213,-18,-66,83,-15,-59,133,-18,-41,129,-10,-33,117,-4,-75,67,-5,-65,116,-8,-50,113,0,-43,100,6,-78,58,6,-70,98,7,-57,99,14,-50,89,19
435,526,0,9,59,-14,-5,118,-18,-21,162,-17,-27,198,-15,-47,106,-23,-67,161,-22,-77,189,-18,-86,214,-16,-67,85,-12,-57,131,-14,-37,126,-6,-30,113,0,-74,68,-2,-61,113,-5,-47,109,2,-40,96,6,-77,59,10,-67,97,10,-55,96,17,-48,85,23
434,526,0,9,59,-14,-5,118,-18,-21,162,-17,-27,198,-16,-47,106,-23,-68,160,-22,-77,189,-19,-86,213,-17,-67,84,-13,-57,131,-16,-38,126,-7,-30,113,-2,-74,68,-3,-62,113,-7,-48,109,0,-41,96,5,-76,58,8,-69,97,8,-56,95,16,-49,84,21
433,525,0,9,59,-16,-6,118,-20,-21,162,-19,-27,198,-17,-48,104,-24,-68,160,-23,-77,189,-18,-87,214,-17,-68,84,-13,-56,131,-15,-37,126,-7,-30,113,-1,-75,68,-1,-62,114,-6,-47,110,1,-40,97,6,-77,60,11,-68,99,11,-55,97,17,-48,86,23
432,524,0,9,59,-16,-5,118,-21,-20,162,-20,-27,198,-18,-47,102,-29,-67,159,-28,-77,189,-23,-86,213,-21,-67,81,-17,-56,131,-19,-37,126,-10,-29,113,-4,-74,67,-4,-61,114,-10,-47,110,-3,-40,97,2,-76,59,8,-67,99,7,-54,97,13,-47,86,19
432,524,0,9,59,-16,-5,118,-20,-20,162,-19,-26,198,-17,-47,103,-28,-67,159,-26,-76,189,-21,-86,214,-19,-67,82,-16,-56,131,-17,-37,127,-7,-30,113,-1,-74,67,-3,-61,113,-7,-46,109,0,-39,96,4,-76,59,10,-67,99,10,-54,96,16,-47,85,21
430,523,0,10,59,-16,-4,119,-20,-19,163,-18,-24,198,-16,-46,103,-29,-66,159,-26,-75,188,-20,-84,213,-18,-65,82,-17,-54,130,-15,-36,126,-5,-29,114,2,-73,67,-3,-60,114,-5,-46,110,2,-39,97,6,-76,59,11,-65,99,13,-53,97,19,-46,86,24
430,521,0,10,58,-18,-4,118,-23,-18,162,-20,-22,198,-17,-46,103,-36,-65,158,-31,-74,187,-22,-82,212,-19,-65,82,-20,-54,130,-13,-35,126,1,-27,113,8,-72,66,-2,-59,113,2,-44,107,9,-37,95,11,-75,59,16,-64,98,22,-51,95,28,-43,84,31
430,521,0,9,58,-17,-3,117,-23,-17,162,-22,-22,198,-20,-46,103,-39,-66,160,-35,-75,189,-28,-83,215,-25,-66,83,-23,-54,131,-17,-36,125,-3,-29,112,4,-73,67,-5,-59,113,-3,-44,106,4,-38,93,7,-76,59,12,-64,98,17,-52,94,23,-45,82,26
420,534,0,16,47,-61,10,107,-90,-2,154,-100,-4,199,-106,-42,55,-121,-60,133,-153,-72,182,-168,-81,222,-177,-65,45,-90,-58,123,-114,-36,118,-101,-27,95,-92,-78,46,-60,-66,115,-83,-45,107,-71,-43,86,-62,-85,50,-33,-71,103,-53,-54,96,-49,-50,79,-45
421,532,0,16,48,-61,10,107,-91,0,154,-101,-3,199,-108,-40,56,-126,-59,135,-158,-69,185,-174,-79,224,-183,-64,46,-95,-57,125,-118,-35,119,-105,-27,97,-97,-77,48,-64,-65,117,-86,-45,109,-74,-42,90,-65,-85,52,-36,-71,105,-54,-54,98,-50,-50,82,-46
422,531,0,17,49,-59,11,109,-88,0,155,-97,-1,199,-103,-38,57,-123,-54,137,-155,-64,186,-170,-74,225,-179,-63,48,-93,-51,125,-115,-30,119,-103,-24,97,-94,-75,50,-63,-59,119,-85,-41,110,-73,-39,90,-65,-83,55,-36,-67,107,-56,-51,99,-53,-47,82,-49
416,510,0,25,36,-42,27,103,-63,17,157,-71,18,199,-77,15,48,-109,-5,127,-138,-14,171,-140,-20,208,-140,-13,41,-95,-15,135,-130,-2,129,-120,1,108,-107,-35,43,-78,-32,128,-106,-16,120,-85,-13,98,-64,-51,52,-63,-44,119,-79,-31,113,-68,-29,95,-57
414,508,0,26,37,-40,29,102,-61,18,157,-69,18,199,-74,17,50,-108,-2,127,-136,-9,171,-138,-14,208,-137,-11,43,-94,-14,136,-128,-3,138,-118,0,127,-106,-34,46,-78,-29,131,-106,-14,122,-85,-11,102,-65,-50,56,-63,-42,121,-79,-30,115,-68,-29,97,-58
413,511,0,27,35,-41,31,101,-61,20,156,-69,20,198,-75,15,48,-110,-4,130,-137,-12,175,-138,-18,212,-136,-14,42,-95,-14,135,-128,1,129,-117,5,108,-102,-36,45,-78,-31,131,-104,-14,122,-83,-11,101,-62,-51,56,-63,-42,123,-78,-29,117,-67,-28,98,-56
413,511,0,26,34,-42,30,101,-64,21,157,-71,23,198,-77,15,47,-115,-4,127,-142,-13,172,-144,-19,209,-144,-14,42,-98,-14,133,-131,0,126,-118,5,105,-104,-35,45,-80,-30,128,-107,-15,118,-86,-11,95,-66,-50,55,-64,-42,121,-81,-29,113,-71,-27,93,-61
413,510,0,26,33,-42,30,102,-63,22,156,-69,25,198,-74,14,47,-114,-4,128,-141,-12,174,-143,-18,211,-143,-15,43,-98,-13,136,-129,2,127,-115,6,105,-101,-36,46,-79,-30,130,-105,-14,119,-84,-11,96,-64,-50,57,-62,-42,123,-79,-28,115,-69,-27,94,-61
411,512,0,26,31,-43,31,101,-65,23,156,-72,26,198,-78,15,47,-119,-3,128,-146,-11,174,-149,-16,211,-150,-13,42,-101,-11,134,-132,3,125,-118,7,102,-105,-34,46,-82,-28,128,-107,-13,117,-85,-10,95,-66,-49,56,-64,-42,122,-82,-29,114,-73,-27,93,-65
411,512,0,27,32,-42,32,101,-63,23,156,-70,27,198,-75,15,47,-113,-3,128,-140,-10,174,-141,-15,211,-141,-13,43,-97,-11,136,-129,3,127,-115,6,104,-102,-35,46,-78,-27,130,-105,-12,119,-83,-10,95,-64,-50,58,-62,-40,123,-79,-27,115,-70,-26,94,-61
411,511,0,27,32,-42,33,100,-63,24,155,-70,26,198,-75,16,48,-114,-3,129,-140,-10,175,-141,-15,213,-141,-13,44,-97,-10,136,-129,4,128,-115,7,106,-100,-35,48,-79,-27,131,-105,-12,120,-83,-10,97,-63,-50,59,-62,-40,124,-79,-27,116,-70,-26,96,-61
411,515,0,27,31,-43,32,100,-65,23,155,-72,25,198,-78,16,47,-117,-3,128,-144,-10,173,-145,-15,210,-145,-13,42,-100,-10,135,-132,4,127,-118,6,105,-104,-35,46,-81,-27,129,-107,-12,118,-85,-10,96,-65,-50,57,-63,-40,123,-81,-28,114,-71,-27,94,-62
412,514,0,26,31,-43,31,99,-65,22,156,-72,25,198,-78,15,48,-118,-4,129,-145,-11,175,-148,-17,213,-148,-14,43,-100,-11,135,-132,3,125,-118,7,102,-104,-35,47,-81,-28,129,-108,-12,118,-86,-10,94,-66,-50,58,-63,-40,123,-82,-28,114,-72,-27,94,-63
411,513,0,27,33,-44,32,101,-65,22,156,-72,25,198,-78,14,49,-119,-4,129,-146,-11,174,-147,-16,213,-147,-15,45,-101,-11,134,-131,3,127,-115,6,107,-101,-35,49,-81,-28,129,-106,-12,119,-83,-10,96,-63,-50,59,-62,-42,123,-80,-28,115,-70,-27,95,-62
410,517,0,28,33,-46,32,101,-68,22,156,-74,25,198,-78,14,48,-121,-5,129,-149,-12,174,-151,-18,212,-151,-15,44,-102,-12,134,-132,4,126,-116,8,104,-102,-37,48,-80,-29,129,-106,-13,117,-84,-10,94,-65,-51,58,-61,-42,122,-79,-28,114,-70,-26,93,-61
396,547,0,-5,47,-58,-24,105,-68,-38,154,-62,-47,194,-49,-83,69,-43,-88,150,-60,-84,198,-74,-82,234,-82,-87,65,-10,-77,133,-25,-57,121,-30,-53,98,-29,-85,69,18,-76,128,0,-57,114,-6,-56,95,-4,-83,74,42,-75,115,29,-60,105,24,-56,89,26
396,546,0,-5,46,-62,-25,104,-74,-38,154,-69,-48,194,-57,-85,69,-47,-90,151,-65,-86,201,-79,-84,237,-87,-89,66,-13,-78,135,-30,-58,122,-35,-54,98,-33,-87,71,16,-77,131,-4,-58,116,-9,-58,96,-7,-85,77,40,-77,118,26,-62,108,22,-58,92,24
395,545,0,-5,46,-60,-24,104,-72,-38,153,-68,-48,194,-58,-84,70,-43,-89,150,-60,-85,198,-75,-83,234,-83,-87,68,-11,-78,134,-29,-59,121,-35,-55,97,-34,-85,73,16,-77,132,-5,-59,116,-10,-59,97,-7,-83,78,38,-76,119,23,-61,109,20,-57,93,22
394,544,0,-5,47,-61,-24,105,-73,-37,155,-69,-47,194,-58,-84,71,-45,-89,152,-63,-85,200,-77,-82,237,-85,-88,67,-12,-77,136,-31,-58,123,-36,-54,99,-35,-87,72,16,-77,132,-5,-58,118,-11,-58,98,-9,-84,78,39,-77,120,24,-61,110,20,-58,94,22
394,545,0,-4,45,-60,-25,103,-72,-38,153,-70,-48,194,-60,-85,70,-46,-91,151,-64,-87,201,-80,-84,239,-89,-89,69,-14,-79,135,-32,-60,122,-37,-57,98,-37,-87,75,13,-77,134,-7,-60,118,-11,-61,98,-8,-84,81,35,-77,123,20,-62,113,17,-59,96,20
393,546,0,-4,45,-61,-23,103,-73,-36,153,-69,-46,194,-59,-84,70,-46,-89,150,-66,-84,200,-81,-82,236,-89,-88,67,-14,-77,134,-32,-57,120,-37,-55,95,-36,-87,74,14,-76,132,-7,-58,117,-11,-59,97,-9,-84,79,36,-76,120,21,-61,110,18,-58,93,20
392,545,0,-3,46,-61,-23,103,-73,-36,154,-69,-46,194,-58,-84,70,-47,-89,152,-66,-84,202,-82,-81,240,-91,-88,69,-15,-77,137,-32,-57,122,-37,-55,97,-35,-87,76,12,-76,135,-8,-57,119,-11,-59,99,-8,-84,82,34,-76,123,20,-60,113,17,-57,97,20
392,544,0,-3,46,-61,-22,106,-73,-34,155,-69,-44,195,-57,-83,71,-47,-87,152,-65,-82,202,-81,-79,239,-89,-87,69,-13,-75,137,-31,-56,122,-36,-53,98,-35,-86,74,15,-74,134,-5,-56,118,-10,-56,99,-8,-83,80,38,-74,122,24,-59,110,20,-56,94,22
392,545,0,-3,45,-60,-22,104,-72,-35,154,-68,-44,195,-57,-84,73,-46,-88,154,-64,-82,205,-80,-77,242,-88,-88,71,-13,-75,138,-30,-56,124,-35,-52,99,-33,-85,77,15,-73,136,-5,-55,120,-9,-56,100,-7,-82,83,38,-73,125,23,-58,113,20,-54,97,23
391,559,0,-1,46,-61,-18,105,-72,-29,155,-66,-37,196,-54,-82,79,-47,-82,160,-64,-74,210,-79,-70,245,-86,-84,78,-13,-69,144,-29,-49,128,-33,-47,105,-31,-81,83,16,-67,141,-4,-49,124,-8,-51,105,-6,-77,89,40,-67,128,24,-52,116,20,-50,100,23
393,563,0,-3,46,-59,-20,105,-70,-32,155,-66,-40,196,-54,-83,76,-47,-84,159,-66,-76,208,-82,-72,245,-90,-86,75,-14,-71,142,-32,-51,127,-37,-49,104,-36,-82,83,14,-69,141,-6,-51,124,-11,-52,104,-8,-78,89,37,-67,129,22,-53,117,19,-51,100,22
391,561,0,-1,46,-59,-18,106,-70,-29,156,-65,-37,196,-54,-80,79,-44,-80,159,-61,-73,207,-75,-68,241,-82,-83,77,-11,-69,143,-28,-48,128,-33,-46,104,-32,-80,82,16,-66,139,-3,-48,123,-8,-49,103,-5,-76,87,40,-65,126,25,-51,113,21,-48,96,23
391,564,0,-2,46,-58,-18,107,-69,-29,156,-65,-37,196,-53,-81,78,-45,-81,158,-64,-74,206,-79,-69,241,-87,-84,76,-13,-69,142,-31,-49,127,-35,-47,103,-34,-81,82,14,-67,140,-6,-49,122,-10,-50,103,-7,-78,87,37,-66,127,22,-51,115,19,-49,98,22
390,564,0,-1,47,-58,-18,108,-68,-29,157,-62,-35,196,-49,-80,78,-46,-81,159,-65,-73,208,-80,-68,243,-89,-84,76,-13,-68,143,-29,-48,128,-34,-45,104,-33,-81,82,15,-66,141,-4,-49,123,-8,-49,103,-6,-78,87,39,-66,127,25,-51,115,21,-49,98,23
390,564,0,-1,47,-59,-17,108,-69,-28,157,-64,-35,197,-51,-79,80,-46,-79,159,-66,-71,208,-82,-66,243,-90,-82,77,-13,-67,143,-31,-47,128,-35,-44,104,-34,-80,84,14,-66,140,-6,-48,123,-10,-49,104,-7,-77,88,37,-65,128,23,-51,115,19,-49,98,22
514,578,0,2,38,-54,2,100,-66,6,154,-66,6,199,-61,-46,127,-26,-16,184,-41,2,213,-49,13,240,-54,-40,126,0,0,152,-28,7,122,-37,0,103,-34,-29,122,20,8,140,-12,12,106,-17,3,89,-9,-19,118,35,7,130,8,13,104,1,8,89,5
510,576,0,3,43,-53,3,105,-64,7,156,-63,8,199,-56,-46,131,-28,-15,185,-42,2,213,-50,12,241,-55,-40,125,-2,1,152,-28,6,126,-35,-1,110,-33,-28,119,18,11,139,-12,13,107,-16,4,93,-9,-18,112,34,6,131,9,12,110,2,8,99,5
482,519,0,-4,47,-56,-25,104,-71,-39,155,-69,-49,193,-60,-81,36,-65,-97,121,-82,-101,169,-95,-107,206,-104,-91,32,-36,-86,116,-49,-63,109,-47,-56,83,-46,-96,39,-10,-90,110,-23,-70,103,-22,-68,82,-20,-97,47,12,-92,93,-2,-76,90,-4,-69,78,-4
481,515,0,-2,47,-53,-22,105,-70,-36,155,-71,-46,194,-66,-79,38,-68,-96,123,-83,-101,171,-95,-108,208,-103,-92,33,-39,-87,120,-52,-64,113,-49,-55,90,-47,-97,38,-12,-92,111,-24,-70,105,-21,-65,87,-18,-98,45,10,-93,92,-3,-76,95,-5,-68,85,-5
481,515,0,-2,47,-55,-22,105,-71,-36,156,-71,-44,195,-66,-80,36,-71,-97,123,-88,-102,170,-99,-109,206,-107,-92,31,-42,-87,118,-56,-63,113,-54,-55,89,-51,-98,37,-16,-92,110,-29,-70,105,-27,-66,86,-24,-98,43,7,-94,92,-7,-77,94,-9,-68,83,-9
482,514,0,-2,46,-54,-21,104,-70,-35,156,-70,-43,195,-65,-79,36,-72,-97,122,-90,-102,171,-102,-110,207,-110,-92,31,-43,-86,117,-58,-61,114,-54,-52,90,-52,-98,36,-18,-91,110,-32,-68,105,-29,-61,86,-26,-100,42,3,-92,92,-10,-74,92,-13,-64,81,-12
482,510,0,-1,48,-51,-20,106,-67,-34,157,-68,-42,195,-63,-78,40,-70,-95,124,-87,-101,170,-100,-109,207,-108,-91,33,-42,-86,120,-56,-62,117,-53,-51,94,-51,-97,38,-17,-91,111,-29,-68,107,-25,-61,88,-23,-98,43,5,-91,93,-8,-73,93,-9,-64,82,-9
480,508,0,0,48,-50,-18,107,-67,-33,158,-70,-39,196,-67,-76,41,-71,-93,124,-89,-98,171,-100,-106,206,-108,-90,34,-45,-83,121,-60,-59,117,-56,-50,94,-53,-96,39,-20,-89,112,-34,-68,107,-29,-62,88,-25,-98,45,0,-91,93,-12,-73,93,-13,-64,83,-11
479,508,0,0,47,-56,-17,105,-75,-31,156,-77,-38,196,-74,-76,38,-79,-93,124,-97,-98,171,-108,-105,207,-116,-90,33,-49,-82,121,-64,-58,114,-59,-50,91,-56,-96,38,-22,-88,111,-35,-66,105,-30,-61,86,-27,-98,44,2,-90,92,-12,-71,92,-13,-64,80,-12
472,504,0,2,45,-59,-14,103,-78,-27,155,-79,-33,197,-75,-71,41,-86,-89,123,-106,-95,170,-119,-103,206,-127,-85,32,-53,-80,118,-67,-56,115,-61,-45,91,-57,-92,37,-23,-86,109,-37,-63,103,-34,-56,84,-31,-95,41,2,-87,89,-11,-69,88,-13,-60,75,-12
470,505,0,3,46,-67,-13,104,-88,-26,154,-87,-33,197,-81,-73,40,-98,-91,123,-119,-96,171,-130,-103,207,-137,-85,32,-61,-80,120,-73,-55,116,-64,-47,91,-59,-93,38,-27,-85,112,-41,-61,105,-38,-59,84,-35,-98,44,3,-90,93,-11,-70,91,-13,-62,78,-12
468,504,0,3,46,-65,-13,104,-86,-26,155,-87,-34,197,-82,-72,39,-95,-91,124,-115,-97,172,-125,-104,208,-132,-87,31,-59,-81,119,-71,-56,114,-63,-47,90,-58,-94,35,-26,-86,110,-39,-62,103,-35,-58,83,-33,-98,41,3,-89,90,-10,-69,88,-12,-61,74,-12
467,504,0,3,45,-68,-13,103,-88,-25,154,-86,-35,197,-78,-72,38,-98,-91,123,-118,-97,171,-128,-106,207,-135,-86,30,-59,-80,117,-68,-54,113,-59,-45,90,-53,-93,35,-23,-85,108,-36,-59,100,-34,-56,81,-32,-98,39,8,-88,88,-6,-68,84,-9,-59,71,-10
466,502,0,3,46,-68,-13,103,-87,-25,154,-84,-35,197,-75,-71,38,-99,-91,121,-119,-98,169,-130,-105,205,-137,-85,29,-60,-79,116,-68,-54,113,-58,-44,90,-53,-93,34,-24,-85,108,-36,-60,100,-33,-56,81,-32,-98,38,7,-89,89,-7,-69,84,-10,-60,71,-11
465,501,0,3,45,-66,-13,103,-86,-25,153,-84,-35,196,-76,-71,36,-97,-90,119,-119,-98,168,-131,-105,204,-138,-85,29,-61,-80,116,-71,-55,113,-62,-45,89,-57,-93,34,-27,-86,107,-40,-62,101,-37,-58,80,-36,-97,39,2,-90,89,-12,-70,85,-15,-62,70,-15
462,501,0,5,48,-66,-12,105,-87,-25,155,-86,-34,197,-79,-68,39,-102,-89,121,-122,-96,168,-132,-104,204,-139,-83,28,-64,-80,115,-73,-55,114,-63,-44,91,-58,-92,32,-29,-86,106,-41,-61,101,-37,-56,82,-35,-97,36,2,-89,87,-11,-69,85,-13,-60,71,-14
458,504,0,5,44,-64,-11,102,-85,-25,154,-86,-33,197,-81,-68,36,-99,-89,121,-120,-95,169,-131,-103,207,-139,-85,28,-64,-80,116,-76,-55,112,-68,-45,89,-64,-93,35,-32,-87,108,-44,-62,103,-38,-57,83,-35,-97,41,-3,-90,92,-18,-71,88,-20,-62,73,-19
393,609,0,3,33,-59,0,94,-74,6,152,-77,11,199,-73,-65,121,-37,-42,196,-57,-22,238,-71,-10,272,-79,-58,126,-9,-26,171,-36,-18,141,-44,-27,118,-42,-45,133,12,-15,169,-16,-8,138,-19,-17,121,-12,-34,136,29,-13,165,8,-4,145,4,-7,133,8
395,608,0,3,31,-60,0,93,-75,3,150,-78,7,199,-74,-65,120,-37,-43,196,-58,-24,238,-71,-12,273,-79,-59,127,-9,-27,172,-35,-18,141,-42,-28,118,-40,-46,132,12,-16,169,-16,-8,137,-19,-18,121,-12,-35,136,29,-14,164,7,-5,144,3,-8,132,8
393,607,0,4,32,-59,3,94,-74,7,151,-76,11,199,-72,-63,118,-37,-40,192,-56,-22,233,-70,-9,268,-78,-58,124,-9,-27,170,-33,-18,140,-41,-25,116,-39,-47,130,14,-18,168,-12,-10,138,-16,-18,122,-10,-36,134,32,-16,163,12,-8,142,9,-10,128,13
393,608,0,4,33,-59,3,95,-74,7,151,-76,11,199,-72,-63,119,-38,-41,195,-57,-21,238,-72,-8,272,-79,-59,124,-9,-28,171,-33,-18,142,-40,-27,118,-39,-47,130,14,-18,170,-12,-10,140,-15,-19,124,-10,-37,134,32,-17,165,12,-8,144,9,-11,129,14
395,605,0,3,33,-60,1,95,-75,4,151,-76,9,199,-70,-64,119,-38,-43,195,-56,-23,237,-71,-9,271,-79,-59,124,-8,-28,172,-30,-19,142,-38,-27,119,-37,-46,130,17,-18,170,-8,-11,141,-12,-19,124,-7,-36,135,36,-16,165,17,-8,144,14,-11,129,17
395,603,0,3,33,-61,1,95,-75,5,151,-75,11,199,-69,-65,116,-39,-43,191,-57,-23,234,-72,-10,268,-80,-59,121,-9,-29,170,-31,-21,140,-39,-29,117,-37,-47,128,15,-19,168,-9,-12,139,-13,-21,122,-7,-36,132,35,-17,162,16,-8,142,12,-11,126,16
395,601,0,4,36,-59,1,97,-73,5,153,-73,9,199,-67,-66,115,-37,-43,189,-56,-24,231,-71,-11,264,-79,-60,120,-8,-31,168,-31,-23,139,-40,-31,117,-40,-49,126,16,-22,167,-8,-14,140,-12,-23,124,-7,-39,131,35,-19,162,18,-11,141,15,-15,127,19
429,554,0,-1,49,-63,-21,109,-80,-35,156,-78,-43,195,-70,-81,45,-82,-94,129,-100,-95,178,-111,-100,215,-118,-91,37,-47,-84,121,-61,-59,118,-58,-50,95,-56,-94,43,-14,-88,115,-29,-66,109,-28,-60,89,-26,-95,50,14,-88,96,1,-71,95,-3,-63,83,-3
427,556,0,1,49,-60,-18,108,-78,-34,155,-77,-44,195,-70,-77,46,-82,-92,129,-102,-96,177,-115,-101,214,-122,-89,36,-48,-83,121,-62,-58,119,-58,-49,97,-55,-94,40,-17,-88,112,-32,-64,107,-30,-60,88,-27,-97,46,10,-88,94,-4,-69,93,-5,-63,80,-4
427,561,0,1,49,-69,-19,107,-88,-34,153,-85,-44,195,-76,-78,43,-94,-93,126,-113,-97,176,-124,-103,214,-130,-88,33,-54,-84,118,-65,-58,117,-58,-48,94,-54,-94,38,-16,-88,110,-30,-62,104,-29,-58,85,-28,-97,45,16,-89,91,4,-69,89,1,-62,77,0
427,563,0,1,50,-66,-19,108,-84,-33,154,-80,-45,195,-70,-77,46,-93,-93,127,-111,-97,176,-122,-103,213,-129,-87,34,-54,-84,118,-64,-58,116,-57,-47,94,-52,-93,37,-17,-87,108,-29,-61,101,-27,-56,81,-25,-97,42,15,-87,88,4,-67,85,1,-60,72,0
427,564,0,1,48,-68,-20,106,-87,-34,154,-84,-45,195,-75,-77,43,-95,-93,126,-115,-97,176,-127,-103,214,-134,-89,32,-55,-84,118,-68,-58,113,-61,-48,90,-57,-94,38,-19,-87,108,-33,-63,101,-31,-58,81,-29,-98,43,14,-87,89,-1,-68,86,-5,-60,73,-6
426,567,0,2,48,-69,-18,106,-88,-33,153,-86,-45,195,-77,-76,43,-101,-93,126,-122,-96,176,-134,-102,213,-142,-88,32,-61,-83,117,-73,-57,113,-65,-46,90,-60,-94,37,-23,-86,108,-37,-60,99,-33,-55,80,-30,-98,43,10,-85,88,-4,-65,83,-8,-58,71,-9
426,569,0,1,48,-65,-19,106,-84,-34,154,-81,-46,194,-72,-75,44,-97,-92,125,-118,-97,173,-131,-103,210,-139,-87,32,-58,-82,116,-69,-56,112,-60,-46,89,-55,-94,35,-21,-85,105,-34,-59,97,-30,-54,77,-28,-98,39,11,-84,85,-2,-64,79,-5,-57,67,-6
398,602,0,-18,48,-55,-62,91,-73,-96,130,-74,-118,161,-70,-96,-11,-71,-143,58,-93,-164,100,-107,-186,127,-116,-104,-27,-45,-131,60,-64,-104,76,-62,-89,58,-59,-110,-29,-22,-134,47,-38,-110,61,-33,-101,43,-28,-114,-26,-3,-138,24,-16,-133,46,-16,-130,47,-13
398,601,0,-17,48,-49,-59,92,-67,-93,130,-72,-113,165,-72,-96,-9,-66,-140,63,-87,-159,105,-99,-178,135,-108,-107,-25,-43,-127,63,-63,-102,76,-61,-89,58,-58,-113,-27,-23,-130,52,-39,-108,63,-33,-99,46,-27,-114,-22,-8,-133,30,-22,-128,51,-23,-127,54,-21
398,511,0,26,37,-65,36,96,-99,38,146,-112,44,194,-122,-27,67,-131,-14,153,-157,-1,204,-167,10,244,-173,-53,73,-98,-17,142,-115,1,125,-101,1,100,-94,-64,83,-65,-27,139,-80,-12,121,-66,-15,102,-61,-70,93,-36,-39,133,-53,-25,116,-50,-25,99,-48
398,514,0,28,36,-66,37,94,-101,39,145,-116,43,195,-127,-29,61,-135,-17,150,-161,-5,202,-171,6,245,-178,-56,68,-102,-17,143,-122,4,126,-111,6,103,-105,-67,81,-68,-25,139,-84,-10,119,-68,-13,100,-62,-72,95,-39,-37,134,-57,-23,117,-53,-24,99,-51
397,510,0,27,35,-67,37,93,-104,39,145,-120,43,195,-133,-28,62,-139,-14,150,-163,-1,202,-170,10,242,-174,-54,69,-104,-16,144,-125,4,126,-111,6,102,-104,-65,81,-70,-25,139,-85,-10,119,-69,-13,99,-61,-71,94,-39,-36,133,-56,-22,115,-52,-24,97,-50
397,511,0,28,37,-64,37,93,-100,39,144,-116,45,194,-129,-30,63,-135,-15,153,-161,-2,205,-168,9,246,-175,-55,71,-103,-15,144,-122,4,123,-108,3,98,-102,-68,84,-70,-25,139,-84,-10,118,-67,-14,98,-60,-72,97,-41,-38,134,-58,-23,116,-54,-25,98,-52
394,516,0,28,35,-79,39,91,-123,40,141,-143,42,195,-160,-25,57,-165,-16,144,-197,-5,202,-206,7,246,-212,-52,64,-124,-18,140,-143,4,119,-122,4,94,-111,-64,78,-84,-25,136,-98,-8,114,-77,-11,94,-68,-71,94,-48,-37,130,-66,-22,112,-60,-22,94,-58
396,514,0,26,36,-76,35,92,-118,35,143,-136,37,196,-150,-29,58,-159,-21,142,-191,-12,198,-202,-3,241,-210,-55,65,-119,-21,138,-137,0,118,-116,1,92,-106,-66,79,-80,-28,134,-94,-11,113,-75,-13,95,-66,-72,93,-45,-40,129,-63,-24,111,-57,-24,94,-55
394,510,0,28,39,-77,36,96,-118,36,145,-135,38,196,-148,-28,65,-155,-20,149,-183,-11,205,-191,-1,247,-196,-53,68,-115,-22,141,-130,-1,121,-110,-1,95,-99,-65,80,-74,-29,137,-88,-13,115,-70,-17,97,-63,-71,93,-39,-42,129,-55,-25,111,-50,-26,94,-49
395,515,0,28,38,-78,35,96,-117,32,146,-132,35,196,-143,-32,60,-156,-25,149,-184,-16,206,-191,-7,251,-196,-57,65,-116,-25,141,-134,-4,122,-115,-3,96,-105,-68,78,-75,-33,136,-91,-16,116,-74,-20,96,-67,-76,93,-39,-46,130,-58,-30,114,-55,-29,95,-54
402,512,0,20,40,-68,21,100,-101,15,151,-112,16,199,-120,-42,58,-132,-41,145,-159,-36,200,-171,-32,245,-179,-67,58,-96,-40,136,-115,-19,123,-101,-14,99,-94,-77,67,-61,-48,131,-80,-30,117,-68,-30,96,-62,-83,79,-30,-59,122,-51,-42,110,-49,-38,92,-48
402,509,0,20,40,-65,22,100,-97,17,151,-108,16,199,-115,-41,60,-128,-41,146,-156,-37,200,-169,-33,244,-178,-66,60,-94,-40,137,-112,-17,124,-98,-13,99,-91,-77,70,-61,-48,132,-77,-29,116,-64,-29,96,-57,-82,80,-32,-57,124,-50,-41,111,-47,-37,93,-45
399,511,0,24,42,-65,23,104,-96,16,153,-105,15,199,-111,-39,59,-130,-42,148,-157,-37,205,-169,-35,249,-178,-65,59,-95,-40,139,-112,-19,125,-98,-15,100,-91,-78,68,-62,-49,133,-76,-30,118,-62,-31,97,-56,-83,79,-32,-59,123,-50,-42,111,-47,-40,94,-46
414,514,0,4,50,-70,-13,106,-94,-26,153,-95,-38,196,-91,-70,39,-108,-86,123,-132,-91,176,-145,-96,215,-152,-84,27,-69,-81,111,-80,-55,108,-70,-46,84,-64,-92,30,-33,-83,100,-45,-58,94,-40,-55,74,-38,-98,32,-1,-86,82,-15,-66,77,-16,-59,63,-16
412,516,0,4,51,-68,-13,107,-91,-27,153,-92,-37,196,-87,-68,42,-111,-85,124,-135,-90,176,-148,-96,214,-155,-81,28,-72,-80,111,-83,-54,107,-73,-44,84,-67,-90,29,-36,-82,97,-47,-57,91,-41,-54,72,-40,-96,30,-3,-85,79,-15,-65,75,-16,-58,60,-16
411,517,0,4,50,-67,-12,107,-90,-25,153,-90,-36,196,-86,-67,41,-110,-85,124,-134,-90,175,-147,-95,214,-155,-82,27,-72,-79,111,-83,-54,106,-73,-44,83,-68,-91,28,-36,-83,97,-48,-58,90,-43,-55,70,-41,-97,30,-5,-87,78,-17,-66,74,-18,-59,58,-18
412,518,0,4,50,-67,-12,107,-93,-27,152,-96,-39,196,-95,-68,42,-112,-86,124,-135,-91,174,-146,-96,213,-153,-83,27,-74,-82,110,-86,-56,108,-75,-46,86,-70,-91,27,-38,-85,96,-50,-59,92,-44,-55,73,-41,-97,28,-7,-88,77,-20,-66,75,-19,-60,61,-19
413,519,0,3,51,-70,-15,106,-94,-28,153,-95,-40,196,-91,-71,41,-112,-87,125,-133,-92,176,-144,-98,214,-150,-84,27,-72,-81,112,-81,-55,110,-70,-45,87,-65,-91,28,-33,-83,98,-44,-57,94,-38,-54,74,-37,-97,31,0,-87,80,-12,-66,78,-13,-58,65,-14
406,526,0,7,51,-76,-11,107,-102,-24,153,-102,-35,196,-96,-69,41,-128,-86,124,-153,-90,179,-165,-95,221,-172,-83,29,-84,-79,115,-93,-51,108,-78,-41,82,-71,-92,33,-41,-81,102,-51,-55,93,-43,-51,72,-41,-99,37,-4,-86,85,-17,-64,79,-19,-56,64,-21
406,526,0,7,50,-76,-10,106,-104,-23,152,-107,-35,196,-104,-68,41,-129,-85,126,-152,-90,180,-162,-95,221,-168,-83,30,-85,-80,114,-94,-52,108,-79,-42,83,-72,-91,33,-42,-81,100,-51,-55,94,-42,-50,74,-40,-97,37,-4,-85,84,-16,-63,80,-17,-56,65,-18
405,530,0,6,49,-77,-10,105,-105,-23,152,-108,-34,197,-105,-66,35,-131,-84,119,-156,-90,174,-167,-94,215,-174,-83,25,-88,-78,112,-100,-51,107,-87,-41,82,-80,-93,30,-47,-82,102,-59,-55,96,-51,-51,75,-49,-100,37,-11,-87,87,-26,-65,82,-27,-57,66,-28
407,528,0,6,48,-75,-10,105,-101,-24,152,-102,-37,196,-98,-65,37,-126,-84,118,-150,-90,172,-162,-95,213,-169,-81,28,-83,-77,110,-94,-51,105,-81,-40,79,-75,-91,32,-43,-80,101,-55,-55,94,-48,-50,73,-46,-97,36,-8,-85,85,-24,-65,79,-25,-56,63,-26
406,528,0,7,50,-73,-10,107,-99,-24,153,-101,-35,197,-98,-66,39,-121,-83,123,-144,-89,175,-155,-93,216,-161,-82,27,-80,-78,112,-91,-51,109,-78,-41,85,-72,-91,30,-41,-81,101,-54,-55,95,-48,-51,74,-45,-98,33,-7,-86,84,-22,-65,78,-23,-58,63,-23
409,531,0,3,47,-71,-13,104,-96,-26,152,-98,-38,196,-95,-70,34,-116,-86,117,-140,-91,171,-152,-96,213,-160,-85,26,-77,-80,109,-89,-54,104,-79,-43,80,-75,-94,31,-40,-84,100,-53,-59,93,-46,-54,74,-43,-99,35,-8,-89,84,-22,-69,79,-23,-60,64,-22
407,531,0,5,47,-78,-11,105,-105,-24,152,-105,-36,196,-100,-68,34,-125,-84,118,-149,-90,172,-159,-94,213,-165,-84,26,-81,-78,109,-94,-51,105,-83,-41,80,-77,-93,32,-40,-83,102,-55,-58,96,-49,-54,74,-47,-99,39,-4,-88,86,-21,-68,82,-23,-59,66,-24
410,527,0,6,46,-75,-12,103,-102,-26,152,-104,-37,196,-101,-70,36,-119,-86,122,-140,-91,174,-149,-96,214,-154,-85,28,-78,-81,112,-90,-55,108,-79,-45,83,-74,-92,34,-39,-85,105,-51,-59,99,-45,-53,78,-42,-98,40,-5,-88,89,-21,-68,84,-23,-59,69,-23
406,539,0,8,47,-79,-5,103,-108,-16,152,-112,-26,198,-111,-66,37,-127,-80,124,-152,-84,177,-162,-89,218,-169,-82,32,-84,-74,115,-99,-48,108,-88,-39,81,-82,-91,39,-44,-79,107,-59,-53,99,-51,-50,77,-48,-97,46,-10,-85,93,-26,-64,87,-26,-57,70,-26
404,540,0,9,46,-78,-4,103,-106,-15,152,-110,-26,198,-108,-64,38,-127,-78,124,-152,-84,177,-163,-89,217,-169,-82,32,-86,-72,115,-99,-45,110,-88,-36,85,-82,-91,39,-47,-78,108,-60,-52,100,-53,-49,79,-50,-98,45,-13,-85,94,-28,-65,88,-29,-57,72,-28
403,542,0,9,47,-76,-4,104,-105,-15,152,-110,-26,198,-108,-65,37,-128,-79,124,-151,-83,177,-161,-88,217,-166,-81,30,-86,-72,115,-98,-46,110,-86,-36,85,-80,-91,37,-46,-78,108,-58,-53,101,-50,-50,79,-48,-99,45,-12,-84,94,-26,-65,87,-26,-57,71,-26
408,540,0,6,44,-75,-7,101,-103,-19,151,-106,-29,197,-104,-69,36,-121,-82,120,-144,-86,173,-156,-90,215,-164,-85,30,-80,-76,112,-94,-50,107,-86,-40,81,-81,-93,37,-41,-82,106,-55,-58,99,-49,-53,78,-47,-99,44,-8,-87,92,-24,-67,87,-24,-59,72,-24
407,540,0,7,46,-75,-8,104,-102,-19,153,-103,-29,197,-100,-67,39,-124,-82,122,-147,-86,175,-158,-91,215,-165,-82,31,-82,-77,113,-94,-50,110,-83,-39,85,-79,-90,36,-43,-83,106,-54,-57,101,-48,-52,80,-46,-96,42,-7,-86,91,-22,-67,86,-23,-58,70,-23
404,542,0,8,46,-81,-6,103,-110,-15,152,-113,-26,198,-110,-65,35,-133,-80,122,-157,-84,176,-166,-89,217,-171,-82,29,-88,-75,115,-102,-48,110,-90,-38,83,-83,-91,37,-45,-79,108,-59,-53,100,-52,-49,78,-49,-97,44,-8,-84,92,-24,-64,87,-26,-56,70,-27
404,539,0,8,47,-78,-6,105,-106,-15,152,-107,-26,198,-102,-65,39,-133,-81,124,-155,-86,177,-163,-91,216,-168,-80,30,-88,-75,116,-99,-48,112,-85,-38,85,-79,-89,36,-45,-81,108,-56,-54,102,-48,-50,80,-46,-96,43,-7,-85,91,-21,-65,86,-22,-57,69,-23
402,539,0,10,45,-83,-3,102,-114,-14,152,-118,-24,198,-116,-64,38,-136,-81,124,-158,-86,176,-166,-92,215,-170,-81,32,-90,-76,117,-104,-47,115,-92,-36,90,-86,-90,40,-47,-82,111,-60,-55,106,-53,-50,84,-50,-97,47,-8,-87,96,-23,-66,93,-24,-59,76,-24
401,540,0,11,46,-84,-3,102,-115,-12,152,-119,-23,198,-116,-63,38,-137,-81,124,-161,-85,176,-168,-91,216,-172,-80,32,-90,-75,117,-104,-46,113,-92,-37,86,-84,-89,39,-46,-81,110,-61,-52,105,-54,-49,82,-50,-96,47,-7,-85,95,-23,-65,91,-24,-57,74,-24
400,538,0,11,45,-84,-2,102,-115,-11,152,-119,-21,198,-117,-62,37,-140,-80,121,-165,-85,174,-173,-90,215,-177,-79,32,-93,-73,116,-108,-43,111,-96,-34,84,-89,-88,41,-49,-78,111,-63,-50,104,-55,-46,80,-52,-95,49,-9,-83,97,-26,-63,91,-27,-56,73,-26
401,538,0,10,46,-81,-2,103,-112,-13,152,-116,-22,198,-114,-63,40,-134,-80,125,-157,-85,176,-166,-92,215,-170,-80,33,-88,-74,117,-102,-45,112,-89,-36,86,-82,-89,38,-45,-78,109,-59,-52,102,-51,-49,80,-48,-96,45,-7,-85,95,-22,-64,89,-22,-57,72,-21
401,538,0,11,46,-82,-2,102,-112,-13,151,-116,-23,198,-114,-63,40,-136,-81,124,-163,-87,177,-175,-92,219,-182,-80,33,-91,-74,117,-106,-45,112,-94,-35,85,-87,-89,40,-48,-79,111,-63,-52,103,-55,-49,80,-51,-96,47,-10,-85,96,-27,-65,91,-27,-57,73,-26
403,534,0,10,45,-78,-4,101,-107,-14,152,-112,-24,198,-111,-63,38,-128,-84,121,-154,-90,175,-166,-95,217,-174,-80,32,-85,-74,117,-101,-48,112,-92,-38,85,-87,-89,40,-44,-80,111,-60,-56,103,-54,-52,81,-50,-95,48,-8,-86,97,-26,-66,92,-27,-59,74,-26
401,536,0,10,47,-85,-4,104,-114,-13,153,-116,-21,198,-111,-66,39,-136,-81,126,-159,-85,178,-168,-91,217,-172,-80,33,-87,-74,118,-99,-44,114,-87,-34,87,-80,-88,41,-40,-79,111,-53,-50,104,-48,-46,81,-46,-95,48,2,-84,96,-13,-63,90,-15,-56,73,-16
399,537,0,12,46,-87,0,102,-118,-9,151,-120,-17,199,-115,-65,38,-144,-81,126,-173,-88,182,-185,-93,225,-192,-79,33,-93,-69,120,-107,-41,110,-93,-33,80,-85,-89,43,-46,-73,112,-62,-46,100,-55,-45,76,-52,-97,52,-3,-83,97,-21,-61,88,-22,-54,68,-23
394,537,0,14,48,-88,4,105,-119,-2,152,-121,-9,199,-116,-62,41,-148,-78,130,-174,-84,185,-184,-90,226,-189,-76,36,-96,-69,123,-108,-38,116,-93,-29,88,-84,-85,44,-46,-74,115,-59,-45,105,-52,-42,80,-49,-94,53,-1,-82,100,-17,-61,92,-20,-53,72,-21
401,531,0,11,45,-77,2,103,-104,-4,153,-105,-10,199,-101,-62,44,-129,-80,128,-157,-87,181,-173,-94,222,-182,-75,39,-84,-69,121,-97,-41,116,-87,-32,89,-81,-84,47,-42,-75,115,-57,-49,107,-52,-45,83,-49,-91,55,-4,-83,100,-20,-62,94,-21,-54,75,-21
401,530,0,11,47,-77,3,105,-106,-4,153,-110,-9,199,-108,-61,50,-131,-79,131,-157,-87,183,-170,-94,222,-177,-74,41,-86,-69,122,-96,-41,117,-83,-33,91,-76,-82,45,-42,-75,113,-54,-49,106,-47,-46,83,-44,-90,50,-3,-83,96,-15,-61,91,-14,-55,74,-12
398,529,0,13,46,-78,6,105,-108,0,153,-112,-5,199,-112,-59,49,-138,-77,132,-166,-85,183,-179,-91,223,-186,-75,40,-93,-68,126,-107,-40,121,-93,-31,93,-85,-83,45,-51,-74,117,-67,-47,108,-58,-43,85,-54,-90,52,-13,-81,100,-30,-60,94,-29,-52,76,-28
401,529,0,12,46,-77,3,105,-107,-4,153,-111,-7,199,-110,-60,48,-134,-79,130,-162,-88,182,-176,-95,222,-184,-76,39,-90,-70,125,-104,-42,119,-91,-33,93,-83,-84,44,-48,-75,115,-64,-48,108,-56,-44,86,-51,-91,49,-10,-83,99,-26,-61,93,-25,-54,75,-23
401,527,0,12,48,-76,3,106,-106,-3,154,-110,-7,199,-109,-61,51,-131,-80,133,-157,-87,185,-169,-94,225,-176,-75,42,-86,-70,126,-99,-42,121,-87,-33,95,-79,-83,46,-44,-75,115,-60,-47,109,-53,-44,86,-48,-90,50,-6,-83,98,-21,-60,93,-20,-53,75,-18
402,526,0,10,48,-71,3,105,-99,-3,154,-103,-7,199,-103,-61,54,-125,-80,133,-153,-88,183,-167,-94,221,-174,-74,43,-84,-71,126,-98,-44,123,-87,-33,98,-80,-81,46,-45,-76,116,-61,-50,110,-54,-46,88,-50,-88,49,-9,-83,99,-23,-63,95,-21,-54,77,-18
405,526,0,9,46,-73,0,102,-100,-6,152,-104,-9,199,-102,-64,50,-122,-81,131,-146,-86,181,-158,-93,218,-164,-77,40,-79,-74,124,-92,-47,122,-80,-36,97,-73,-83,44,-38,-77,116,-55,-50,108,-51,-44,87,-48,-89,50,0,-81,98,-15,-59,93,-16,-50,77,-15
405,527,0,9,48,-75,0,104,-103,-6,152,-106,-10,199,-103,-65,50,-128,-83,132,-151,-89,183,-161,-96,221,-165,-78,40,-82,-75,125,-92,-47,123,-78,-36,98,-70,-84,44,-39,-79,115,-53,-50,109,-48,-45,87,-46,-91,50,1,-84,96,-11,-61,94,-12,-52,79,-13
408,520,0,7,47,-71,-3,106,-95,-8,154,-95,-12,199,-89,-65,53,-118,-85,131,-141,-92,181,-154,-100,219,-160,-77,43,-74,-74,125,-84,-47,123,-72,-37,99,-65,-83,47,-32,-79,116,-45,-53,111,-42,-48,90,-40,-90,52,6,-85,98,-6,-65,95,-6,-56,79,-6
402,527,0,10,46,-79,3,103,-106,-1,153,-106,-6,199,-101,-64,48,-132,-85,131,-158,-93,183,-171,-102,222,-178,-77,41,-85,-72,129,-96,-44,124,-82,-34,96,-73,-84,48,-40,-77,120,-55,-49,112,-51,-44,88,-47,-91,56,0,-83,102,-15,-61,98,-17,-52,80,-17
400,528,0,12,50,-79,5,106,-108,1,153,-110,-1,199,-106,-60,51,-140,-82,130,-166,-92,181,-178,-101,220,-184,-73,42,-91,-70,128,-99,-41,123,-82,-32,96,-72,-81,48,-44,-75,119,-55,-46,111,-49,-42,87,-47,-89,56,-2,-80,101,-14,-59,96,-15,-51,77,-16
399,531,0,13,46,-82,6,104,-112,2,153,-116,-1,199,-113,-60,46,-140,-83,129,-167,-91,180,-180,-100,220,-186,-74,41,-92,-68,126,-105,-40,121,-90,-30,93,-81,-82,49,-47,-75,120,-62,-47,111,-57,-43,86,-54,-90,59,-6,-84,104,-21,-63,98,-22,-54,79,-22
400,530,0,12,48,-79,6,104,-109,2,152,-112,-1,199,-109,-60,47,-136,-82,128,-165,-92,180,-179,-102,219,-187,-73,41,-90,-68,126,-101,-40,121,-88,-31,93,-80,-82,49,-45,-75,118,-59,-47,110,-54,-43,85,-52,-90,57,-5,-83,103,-18,-63,97,-19,-54,78,-18
399,532,0,12,46,-81,6,103,-111,3,152,-113,0,200,-110,-59,46,-137,-82,128,-165,-92,180,-178,-101,220,-184,-73,40,-89,-67,126,-101,-39,121,-86,-29,93,-77,-81,49,-44,-74,118,-59,-46,110,-54,-42,85,-51,-89,58,-3,-82,102,-17,-62,97,-19,-53,78,-19
400,529,0,12,50,-79,4,107,-108,1,154,-110,-3,199,-107,-60,51,-137,-83,131,-162,-92,182,-174,-102,221,-180,-73,43,-88,-67,128,-96,-40,121,-81,-32,94,-72,-82,48,-41,-73,118,-52,-47,109,-47,-45,86,-45,-91,56,1,-82,102,-10,-61,96,-10,-54,78,-11
400,528,0,11,48,-80,3,108,-106,1,156,-105,-3,199,-97,-63,46,-138,-89,131,-167,-99,184,-183,-107,227,-191,-77,40,-89,-70,129,-100,-42,121,-86,-33,92,-79,-85,49,-43,-77,122,-57,-51,109,-52,-48,86,-50,-94,59,-2,-87,105,-17,-68,98,-18,-60,81,-19
403,526,0,10,47,-79,2,104,-109,-2,153,-111,-6,199,-108,-65,44,-137,-94,124,-168,-104,177,-186,-113,219,-195,-79,39,-90,-72,128,-103,-43,123,-90,-33,95,-82,-87,49,-45,-80,122,-60,-52,113,-54,-48,90,-50,-95,59,-5,-90,105,-19,-71,101,-18,-62,85,-17
401,525,0,10,52,-81,0,109,-108,-3,156,-105,-6,199,-95,-67,50,-144,-95,129,-174,-104,183,-191,-111,226,-200,-79,40,-92,-71,130,-100,-41,121,-85,-33,91,-77,-87,47,-43,-75,121,-53,-47,107,-47,-46,82,-45,-95,56,2,-87,102,-11,-67,93,-14,-59,76,-15
399,528,0,11,52,-83,1,110,-112,-2,155,-111,-5,199,-103,-68,48,-151,-96,131,-182,-104,186,-198,-111,229,-207,-81,40,-99,-74,133,-107,-42,123,-90,-32,93,-82,-89,48,-48,-78,122,-57,-48,108,-47,-44,83,-45,-98,57,-2,-87,102,-15,-66,93,-17,-58,77,-19
393,527,0,13,49,-83,4,108,-111,2,155,-110,0,200,-101,-67,50,-148,-92,133,-181,-98,190,-200,-103,235,-212,-80,44,-96,-68,134,-106,-36,120,-92,-27,90,-85,-87,53,-45,-72,125,-55,-43,108,-46,-40,83,-43,-94,63,0,-81,108,-14,-61,97,-15,-54,80,-16
376,535,0,8,39,-81,-3,93,-110,-5,150,-115,-10,199,-114,-76,43,-111,-89,132,-145,-91,185,-165,-98,228,-175,-86,44,-69,-76,131,-92,-45,119,-89,-40,95,-85,-92,54,-32,-80,128,-54,-51,114,-51,-53,91,-47,-98,66,0,-89,115,-17,-66,107,-16,-61,89,-14
376,540,0,10,40,-82,-1,94,-112,-5,149,-119,-9,199,-120,-76,45,-108,-87,134,-143,-87,187,-161,-93,229,-170,-87,45,-67,-75,132,-92,-41,122,-86,-39,96,-78,-93,56,-32,-79,127,-57,-49,115,-52,-52,92,-46,-99,66,-3,-90,115,-20,-66,110,-19,-60,92,-15
372,548,0,12,40,-73,3,95,-101,0,150,-111,-3,199,-114,-76,47,-98,-83,141,-131,-80,195,-150,-83,239,-159,-90,48,-63,-71,136,-89,-38,124,-86,-35,97,-81,-96,58,-33,-76,132,-57,-45,117,-51,-49,95,-45,-99,68,-9,-85,119,-27,-61,112,-26,-56,95,-21
376,557,0,15,38,-75,8,94,-102,6,149,-107,4,199,-105,-67,43,-110,-72,139,-139,-67,196,-156,-69,242,-166,-81,51,-71,-59,138,-91,-31,123,-86,-27,95,-82,-87,67,-36,-65,139,-54,-40,120,-49,-41,97,-45,-91,83,-7,-74,130,-24,-53,118,-24,-49,99,-22
377,559,0,14,35,-75,7,92,-103,6,148,-109,3,199,-108,-70,43,-106,-73,139,-137,-69,192,-153,-71,238,-163,-84,52,-68,-60,137,-90,-31,120,-85,-30,93,-80,-89,68,-35,-64,139,-54,-38,120,-48,-42,96,-43,-90,84,-7,-72,131,-25,-52,117,-24,-49,97,-21
380,556,0,13,37,-73,6,94,-100,4,148,-104,2,199,-101,-71,45,-107,-74,139,-138,-72,193,-156,-74,239,-167,-84,52,-69,-60,137,-88,-31,119,-82,-31,92,-78,-88,66,-35,-66,136,-54,-40,117,-47,-46,93,-42,-92,80,-7,-75,128,-24,-54,113,-22,-53,92,-19
404,534,0,8,45,-69,-2,103,-92,-5,156,-93,-8,199,-89,-71,48,-101,-73,138,-126,-69,191,-143,-69,233,-154,-86,43,-65,-66,130,-77,-41,118,-71,-35,92,-70,-94,50,-32,-73,124,-42,-49,110,-38,-49,89,-36,-98,56,-4,-80,107,-17,-60,98,-18,-53,83,-17
402,532,0,9,42,-72,0,101,-97,-3,154,-99,-6,199,-95,-70,44,-111,-71,137,-137,-68,191,-153,-68,234,-164,-86,41,-72,-66,132,-85,-41,117,-77,-35,89,-75,-94,51,-36,-73,126,-47,-49,109,-40,-49,86,-38,-98,59,-6,-79,108,-20,-59,97,-20,-54,81,-19
403,532,0,9,45,-72,0,103,-97,-5,155,-99,-7,199,-95,-70,45,-113,-71,138,-136,-68,191,-148,-69,234,-157,-86,40,-75,-67,131,-86,-41,119,-77,-34,92,-74,-94,48,-39,-74,124,-49,-49,111,-43,-48,89,-41,-98,55,-9,-81,106,-22,-61,97,-22,-54,82,-22
401,526,0,11,45,-73,1,104,-99,-3,156,-101,-6,199,-97,-66,48,-119,-69,141,-143,-66,194,-157,-66,236,-166,-82,43,-79,-63,134,-91,-39,121,-81,-32,95,-78,-91,50,-41,-70,126,-51,-47,112,-43,-47,91,-40,-96,57,-8,-77,109,-22,-58,99,-21,-53,83,-21
401,526,0,12,44,-75,3,102,-102,-2,154,-104,-6,199,-100,-66,45,-119,-70,138,-143,-67,191,-156,-67,234,-164,-84,42,-79,-64,134,-90,-37,121,-80,-33,93,-76,-93,50,-41,-70,126,-52,-45,112,-44,-46,90,-42,-97,57,-9,-78,109,-23,-58,101,-23,-53,85,-23
400,523,0,12,44,-71,3,103,-97,-2,154,-100,-5,199,-97,-64,47,-116,-68,139,-140,-67,192,-152,-66,235,-160,-83,43,-79,-62,134,-91,-36,123,-81,-30,95,-77,-92,51,-43,-70,127,-54,-46,114,-47,-45,92,-44,-96,59,-12,-78,111,-27,-59,102,-26,-53,86,-26
402,526,0,11,40,-77,3,98,-105,-1,152,-110,-5,199,-108,-68,41,-121,-70,135,-147,-67,191,-161,-66,236,-170,-86,41,-81,-64,132,-96,-38,120,-88,-31,91,-84,-93,54,-44,-71,127,-57,-46,113,-49,-46,91,-47,-96,64,-12,-79,112,-28,-59,103,-28,-53,86,-28
397,525,0,13,40,-70,7,97,-101,3,150,-108,-1,199,-111,-59,41,-127,-65,133,-154,-64,188,-168,-64,234,-177,-80,41,-92,-61,126,-106,-36,114,-96,-30,87,-92,-91,53,-59,-70,124,-70,-46,111,-59,-45,90,-56,-96,62,-30,-78,112,-46,-59,101,-43,-54,84,-41
397,524,0,12,39,-72,6,96,-101,0,150,-108,-2,199,-110,-61,41,-123,-67,129,-150,-66,185,-165,-66,232,-176,-81,43,-88,-64,127,-103,-37,116,-95,-31,89,-92,-90,54,-55,-72,126,-67,-48,114,-57,-45,94,-54,-94,65,-27,-77,113,-44,-59,104,-42,-54,87,-41
397,524,0,12,39,-72,5,96,-102,0,149,-109,-2,199,-110,-61,41,-124,-67,128,-151,-65,185,-166,-65,231,-177,-81,42,-89,-63,126,-104,-37,115,-96,-30,89,-93,-90,54,-55,-72,124,-68,-47,114,-58,-45,92,-55,-93,64,-27,-77,112,-44,-59,103,-42,-54,86,-41
372,579,0,11,44,-71,1,101,-97,-8,151,-99,-13,199,-97,-63,51,-117,-72,138,-141,-74,190,-154,-78,231,-163,-80,44,-77,-68,126,-86,-42,117,-74,-35,91,-68,-89,48,-38,-74,117,-48,-49,108,-42,-48,87,-40,-95,54,-4,-81,100,-17,-61,95,-17,-54,80,-17
