346,670,0,39,-30,-33,66,-93,-37,60,-154,-40,39,-197,-32,69,-135,25,91,-186,-9,79,-143,-25,69,-131,-30,42,-141,27,60,-197,-13,55,-146,-25,47,-139,-20,14,-137,18,29,-167,-31,29,-111,-30,22,-110,-13,-15,-130,7,5,-144,-20,6,-107,-11,-3,-106,3
346,668,0,40,-30,-34,66,-92,-38,59,-153,-42,39,-196,-33,68,-134,28,90,-185,-9,79,-143,-27,68,-129,-32,42,-138,30,59,-194,-11,54,-143,-25,47,-137,-21,13,-134,21,28,-163,-29,29,-109,-31,22,-109,-15,-15,-129,11,5,-141,-17,6,-105,-10,-3,-104,4
347,668,0,39,-31,-32,65,-93,-36,58,-154,-39,37,-197,-30,68,-135,27,89,-187,-8,78,-144,-25,68,-130,-30,41,-140,29,58,-196,-9,53,-144,-23,46,-137,-19,12,-134,21,27,-165,-27,28,-109,-26,21,-110,-11,-17,-128,10,3,-143,-15,5,-106,-6,-5,-105,9
346,670,0,38,-31,-33,65,-94,-37,58,-154,-39,37,-197,-30,67,-135,28,89,-187,-6,78,-144,-23,68,-132,-28,40,-140,30,58,-195,-7,53,-144,-20,45,-138,-17,12,-135,22,27,-165,-25,28,-111,-25,21,-111,-10,-16,-127,12,3,-143,-13,5,-107,-4,-4,-106,10
345,671,0,39,-32,-32,64,-95,-37,58,-154,-39,37,-197,-31,67,-136,29,88,-186,-7,77,-142,-25,67,-131,-30,41,-141,31,58,-195,-10,52,-144,-24,45,-138,-19,12,-136,21,27,-166,-28,28,-111,-27,21,-111,-11,-16,-129,11,3,-142,-15,5,-106,-6,-4,-106,8
346,672,0,38,-31,-33,64,-95,-37,57,-155,-39,35,-197,-30,66,-136,28,87,-187,-8,76,-144,-24,66,-132,-29,40,-141,29,58,-197,-11,51,-145,-24,44,-139,-19,11,-136,20,26,-166,-29,27,-111,-28,19,-110,-12,-17,-129,9,2,-143,-17,3,-107,-8,-6,-106,7
347,672,0,39,-33,-32,64,-95,-37,56,-155,-40,35,-197,-31,65,-136,32,87,-186,-5,75,-143,-23,66,-132,-28,39,-141,33,57,-196,-9,52,-144,-22,44,-139,-18,11,-136,23,26,-167,-28,27,-111,-28,20,-112,-11,-17,-130,11,3,-144,-16,4,-107,-8,-6,-107,7
347,669,0,39,-31,-34,65,-94,-38,57,-156,-41,35,-197,-33,66,-137,32,87,-184,-5,76,-141,-22,67,-132,-27,40,-141,33,58,-195,-9,52,-144,-23,45,-140,-18,11,-136,23,28,-166,-30,28,-110,-29,20,-111,-12,-16,-130,12,3,-144,-17,5,-106,-9,-6,-106,5
347,667,0,40,-33,-34,64,-95,-38,56,-155,-40,35,-197,-32,67,-137,36,87,-185,-2,76,-142,-21,66,-131,-26,40,-141,38,58,-193,-4,52,-144,-19,45,-140,-15,11,-136,28,27,-164,-24,28,-110,-25,21,-112,-10,-17,-129,16,3,-143,-11,5,-106,-4,-4,-106,10
347,666,0,40,-34,-33,64,-97,-37,56,-156,-39,34,-197,-30,65,-136,36,86,-186,-1,76,-144,-20,66,-131,-25,39,-141,38,56,-194,-2,51,-146,-16,45,-141,-12,11,-136,28,27,-164,-22,28,-111,-23,20,-112,-8,-17,-129,16,3,-142,-11,5,-106,-3,-5,-106,11
324,653,0,35,-33,-43,59,-97,-52,47,-159,-58,20,-199,-52,59,-148,25,75,-192,-15,67,-149,-35,60,-142,-42,30,-150,31,41,-196,-15,40,-144,-30,35,-141,-25,2,-142,25,10,-167,-30,16,-112,-29,12,-111,-10,-25,-131,16,-13,-143,-13,-6,-107,-4,-10,-105,11
325,658,0,35,-36,-42,58,-98,-51,45,-159,-56,20,-199,-50,57,-148,27,73,-190,-12,66,-148,-32,59,-142,-39,29,-149,33,40,-195,-13,39,-142,-28,34,-141,-24,1,-142,27,9,-166,-27,15,-111,-26,11,-110,-8,-27,-132,19,-13,-142,-9,-6,-108,-1,-11,-106,14
325,657,0,35,-34,-47,57,-98,-58,45,-159,-66,19,-200,-60,58,-150,25,74,-194,-18,66,-149,-40,58,-142,-46,29,-152,33,39,-194,-15,38,-140,-31,33,-140,-26,1,-142,28,8,-165,-29,14,-110,-28,10,-111,-9,-27,-132,19,-14,-142,-10,-8,-106,-2,-12,-105,14
326,670,0,33,-34,-43,57,-98,-54,45,-159,-61,18,-200,-55,58,-153,19,73,-201,-23,64,-153,-42,58,-143,-47,30,-154,25,41,-203,-23,38,-147,-34,34,-143,-27,1,-145,19,8,-168,-35,14,-113,-31,11,-113,-10,-26,-135,10,-14,-143,-17,-8,-107,-7,-11,-106,10
325,675,0,35,-37,-39,56,-100,-49,45,-160,-57,19,-200,-52,58,-151,21,73,-197,-18,65,-154,-37,60,-146,-43,30,-153,24,43,-203,-22,40,-151,-35,35,-145,-30,2,-145,16,11,-171,-37,15,-117,-33,11,-114,-14,-26,-134,6,-12,-146,-21,-6,-110,-10,-10,-106,7
326,668,0,35,-35,-42,58,-99,-52,46,-159,-60,19,-200,-55,59,-154,22,74,-201,-20,65,-153,-39,58,-144,-45,30,-155,27,41,-203,-21,39,-148,-34,34,-144,-27,1,-146,20,9,-169,-34,15,-114,-31,11,-114,-12,-26,-135,10,-13,-142,-17,-6,-107,-8,-11,-106,8
325,671,0,36,-37,-40,56,-101,-49,45,-160,-57,19,-200,-52,58,-150,27,73,-196,-13,66,-153,-32,59,-144,-39,30,-152,31,42,-202,-15,39,-150,-30,35,-144,-25,2,-143,23,11,-169,-30,16,-116,-28,12,-114,-10,-26,-133,13,-12,-143,-14,-6,-109,-5,-10,-107,10
328,665,0,34,-35,-41,57,-99,-51,45,-160,-58,18,-200,-53,59,-152,19,73,-201,-21,65,-154,-39,59,-144,-45,30,-155,24,40,-204,-23,38,-148,-35,34,-143,-28,1,-146,17,9,-170,-36,15,-115,-31,11,-113,-12,-26,-135,7,-14,-143,-20,-7,-107,-10,-11,-107,5
326,666,0,35,-35,-38,57,-99,-48,45,-160,-56,19,-200,-53,59,-150,18,74,-198,-21,66,-153,-38,60,-145,-44,31,-153,20,43,-205,-26,41,-151,-38,36,-143,-32,3,-144,13,12,-173,-40,17,-117,-34,12,-113,-14,-25,-133,2,-11,-145,-25,-5,-109,-14,-10,-107,3
326,666,0,35,-36,-42,56,-99,-52,46,-159,-60,20,-199,-55,58,-151,26,74,-197,-15,66,-153,-36,60,-144,-42,30,-153,31,40,-202,-16,39,-150,-31,34,-144,-26,1,-144,24,9,-168,-29,15,-115,-28,11,-114,-10,-26,-133,14,-12,-143,-12,-6,-109,-3,-10,-107,12
326,662,0,35,-35,-39,58,-98,-48,46,-160,-55,20,-199,-50,58,-151,21,74,-197,-18,65,-152,-37,60,-143,-42,30,-153,25,40,-199,-21,38,-144,-33,34,-140,-28,2,-144,18,9,-166,-33,15,-113,-29,11,-112,-10,-25,-133,9,-12,-141,-16,-6,-106,-6,-10,-105,9
327,665,0,35,-36,-39,56,-99,-48,45,-159,-55,20,-199,-51,57,-149,24,72,-195,-15,65,-152,-34,59,-143,-40,29,-151,28,40,-200,-18,39,-148,-31,34,-142,-26,1,-143,20,10,-168,-32,16,-115,-29,11,-113,-11,-26,-132,10,-12,-142,-16,-5,-109,-7,-11,-106,9
328,658,0,34,-31,-40,59,-98,-49,46,-160,-56,20,-199,-50,60,-151,14,74,-202,-26,65,-153,-42,59,-142,-46,30,-154,18,40,-204,-28,38,-146,-38,34,-140,-30,2,-145,11,8,-169,-40,14,-113,-33,10,-112,-12,-25,-133,2,-13,-141,-24,-7,-105,-13,-11,-105,4
327,663,0,34,-34,-40,58,-99,-49,47,-160,-56,20,-199,-52,60,-152,19,76,-202,-19,68,-157,-37,61,-147,-43,32,-155,23,43,-208,-21,42,-154,-34,36,-146,-29,3,-146,16,12,-173,-34,18,-118,-30,12,-115,-12,-25,-134,7,-11,-146,-19,-5,-110,-9,-10,-107,7
330,662,0,34,-35,-36,57,-100,-44,46,-160,-51,19,-200,-47,58,-150,16,74,-203,-21,66,-156,-38,59,-144,-43,30,-152,18,42,-207,-25,40,-153,-37,35,-144,-31,2,-144,10,11,-173,-39,16,-117,-33,11,-111,-13,-26,-131,0,-12,-146,-24,-6,-110,-12,-11,-105,6
328,665,0,34,-36,-37,58,-100,-46,46,-160,-54,20,-199,-49,58,-151,18,75,-200,-21,66,-155,-39,59,-145,-45,30,-153,20,43,-205,-25,41,-151,-37,35,-144,-31,2,-145,12,12,-171,-39,17,-116,-34,11,-114,-15,-26,-133,2,-11,-145,-24,-5,-109,-13,-11,-106,4
329,664,0,34,-36,-37,56,-100,-45,45,-160,-51,19,-200,-45,58,-150,21,73,-200,-17,65,-154,-34,59,-144,-39,30,-152,24,42,-205,-19,40,-151,-32,35,-143,-26,2,-143,17,11,-171,-32,17,-116,-28,12,-112,-9,-25,-131,8,-11,-144,-16,-5,-108,-5,-10,-105,11
330,665,0,34,-35,-36,58,-100,-45,46,-161,-51,19,-200,-46,58,-151,17,74,-202,-21,65,-156,-38,58,-145,-43,30,-153,20,42,-207,-24,40,-151,-36,35,-144,-30,1,-144,12,10,-172,-38,16,-116,-33,10,-112,-13,-27,-132,2,-13,-145,-23,-6,-109,-11,-11,-105,6
330,665,0,34,-35,-37,57,-100,-46,45,-160,-52,18,-200,-47,58,-151,18,74,-203,-21,66,-157,-39,58,-145,-44,30,-153,21,42,-208,-24,41,-153,-36,35,-144,-31,1,-144,13,11,-172,-38,16,-117,-33,11,-112,-14,-27,-131,4,-13,-145,-22,-6,-108,-11,-12,-104,6
331,667,0,34,-35,-35,57,-100,-43,45,-161,-50,18,-200,-44,57,-151,18,73,-205,-20,66,-158,-37,57,-144,-41,29,-153,20,42,-210,-22,40,-154,-34,34,-146,-28,1,-144,13,11,-173,-36,17,-116,-32,11,-111,-13,-28,-131,3,-13,-146,-22,-6,-109,-10,-13,-105,7
330,672,0,34,-38,-36,56,-102,-43,44,-161,-49,18,-200,-44,57,-153,21,73,-204,-17,65,-158,-35,57,-146,-40,29,-154,23,41,-208,-19,39,-154,-32,33,-146,-26,1,-144,15,10,-171,-34,16,-117,-30,10,-114,-12,-27,-132,5,-13,-144,-19,-6,-108,-8,-13,-106,8
330,672,0,34,-36,-34,57,-101,-43,44,-161,-49,18,-200,-44,57,-151,16,72,-205,-22,65,-157,-39,57,-145,-44,29,-153,17,41,-209,-26,40,-154,-37,34,-145,-31,1,-144,9,10,-173,-40,16,-118,-34,10,-113,-14,-27,-131,-2,-13,-145,-27,-7,-109,-14,-13,-105,3
330,673,0,33,-36,-35,57,-102,-43,44,-161,-50,18,-200,-45,57,-152,16,72,-205,-22,65,-158,-39,57,-145,-44,29,-154,18,41,-210,-26,39,-154,-37,33,-145,-31,1,-144,10,10,-173,-40,16,-118,-34,10,-114,-14,-27,-131,-1,-13,-145,-26,-6,-109,-13,-12,-106,4
330,677,0,34,-39,-33,56,-104,-41,44,-163,-47,17,-200,-41,56,-154,21,71,-206,-16,64,-159,-33,56,-146,-38,28,-156,22,39,-211,-18,38,-156,-30,32,-148,-25,0,-146,14,9,-173,-31,16,-119,-26,10,-116,-9,-27,-133,4,-13,-144,-18,-7,-109,-6,-13,-107,9
329,674,0,35,-37,-32,57,-103,-40,44,-162,-47,18,-200,-42,56,-152,18,71,-206,-19,64,-159,-36,56,-144,-41,28,-154,19,38,-210,-22,38,-156,-34,33,-145,-30,0,-143,10,9,-173,-36,15,-119,-30,10,-113,-12,-28,-129,0,-14,-144,-23,-6,-109,-10,-11,-104,6
330,674,0,34,-37,-34,56,-103,-41,43,-162,-48,17,-200,-43,56,-153,17,71,-206,-20,63,-160,-37,55,-145,-42,27,-154,19,38,-210,-23,38,-156,-34,33,-146,-28,0,-144,11,8,-173,-36,15,-119,-30,10,-112,-11,-28,-130,1,-14,-145,-22,-7,-110,-10,-13,-105,7
329,673,0,34,-38,-33,56,-103,-40,44,-162,-46,18,-200,-41,56,-152,20,70,-204,-16,63,-158,-32,56,-145,-37,28,-153,22,39,-208,-19,38,-155,-31,33,-145,-26,0,-143,14,9,-173,-32,15,-119,-26,10,-113,-8,-27,-130,4,-14,-145,-19,-7,-109,-7,-11,-105,10
330,667,0,35,-37,-34,56,-101,-42,44,-162,-48,17,-200,-43,57,-153,22,71,-204,-14,64,-158,-31,57,-145,-36,28,-154,25,38,-207,-17,38,-154,-30,33,-145,-24,0,-143,17,8,-171,-30,16,-117,-26,10,-113,-8,-27,-130,7,-13,-142,-17,-6,-108,-6,-12,-104,10
330,667,0,35,-37,-35,57,-102,-43,45,-162,-49,18,-200,-44,56,-152,21,72,-202,-16,64,-156,-34,56,-144,-39,29,-153,23,39,-207,-19,38,-153,-31,33,-145,-25,1,-144,15,10,-171,-34,16,-117,-29,10,-113,-11,-26,-131,5,-11,-144,-20,-5,-108,-9,-11,-105,6
336,657,0,35,-39,-39,58,-104,-46,46,-163,-51,20,-199,-44,52,-151,27,68,-199,-8,63,-154,-24,55,-148,-28,25,-151,32,38,-200,-7,38,-147,-19,32,-146,-13,-2,-141,26,10,-165,-23,17,-112,-21,10,-114,-4,-27,-130,17,-10,-140,-7,-4,-105,2,-12,-104,17
339,652,0,37,-39,-37,58,-106,-45,45,-163,-52,19,-200,-46,50,-151,25,65,-201,-14,61,-154,-31,53,-144,-36,23,-151,28,35,-202,-15,37,-147,-26,30,-145,-20,-4,-141,19,9,-163,-33,18,-109,-31,10,-111,-14,-29,-128,8,-11,-137,-19,-4,-101,-10,-15,-101,5
337,650,0,29,-49,-5,41,-112,-15,40,-169,-33,19,-200,-44,-2,-163,24,23,-199,-20,33,-157,-48,25,-138,-62,-22,-155,5,12,-189,-43,21,-137,-60,9,-122,-62,-35,-141,-21,5,-159,-65,12,-114,-62,-3,-106,-49,-41,-124,-48,0,-135,-71,3,-104,-64,-13,-95,-54
337,654,0,29,-57,2,39,-114,-9,39,-167,-29,19,-200,-44,-5,-163,36,20,-198,-12,32,-157,-41,25,-138,-55,-24,-154,12,11,-185,-38,22,-134,-55,9,-121,-54,-36,-139,-20,6,-155,-67,14,-110,-62,-1,-103,-47,-40,-122,-52,1,-132,-76,4,-101,-67,-11,-93,-54
336,657,0,30,-57,4,40,-115,-6,40,-168,-26,20,-199,-40,-5,-164,39,21,-198,-9,33,-158,-38,25,-139,-51,-23,-154,14,12,-186,-36,23,-135,-53,10,-122,-53,-35,-140,-19,6,-156,-66,15,-111,-61,-1,-104,-46,-40,-123,-52,1,-133,-76,5,-103,-67,-11,-95,-54
336,656,0,30,-57,0,40,-114,-10,39,-168,-30,19,-200,-44,-4,-163,35,22,-198,-12,33,-156,-42,25,-138,-56,-23,-154,12,12,-186,-38,23,-134,-56,10,-122,-57,-35,-140,-19,6,-156,-66,14,-111,-61,-1,-104,-48,-40,-123,-50,1,-133,-74,4,-102,-66,-11,-94,-54
336,657,0,29,-57,0,40,-114,-10,40,-168,-31,19,-200,-45,-4,-163,35,22,-197,-12,33,-156,-42,25,-139,-56,-23,-154,12,12,-185,-38,23,-134,-55,10,-121,-56,-35,-140,-19,6,-155,-66,15,-111,-61,0,-103,-47,-40,-123,-51,1,-133,-75,5,-102,-66,-11,-94,-53
336,652,0,30,-52,-7,42,-113,-18,41,-168,-36,20,-199,-48,-2,-163,26,24,-198,-21,35,-158,-50,27,-138,-64,-22,-155,8,13,-189,-42,24,-139,-61,12,-123,-62,-35,-141,-18,6,-158,-65,15,-112,-62,0,-103,-49,-41,-123,-45,1,-133,-70,5,-103,-64,-11,-93,-53
335,655,0,30,-53,-4,42,-114,-14,41,-169,-32,20,-199,-45,-3,-163,29,24,-199,-18,34,-157,-48,26,-138,-63,-22,-155,9,13,-188,-42,23,-137,-61,10,-121,-63,-35,-141,-19,7,-159,-66,14,-113,-63,-1,-104,-50,-40,-124,-48,2,-135,-72,5,-104,-65,-11,-94,-53
335,654,0,30,-53,-3,42,-114,-13,41,-169,-32,19,-200,-44,-2,-164,31,24,-199,-16,34,-158,-47,26,-139,-62,-22,-156,10,12,-190,-40,23,-139,-60,10,-123,-63,-34,-141,-18,6,-158,-64,14,-113,-62,-2,-104,-49,-40,-124,-47,1,-134,-71,4,-103,-63,-13,-94,-52
335,653,0,30,-52,-8,42,-113,-19,41,-168,-38,19,-200,-50,-3,-164,23,24,-199,-24,34,-157,-54,26,-137,-68,-22,-155,5,12,-188,-46,22,-135,-64,10,-120,-65,-35,-141,-20,6,-158,-67,14,-112,-64,-2,-104,-51,-40,-123,-47,0,-133,-72,4,-103,-65,-13,-94,-53
337,651,0,30,-51,-8,42,-113,-19,41,-168,-37,19,-200,-49,-2,-165,24,24,-199,-23,34,-159,-52,26,-139,-67,-22,-157,7,12,-191,-43,22,-140,-63,11,-125,-65,-35,-143,-19,5,-159,-65,13,-114,-63,-2,-105,-51,-42,-125,-45,-1,-134,-70,3,-104,-64,-13,-95,-53
337,650,0,30,-51,-10,42,-112,-21,41,-167,-39,20,-199,-50,1,-164,23,25,-200,-24,35,-158,-54,27,-138,-68,-20,-156,6,12,-194,-44,23,-143,-63,11,-127,-64,-34,-142,-18,5,-159,-66,13,-113,-63,-2,-105,-50,-41,-125,-45,-1,-135,-70,3,-103,-63,-13,-94,-51
335,653,0,30,-52,-4,43,-113,-13,42,-169,-31,20,-199,-43,1,-164,30,26,-199,-17,36,-158,-46,28,-139,-61,-20,-156,9,13,-191,-42,23,-138,-61,11,-123,-63,-34,-141,-19,6,-159,-66,13,-112,-64,-2,-104,-51,-41,-124,-47,0,-134,-72,3,-103,-64,-13,-95,-53
333,652,0,31,-50,-6,45,-111,-16,44,-167,-33,23,-199,-45,4,-163,27,29,-199,-20,38,-157,-48,30,-138,-63,-17,-155,7,15,-193,-44,25,-140,-64,12,-124,-65,-32,-141,-19,7,-159,-67,14,-112,-65,0,-104,-52,-39,-124,-47,0,-134,-72,4,-102,-65,-12,-95,-54
334,648,0,31,-47,-8,45,-110,-17,43,-167,-33,22,-199,-43,6,-165,24,31,-200,-20,39,-156,-47,29,-139,-62,-16,-157,6,16,-195,-45,24,-140,-65,12,-124,-67,-31,-143,-18,6,-161,-65,13,-113,-64,-1,-104,-51,-40,-124,-44,-1,-133,-69,2,-102,-63,-13,-95,-53
333,648,0,31,-46,-9,46,-110,-18,45,-167,-34,23,-199,-43,7,-164,23,33,-199,-21,40,-156,-48,31,-139,-62,-15,-157,6,16,-194,-44,24,-139,-63,12,-124,-64,-31,-143,-18,6,-160,-64,13,-113,-61,-2,-105,-49,-39,-124,-43,-2,-134,-68,2,-103,-61,-13,-96,-51
229,539,0,13,-46,-73,18,-110,-81,5,-163,-72,-7,-200,-52,73,-137,-5,50,-199,-23,29,-176,-39,25,-151,-42,50,-141,35,33,-203,11,16,-176,-8,17,-152,-10,28,-140,65,14,-187,37,2,-161,13,8,-140,11,11,-136,89,0,-169,68,-9,-152,52,-5,-132,50
227,542,0,13,-48,-74,17,-111,-83,5,-163,-75,-8,-200,-56,74,-137,-6,50,-198,-23,28,-174,-38,24,-149,-41,53,-140,35,37,-203,12,18,-177,-7,18,-152,-9,30,-140,67,19,-189,41,6,-166,19,9,-143,16,14,-139,94,4,-173,76,-4,-158,61,-2,-139,60
227,545,0,14,-46,-70,19,-110,-79,5,-162,-73,-8,-200,-55,73,-137,-2,49,-197,-24,29,-171,-41,27,-144,-45,51,-142,35,34,-204,7,17,-174,-14,18,-148,-15,28,-142,61,15,-188,30,3,-161,9,7,-137,9,10,-139,83,0,-171,61,-7,-154,47,-3,-132,47
260,564,0,26,-45,-54,35,-110,-57,16,-167,-52,-4,-200,-36,75,-146,19,58,-208,-8,44,-178,-29,44,-150,-35,47,-147,43,32,-208,14,22,-174,-9,27,-152,-14,20,-141,56,7,-182,22,3,-151,-1,12,-130,-2,0,-130,65,-10,-159,45,-11,-138,33,-5,-117,34
289,567,0,30,-46,-50,41,-109,-54,23,-164,-53,1,-200,-41,73,-145,26,62,-204,-5,48,-175,-31,46,-148,-41,43,-145,45,33,-206,11,24,-174,-21,26,-154,-31,14,-138,53,7,-177,16,5,-151,-13,8,-135,-20,-8,-125,58,-13,-148,35,-14,-128,20,-10,-114,17
287,568,0,29,-45,-50,41,-108,-54,23,-162,-52,1,-200,-40,73,-145,27,62,-204,-3,49,-175,-29,47,-147,-39,42,-144,47,34,-205,13,25,-174,-19,26,-154,-31,14,-137,55,8,-177,19,5,-150,-12,8,-134,-20,-9,-123,61,-13,-148,39,-13,-128,23,-9,-112,19
286,568,0,29,-46,-52,41,-109,-57,23,-163,-55,1,-200,-44,73,-145,25,62,-205,-5,49,-175,-32,46,-148,-43,43,-144,46,34,-207,12,24,-175,-23,24,-155,-36,13,-137,55,7,-178,18,5,-152,-13,9,-135,-23,-9,-125,61,-13,-148,39,-13,-128,23,-9,-112,18
284,566,0,30,-46,-50,41,-109,-55,23,-163,-54,1,-200,-43,74,-146,27,62,-205,-4,49,-176,-32,46,-148,-43,43,-145,47,34,-207,12,25,-175,-22,25,-156,-34,13,-138,55,7,-178,19,5,-153,-12,9,-137,-21,-9,-126,61,-14,-148,39,-14,-128,23,-9,-113,19
282,564,0,31,-47,-53,41,-108,-57,24,-162,-56,2,-200,-45,74,-145,29,63,-205,-1,51,-175,-28,47,-149,-39,43,-144,50,35,-206,16,26,-175,-20,26,-156,-33,13,-137,59,8,-178,22,6,-152,-11,9,-136,-21,-10,-125,65,-14,-148,43,-13,-128,26,-9,-112,20
302,597,0,39,-40,-33,57,-104,-34,43,-162,-34,18,-200,-22,63,-144,34,76,-197,0,69,-156,-20,60,-135,-24,35,-144,40,42,-197,7,41,-151,-9,37,-143,-7,7,-135,35,11,-160,-5,17,-112,-10,16,-110,1,-20,-123,28,-9,-137,12,-2,-104,19,-5,-98,32
304,597,0,38,-41,-29,56,-106,-30,42,-162,-29,17,-200,-18,63,-146,35,76,-201,3,69,-160,-16,59,-137,-20,35,-147,39,42,-203,10,40,-156,-5,37,-144,-3,7,-137,34,11,-165,-2,17,-118,-5,16,-112,6,-21,-124,26,-10,-140,12,-4,-107,20,-7,-100,33
302,598,0,38,-42,-30,56,-106,-31,43,-162,-31,18,-200,-20,63,-144,37,76,-199,5,69,-159,-14,60,-137,-18,35,-145,42,42,-200,12,41,-153,-2,38,-143,1,7,-135,37,12,-163,1,18,-116,-1,16,-111,11,-19,-122,29,-8,-138,16,-3,-106,25,-6,-99,39
303,599,0,37,-42,-31,56,-106,-33,43,-162,-33,17,-200,-23,63,-145,35,75,-200,3,68,-160,-16,59,-137,-20,35,-146,40,43,-202,10,41,-156,-4,38,-145,-2,7,-136,35,12,-164,-1,17,-117,-4,16,-112,7,-19,-123,27,-8,-138,13,-3,-107,22,-6,-99,34
303,597,0,38,-41,-27,55,-105,-29,43,-161,-31,18,-200,-23,62,-145,35,76,-200,5,70,-162,-13,60,-137,-17,35,-146,38,43,-201,11,42,-158,-1,38,-144,1,7,-137,31,14,-164,-3,19,-118,-5,17,-111,5,-20,-122,23,-6,-139,7,-1,-107,15,-5,-99,27
301,598,0,38,-42,-29,56,-106,-31,44,-162,-31,19,-200,-21,63,-146,38,76,-199,6,69,-160,-13,60,-138,-17,35,-146,42,43,-198,12,42,-154,-2,38,-145,0,7,-136,36,14,-161,-1,19,-115,-5,17,-111,6,-19,-122,27,-6,-137,12,-1,-105,20,-5,-99,33
302,599,0,38,-41,-29,56,-105,-31,44,-162,-31,19,-200,-22,61,-147,35,75,-199,2,69,-159,-16,60,-138,-20,33,-147,39,41,-198,8,41,-152,-5,36,-144,-2,6,-137,33,12,-161,-4,18,-114,-6,16,-111,6,-21,-123,24,-8,-136,9,-2,-105,18,-6,-100,31
301,601,0,38,-42,-29,56,-106,-29,44,-162,-29,20,-199,-17,61,-146,38,74,-197,4,68,-157,-15,59,-137,-20,33,-145,42,40,-195,10,40,-151,-5,36,-143,-3,6,-136,36,11,-159,-2,17,-113,-6,15,-110,6,-21,-123,27,-9,-135,13,-3,-104,21,-7,-99,34
301,597,0,38,-41,-29,57,-105,-30,44,-162,-30,19,-200,-20,63,-144,37,76,-198,4,69,-157,-15,61,-136,-19,35,-145,41,43,-200,9,42,-153,-6,38,-145,-4,7,-136,34,14,-162,-3,20,-114,-8,17,-113,3,-20,-125,26,-6,-137,10,0,-105,17,-5,-101,29
298,604,0,38,-43,-27,55,-108,-26,42,-163,-25,17,-200,-15,63,-144,46,76,-200,18,69,-165,-3,59,-141,-9,36,-145,50,43,-202,22,42,-161,3,38,-149,0,9,-136,42,14,-166,8,20,-123,-2,17,-116,4,-18,-124,33,-6,-140,16,-1,-109,19,-5,-102,26
297,608,0,37,-41,-29,55,-107,-30,41,-163,-30,17,-200,-21,62,-146,38,75,-202,7,67,-164,-13,57,-141,-18,35,-147,42,41,-202,12,40,-160,-4,35,-150,-4,8,-137,35,11,-163,0,17,-119,-6,15,-114,3,-19,-124,26,-9,-136,10,-3,-105,15,-6,-99,26
296,612,0,38,-45,-26,53,-110,-26,41,-163,-26,17,-200,-16,62,-145,46,73,-199,18,67,-164,-3,58,-141,-10,35,-145,49,41,-201,23,40,-161,3,36,-149,0,8,-136,42,13,-165,9,18,-124,-1,15,-117,3,-19,-123,32,-6,-136,17,-2,-107,19,-5,-101,25
298,610,0,38,-45,-23,53,-110,-24,40,-164,-25,15,-200,-17,60,-147,43,73,-201,13,67,-164,-6,58,-140,-12,33,-147,43,40,-203,16,41,-160,1,37,-148,0,5,-138,33,12,-167,0,19,-122,-4,16,-116,5,-21,-124,22,-8,-139,7,-2,-108,13,-6,-102,23
295,611,0,39,-45,-25,56,-109,-25,42,-164,-26,17,-200,-16,61,-147,42,75,-200,11,68,-160,-8,59,-139,-14,34,-147,44,42,-200,14,41,-157,-2,37,-148,-1,7,-137,35,14,-163,0,19,-117,-3,16,-113,7,-20,-123,25,-6,-138,11,-2,-106,19,-5,-100,31
296,607,0,38,-44,-28,56,-108,-29,42,-163,-29,17,-200,-19,61,-148,36,74,-201,3,68,-159,-15,59,-138,-20,33,-147,39,40,-202,8,40,-154,-6,36,-145,-4,5,-137,32,11,-163,-4,18,-114,-7,16,-110,4,-21,-123,23,-9,-137,9,-3,-104,18,-6,-99,31
297,608,0,38,-43,-28,56,-108,-30,42,-163,-29,17,-200,-19,60,-147,35,73,-202,1,67,-158,-18,59,-138,-23,32,-146,38,41,-201,7,41,-153,-8,36,-144,-6,5,-137,32,11,-163,-4,17,-114,-6,14,-111,6,-22,-124,24,-9,-137,11,-4,-105,21,-8,-99,35
297,609,0,37,-42,-28,55,-107,-29,42,-163,-30,17,-200,-21,59,-147,34,74,-200,2,68,-158,-16,59,-138,-20,32,-146,38,40,-200,7,40,-153,-6,36,-144,-5,4,-136,31,11,-162,-4,17,-114,-6,14,-110,6,-22,-122,23,-9,-137,10,-3,-105,20,-8,-99,33
298,608,0,37,-41,-31,56,-106,-33,41,-162,-33,17,-200,-23,59,-148,33,73,-200,-1,67,-158,-20,59,-138,-24,32,-148,38,40,-199,6,40,-151,-8,36,-144,-5,4,-137,32,11,-160,-5,17,-112,-7,14,-111,4,-22,-123,24,-10,-134,10,-3,-102,19,-8,-99,32
298,608,0,37,-42,-30,55,-107,-31,41,-163,-30,17,-200,-19,60,-147,37,73,-200,5,67,-158,-14,58,-139,-18,32,-146,42,40,-199,12,40,-153,-2,35,-144,0,4,-136,37,11,-161,1,17,-114,-2,14,-111,9,-22,-122,29,-9,-136,16,-3,-104,25,-8,-98,38
299,607,0,36,-41,-32,55,-106,-34,41,-162,-35,16,-200,-26,59,-148,32,73,-201,-2,67,-160,-22,57,-139,-26,31,-147,37,39,-200,5,39,-154,-9,35,-145,-6,4,-137,31,10,-160,-6,16,-113,-9,14,-111,3,-22,-122,24,-11,-135,9,-5,-103,18,-9,-97,31
298,609,0,37,-43,-33,55,-107,-35,42,-163,-36,16,-200,-25,58,-149,35,72,-200,1,66,-158,-19,57,-140,-23,31,-147,41,39,-199,8,39,-152,-7,35,-146,-5,4,-136,36,11,-160,-2,17,-113,-5,14,-112,6,-22,-123,28,-10,-135,14,-4,-103,23,-9,-99,36
297,607,0,38,-42,-34,56,-106,-36,42,-162,-36,17,-200,-25,60,-147,35,73,-199,0,68,-157,-20,59,-137,-25,32,-146,41,40,-198,8,41,-152,-8,37,-145,-7,5,-135,36,11,-160,-3,18,-112,-7,16,-112,3,-22,-123,29,-9,-135,14,-3,-103,22,-8,-99,34
299,609,0,37,-44,-33,54,-108,-34,41,-164,-34,15,-200,-22,58,-148,38,71,-200,5,65,-158,-15,57,-141,-20,31,-146,44,39,-199,13,39,-154,-2,35,-148,-1,4,-135,40,10,-160,3,17,-114,-1,14,-114,9,-22,-122,32,-9,-135,19,-4,-104,28,-9,-101,40
300,609,0,37,-43,-32,55,-107,-34,40,-163,-33,15,-200,-22,58,-147,35,70,-201,1,66,-158,-18,57,-138,-22,30,-147,41,38,-199,10,38,-152,-5,34,-144,-3,3,-135,36,9,-161,-1,17,-113,-4,14,-112,7,-23,-122,28,-11,-135,15,-5,-103,24,-9,-99,37
300,612,0,36,-41,-33,55,-106,-35,41,-163,-35,15,-200,-24,57,-148,32,71,-202,-1,66,-158,-19,57,-140,-23,30,-147,38,38,-199,7,39,-151,-6,35,-144,-3,3,-136,34,9,-161,-3,16,-113,-4,14,-111,9,-23,-122,27,-11,-136,14,-5,-103,25,-9,-99,39
301,612,0,36,-41,-32,55,-106,-35,42,-163,-36,16,-200,-27,58,-149,30,72,-203,-4,66,-159,-23,57,-141,-27,30,-147,35,38,-200,2,38,-151,-11,34,-144,-8,3,-137,30,10,-161,-8,17,-113,-8,14,-112,4,-23,-123,22,-11,-136,8,-5,-103,19,-10,-98,33
302,612,0,38,-42,-31,56,-107,-33,41,-163,-33,16,-200,-23,59,-147,35,72,-201,1,67,-159,-19,58,-140,-23,31,-145,40,39,-199,8,39,-152,-8,35,-146,-7,4,-135,35,11,-160,-3,18,-113,-6,15,-113,4,-22,-122,27,-9,-136,14,-3,-103,23,-8,-99,37
304,615,0,36,-42,-33,54,-107,-35,41,-163,-35,15,-200,-24,58,-147,36,71,-201,2,65,-160,-18,56,-141,-22,31,-146,42,39,-198,11,39,-153,-4,35,-148,-2,4,-135,37,10,-160,1,17,-115,-2,14,-115,8,-23,-123,30,-10,-136,17,-4,-105,27,-9,-100,40
304,614,0,37,-41,-32,55,-106,-34,41,-163,-34,16,-200,-23,58,-146,35,71,-200,1,65,-158,-19,56,-138,-23,30,-145,40,38,-196,9,38,-150,-6,33,-143,-4,3,-135,35,9,-159,-3,16,-112,-6,13,-111,5,-23,-121,27,-10,-134,13,-4,-103,22,-9,-98,35
305,615,0,37,-43,-30,55,-108,-30,41,-163,-29,15,-200,-17,58,-147,37,71,-200,5,65,-158,-14,57,-139,-19,30,-146,42,38,-199,12,39,-153,-3,34,-145,-2,3,-135,36,9,-161,1,16,-115,-2,13,-113,8,-23,-122,29,-10,-136,16,-4,-105,25,-9,-100,38
305,615,0,38,-42,-29,55,-107,-29,41,-163,-28,16,-200,-16,57,-146,36,71,-200,4,66,-159,-15,56,-139,-19,29,-145,41,37,-197,11,38,-150,-3,33,-142,-1,2,-135,35,9,-160,-1,16,-113,-3,13,-112,8,-24,-121,27,-11,-135,14,-5,-104,24,-10,-99,37
307,615,0,37,-44,-31,54,-108,-32,39,-163,-31,13,-200,-18,57,-147,37,69,-201,3,63,-158,-17,55,-138,-21,29,-145,43,36,-197,11,37,-151,-5,32,-144,-4,1,-134,38,7,-159,0,14,-112,-4,12,-111,7,-25,-121,30,-13,-134,17,-6,-102,26,-10,-98,39
307,617,0,36,-43,-32,53,-107,-33,38,-164,-33,14,-200,-21,56,-147,37,68,-199,5,64,-158,-14,56,-140,-19,28,-146,43,36,-197,13,37,-152,-1,32,-147,0,1,-135,38,8,-159,2,16,-113,-2,13,-113,8,-24,-121,31,-11,-134,17,-5,-103,26,-10,-99,38
306,619,0,37,-44,-32,53,-108,-33,38,-163,-32,14,-200,-21,54,-146,40,66,-195,6,63,-155,-14,55,-139,-20,26,-144,46,34,-192,13,36,-148,-3,30,-145,-3,0,-133,40,6,-156,1,14,-110,-4,11,-111,6,-25,-119,32,-13,-131,17,-6,-101,24,-10,-98,36
359,663,0,11,-69,-29,-5,-136,-26,-41,-173,-21,-78,-185,-6,-15,-169,48,-27,-223,19,-18,-188,1,-16,-163,-1,-39,-150,52,-61,-203,24,-44,-168,10,-42,-158,14,-59,-120,44,-67,-150,4,-41,-113,-3,-41,-108,8,-77,-87,34,-73,-112,15,-53,-89,20,-53,-81,32
361,663,0,10,-70,-26,-7,-137,-22,-44,-174,-17,-80,-184,-3,-17,-167,52,-29,-222,23,-20,-188,6,-18,-162,3,-41,-149,54,-63,-202,26,-46,-168,12,-45,-158,15,-60,-119,45,-69,-149,5,-42,-113,-2,-41,-106,9,-78,-87,34,-75,-112,14,-55,-90,19,-54,-81,31
305,687,0,-13,-99,-37,-49,-150,-29,-88,-163,-23,-128,-155,-9,-52,-175,115,-68,-218,144,-79,-219,162,-87,-201,183,-73,-139,130,-99,-173,185,-109,-181,213,-120,-187,238,-86,-97,126,-108,-128,141,-96,-128,137,-97,-122,145,-96,-58,116,-109,-88,117,-94,-85,113,-88,-69,119
366,669,0,7,-83,-18,-21,-143,-17,-59,-171,-25,-100,-174,-23,-36,-161,97,-44,-202,67,-32,-187,47,-33,-168,46,-58,-134,92,-77,-175,59,-51,-146,42,-53,-140,50,-75,-103,72,-86,-136,24,-52,-106,19,-56,-96,35,-94,-73,50,-90,-105,26,-66,-84,32,-68,-71,47
367,672,0,8,-83,-18,-21,-144,-18,-60,-172,-25,-100,-174,-24,-37,-161,101,-44,-201,75,-35,-191,59,-35,-174,60,-58,-134,96,-79,-175,68,-56,-150,55,-58,-148,65,-75,-105,75,-86,-137,30,-53,-107,24,-57,-97,40,-94,-75,53,-92,-107,30,-67,-86,34,-68,-72,49
365,668,0,8,-84,-17,-20,-142,-17,-59,-169,-25,-100,-174,-25,-33,-158,108,-42,-199,83,-33,-188,67,-33,-168,67,-55,-132,102,-79,-175,74,-57,-153,58,-57,-150,65,-73,-103,81,-86,-136,33,-53,-107,21,-54,-94,34,-93,-75,58,-90,-106,31,-66,-86,31,-66,-70,42
583,644,0,15,-63,-22,-2,-137,-25,-40,-177,-30,-78,-185,-28,-26,-161,30,-32,-215,-1,-17,-185,-16,-21,-165,-22,-49,-144,26,-61,-202,-8,-39,-162,-20,-44,-144,-16,-68,-116,14,-69,-159,-33,-40,-113,-30,-47,-95,-13,-85,-84,1,-76,-123,-27,-55,-93,-17,-64,-74,-1
584,649,0,12,-64,-20,-5,-135,-23,-40,-176,-29,-78,-185,-29,-27,-160,34,-33,-210,8,-20,-185,-8,-23,-167,-13,-50,-142,30,-63,-195,1,-41,-157,-11,-46,-141,-8,-68,-115,18,-70,-156,-24,-41,-113,-22,-48,-95,-6,-86,-83,6,-77,-122,-20,-56,-94,-10,-64,-77,6
579,643,0,16,-61,-23,-2,-135,-27,-39,-174,-32,-78,-185,-32,-25,-160,28,-32,-214,-3,-17,-187,-18,-19,-162,-22,-48,-142,26,-61,-200,-6,-39,-162,-17,-42,-144,-12,-67,-115,14,-68,-156,-32,-39,-110,-29,-44,-91,-11,-85,-81,3,-76,-121,-26,-55,-90,-15,-63,-72,1
581,650,0,14,-64,-21,-4,-135,-25,-40,-176,-31,-78,-185,-32,-26,-159,34,-32,-207,7,-20,-188,-8,-23,-172,-13,-49,-141,30,-63,-194,1,-41,-158,-10,-46,-143,-5,-68,-115,18,-69,-155,-26,-41,-112,-23,-48,-93,-6,-86,-84,6,-77,-121,-22,-56,-94,-12,-64,-77,3
577,644,0,15,-62,-24,-2,-135,-28,-40,-174,-34,-78,-185,-33,-26,-160,29,-33,-214,-2,-17,-184,-17,-20,-161,-21,-49,-142,27,-62,-201,-6,-39,-160,-16,-43,-142,-10,-68,-114,15,-69,-157,-32,-40,-110,-28,-46,-92,-10,-86,-83,3,-77,-121,-24,-56,-91,-13,-65,-73,4
578,650,0,13,-65,-22,-5,-135,-26,-41,-176,-33,-79,-184,-34,-27,-160,35,-32,-209,7,-20,-187,-9,-25,-171,-14,-50,-141,31,-63,-195,0,-41,-157,-10,-47,-142,-6,-68,-114,19,-70,-154,-26,-41,-111,-23,-50,-93,-7,-86,-82,6,-78,-121,-21,-58,-94,-11,-65,-76,5
573,648,0,16,-65,-23,-2,-137,-26,-39,-175,-32,-77,-185,-31,-26,-161,35,-31,-213,5,-17,-186,-11,-21,-165,-14,-49,-143,33,-60,-199,0,-39,-159,-10,-45,-144,-5,-68,-115,20,-67,-156,-27,-39,-109,-25,-46,-92,-7,-86,-83,8,-77,-122,-21,-55,-91,-11,-64,-74,6
572,649,0,16,-64,-22,-3,-136,-25,-39,-176,-31,-77,-185,-30,-26,-161,33,-31,-212,3,-18,-186,-13,-22,-168,-18,-49,-143,29,-61,-199,-5,-39,-159,-15,-44,-143,-10,-67,-116,16,-68,-156,-32,-39,-110,-29,-47,-92,-11,-86,-84,3,-77,-122,-27,-56,-92,-17,-64,-75,-1
572,647,0,15,-63,-23,-2,-136,-27,-39,-177,-32,-78,-185,-31,-27,-162,32,-33,-215,0,-19,-184,-17,-22,-163,-22,-49,-144,28,-61,-199,-6,-39,-158,-18,-44,-142,-14,-68,-115,16,-69,-156,-33,-39,-110,-30,-47,-92,-12,-86,-83,3,-78,-122,-26,-56,-91,-16,-64,-73,1
571,649,0,16,-63,-22,-2,-135,-25,-39,-176,-32,-77,-185,-31,-25,-161,30,-31,-213,0,-18,-185,-16,-22,-165,-21,-49,-143,26,-60,-200,-7,-39,-160,-17,-44,-144,-13,-67,-117,13,-68,-158,-34,-39,-112,-30,-46,-92,-13,-86,-85,0,-77,-122,-29,-55,-92,-19,-63,-75,-3
565,650,0,16,-62,-23,-2,-137,-26,-38,-176,-31,-77,-185,-29,-25,-163,31,-31,-217,-1,-17,-185,-17,-21,-164,-22,-48,-145,28,-59,-202,-7,-38,-161,-18,-43,-145,-14,-67,-117,16,-67,-158,-33,-38,-112,-30,-46,-95,-13,-85,-85,3,-75,-124,-27,-54,-92,-17,-62,-75,-1
566,652,0,15,-63,-22,-2,-136,-26,-38,-176,-32,-76,-186,-32,-25,-161,30,-31,-212,2,-18,-187,-13,-21,-171,-18,-48,-145,26,-60,-201,-5,-39,-161,-16,-44,-145,-11,-67,-118,14,-68,-158,-31,-39,-114,-27,-46,-97,-10,-85,-86,1,-76,-123,-26,-55,-95,-16,-62,-78,0
563,650,0,17,-63,-21,1,-135,-24,-35,-175,-28,-72,-187,-26,-22,-162,29,-28,-217,-3,-14,-185,-18,-18,-164,-22,-45,-144,25,-56,-202,-10,-35,-160,-20,-40,-142,-15,-64,-117,13,-65,-158,-34,-37,-111,-31,-45,-95,-13,-83,-86,0,-73,-124,-28,-53,-93,-17,-61,-77,-1
519,590,0,40,-37,-23,57,-104,-27,37,-165,-32,10,-200,-31,44,-138,24,58,-191,-11,58,-151,-28,46,-128,-33,16,-136,22,27,-190,-18,31,-133,-31,20,-118,-27,-11,-126,11,2,-165,-42,10,-100,-39,-2,-87,-20,-41,-113,0,-19,-143,-33,-12,-99,-24,-25,-86,-8
514,594,0,40,-37,-23,57,-104,-26,38,-165,-31,12,-200,-29,45,-135,27,60,-186,-8,58,-149,-25,45,-128,-29,17,-133,25,29,-184,-14,32,-130,-27,21,-117,-23,-9,-124,15,4,-162,-38,11,-101,-36,-1,-89,-18,-37,-113,4,-17,-142,-29,-11,-100,-21,-23,-89,-5
511,593,0,41,-36,-23,56,-102,-27,38,-163,-33,13,-200,-31,44,-136,30,59,-186,-5,57,-147,-23,46,-126,-27,17,-133,28,29,-183,-12,32,-125,-25,21,-110,-20,-9,-124,17,4,-163,-35,12,-101,-33,0,-89,-14,-38,-114,6,-17,-143,-26,-10,-102,-18,-22,-89,-2
509,597,0,41,-35,-25,57,-103,-30,39,-165,-36,11,-200,-35,45,-137,26,60,-187,-8,58,-150,-25,45,-129,-30,17,-135,25,29,-186,-13,32,-133,-25,21,-122,-21,-9,-126,16,4,-164,-37,12,-103,-35,-1,-91,-16,-38,-115,5,-17,-144,-28,-11,-103,-19,-23,-91,-3
494,607,0,40,-41,-26,55,-107,-28,36,-166,-33,9,-200,-29,43,-138,35,57,-187,3,55,-151,-13,44,-131,-17,16,-135,36,26,-186,-1,30,-134,-15,21,-123,-11,-10,-125,27,1,-164,-24,10,-104,-24,-1,-94,-7,-39,-114,17,-19,-143,-14,-12,-103,-7,-23,-92,9
489,612,0,41,-43,-25,54,-109,-25,35,-167,-28,7,-200,-22,43,-138,43,57,-190,11,55,-154,-6,42,-134,-10,16,-136,42,24,-190,8,27,-149,-8,18,-145,-6,-11,-125,32,1,-164,-19,8,-104,-22,-3,-94,-6,-40,-114,21,-20,-142,-11,-14,-103,-4,-26,-91,10
487,613,0,41,-42,-25,54,-107,-27,35,-167,-30,7,-200,-25,43,-139,41,57,-189,9,54,-151,-9,42,-132,-13,15,-135,41,25,-186,4,29,-136,-11,19,-128,-8,-12,-125,31,0,-162,-21,9,-103,-22,-4,-95,-6,-39,-113,20,-20,-142,-11,-13,-103,-4,-26,-92,11
487,614,0,40,-42,-27,53,-108,-29,35,-166,-32,7,-200,-26,43,-141,43,57,-191,10,54,-154,-7,41,-134,-11,16,-137,44,24,-189,8,28,-146,-8,18,-142,-5,-11,-126,34,1,-163,-19,9,-104,-22,-3,-95,-6,-39,-115,23,-19,-143,-9,-13,-103,-4,-26,-92,11
488,613,0,39,-41,-24,51,-108,-27,32,-166,-31,4,-200,-28,40,-140,35,52,-191,1,52,-153,-17,40,-133,-21,12,-136,34,20,-188,-4,26,-136,-17,16,-127,-14,-14,-125,23,-2,-163,-30,7,-103,-29,-5,-92,-11,-42,-112,11,-22,-142,-22,-14,-101,-13,-27,-89,3
488,614,0,39,-42,-22,50,-110,-23,30,-167,-26,4,-200,-22,37,-141,37,48,-192,4,49,-154,-13,37,-134,-17,10,-137,35,18,-189,-2,24,-137,-16,14,-125,-13,-16,-125,24,-4,-165,-28,6,-105,-27,-6,-92,-9,-43,-113,12,-23,-143,-19,-15,-103,-11,-28,-91,5
489,612,0,38,-43,-21,49,-111,-22,27,-167,-25,0,-200,-20,36,-142,34,46,-195,3,48,-158,-13,38,-135,-17,9,-137,32,15,-193,-3,22,-143,-15,13,-131,-12,-17,-125,21,-6,-165,-29,5,-104,-27,-7,-90,-9,-45,-111,10,-26,-143,-20,-17,-102,-11,-30,-89,5
491,597,0,42,-57,-1,44,-124,5,15,-182,4,-22,-199,6,20,-132,66,25,-175,51,30,-149,35,21,-122,27,-5,-127,58,-4,-183,35,11,-140,15,6,-110,10,-29,-119,44,-25,-171,8,-5,-114,2,-13,-78,12,-57,-108,31,-41,-151,7,-28,-113,11,-38,-84,22
466,649,0,45,-35,-34,79,-104,-55,63,-164,-75,25,-199,-84,66,-216,-23,89,-256,-72,82,-184,-93,72,-164,-103,25,-223,-27,49,-246,-80,50,-167,-89,43,-154,-84,-12,-208,-40,12,-183,-88,20,-117,-81,13,-114,-66,-42,-183,-56,-13,-136,-84,-4,-95,-82,-13,-102,-74
465,649,0,46,-36,-33,84,-107,-54,65,-168,-73,25,-199,-81,70,-223,-22,93,-262,-69,85,-186,-90,76,-168,-100,27,-230,-27,53,-253,-80,53,-170,-88,46,-158,-82,-11,-215,-40,12,-189,-87,22,-121,-79,14,-121,-65,-42,-189,-57,-12,-137,-84,-3,-95,-83,-12,-106,-76
464,649,0,46,-37,-32,82,-108,-52,64,-167,-71,24,-199,-79,67,-221,-21,90,-259,-68,83,-184,-88,74,-167,-98,24,-227,-27,51,-249,-78,51,-169,-87,43,-157,-82,-14,-212,-39,11,-185,-86,21,-119,-78,13,-118,-64,-44,-184,-56,-14,-138,-82,-5,-96,-79,-14,-105,-71
462,650,0,45,-35,-35,83,-106,-56,66,-168,-76,24,-199,-85,67,-222,-22,92,-258,-70,84,-183,-91,75,-165,-101,25,-229,-26,53,-249,-79,52,-169,-88,45,-157,-82,-11,-214,-39,13,-187,-86,21,-120,-79,13,-119,-64,-41,-187,-56,-11,-138,-83,-4,-96,-81,-15,-106,-74
461,649,0,47,-35,-36,87,-107,-58,69,-169,-77,26,-199,-86,71,-228,-22,95,-265,-70,86,-186,-91,77,-170,-102,28,-235,-27,55,-255,-80,54,-170,-89,47,-161,-83,-10,-220,-39,14,-194,-87,22,-124,-79,14,-124,-64,-42,-193,-55,-12,-143,-83,-3,-99,-80,-12,-109,-72
461,650,0,47,-36,-37,86,-107,-60,69,-168,-81,26,-199,-91,69,-228,-26,95,-263,-75,86,-185,-96,76,-168,-108,25,-236,-30,54,-254,-84,54,-170,-94,46,-161,-89,-12,-220,-42,14,-190,-91,22,-121,-83,14,-121,-68,-44,-192,-58,-12,-141,-86,-4,-98,-84,-15,-107,-77
461,650,0,46,-33,-38,85,-105,-61,68,-167,-82,25,-199,-91,68,-227,-23,94,-260,-73,85,-183,-94,75,-168,-105,26,-235,-27,54,-251,-81,52,-168,-91,45,-159,-85,-11,-221,-39,13,-190,-88,21,-121,-81,13,-122,-66,-42,-194,-55,-12,-141,-84,-5,-97,-83,-15,-108,-76
461,647,0,46,-34,-39,86,-105,-62,70,-168,-83,27,-199,-93,71,-232,-24,95,-263,-73,86,-185,-94,76,-172,-105,27,-240,-28,55,-254,-82,54,-169,-90,47,-162,-84,-11,-225,-39,14,-191,-88,21,-121,-81,14,-123,-66,-43,-196,-55,-13,-143,-84,-6,-98,-82,-16,-109,-74
461,648,0,46,-35,-40,85,-106,-64,70,-168,-86,26,-199,-96,69,-231,-26,94,-261,-76,84,-183,-98,75,-170,-110,26,-239,-29,54,-252,-84,52,-169,-94,46,-161,-88,-12,-223,-41,14,-188,-91,21,-120,-84,14,-121,-69,-43,-195,-57,-13,-141,-86,-6,-97,-85,-15,-108,-78
459,645,0,46,-33,-40,84,-102,-64,69,-166,-85,26,-199,-95,70,-221,-23,94,-255,-73,84,-181,-96,74,-167,-106,28,-230,-26,54,-248,-81,53,-169,-91,47,-159,-85,-9,-216,-37,14,-186,-89,21,-119,-83,14,-119,-67,-41,-190,-53,-13,-141,-83,-6,-98,-82,-15,-107,-75
458,644,0,46,-32,-42,83,-101,-67,68,-165,-89,25,-199,-99,71,-217,-24,91,-252,-76,83,-176,-99,74,-161,-110,29,-224,-26,52,-245,-84,52,-164,-94,45,-154,-88,-8,-210,-37,13,-185,-90,20,-118,-84,15,-118,-68,-40,-185,-53,-13,-138,-84,-6,-95,-83,-14,-105,-75
458,642,0,45,-33,-40,81,-100,-63,68,-164,-84,26,-199,-95,70,-213,-22,90,-249,-71,81,-178,-93,73,-164,-103,28,-218,-25,51,-246,-82,50,-167,-93,44,-155,-87,-9,-205,-36,11,-186,-90,20,-118,-84,14,-115,-67,-42,-179,-51,-16,-141,-83,-6,-97,-80,-12,-103,-70
460,641,0,45,-32,-41,81,-101,-65,65,-165,-86,23,-199,-96,67,-213,-25,88,-253,-75,80,-178,-96,72,-163,-105,26,-219,-26,49,-245,-83,49,-164,-92,43,-154,-85,-11,-205,-37,10,-185,-90,18,-117,-84,12,-115,-66,-43,-180,-51,-16,-140,-82,-7,-96,-79,-14,-102,-69
459,640,0,44,-34,-38,79,-101,-61,65,-164,-81,24,-199,-91,65,-207,-20,87,-246,-69,78,-178,-90,71,-164,-100,26,-212,-24,48,-244,-80,49,-169,-91,43,-155,-85,-11,-198,-35,9,-185,-89,18,-118,-84,12,-111,-67,-43,-173,-49,-17,-143,-81,-7,-99,-78,-13,-101,-66
475,597,0,29,-38,-34,43,-110,-44,23,-166,-52,-4,-200,-49,26,-154,1,35,-210,-35,40,-161,-46,34,-148,-48,1,-149,2,8,-210,-41,18,-151,-48,11,-139,-39,-23,-132,-6,-12,-168,-59,2,-108,-50,-8,-100,-29,-48,-113,-15,-30,-136,-46,-19,-99,-34,-30,-93,-18
479,597,0,28,-42,-33,38,-112,-43,19,-167,-51,-9,-200,-50,21,-153,7,28,-206,-31,35,-160,-44,29,-146,-46,-3,-145,8,4,-203,-36,14,-145,-44,5,-134,-35,-26,-128,-1,-15,-164,-55,0,-105,-47,-11,-97,-26,-50,-110,-10,-32,-135,-41,-21,-98,-29,-32,-90,-12
479,600,0,28,-41,-27,37,-113,-33,17,-168,-39,-10,-200,-37,19,-153,11,25,-206,-24,32,-162,-35,26,-146,-37,-5,-144,9,1,-200,-30,12,-143,-37,3,-130,-29,-27,-127,0,-17,-165,-50,-2,-107,-41,-12,-97,-19,-51,-107,-11,-34,-136,-40,-22,-99,-27,-32,-89,-9
480,600,0,28,-41,-28,37,-113,-35,15,-168,-42,-12,-200,-40,16,-152,11,22,-204,-24,30,-160,-36,23,-146,-37,-8,-142,10,-1,-198,-30,11,-139,-37,1,-128,-28,-29,-125,1,-19,-163,-51,-2,-104,-42,-13,-94,-20,-52,-106,-9,-36,-135,-39,-23,-97,-26,-34,-87,-8
480,620,0,25,-41,-25,32,-114,-30,13,-168,-36,-13,-200,-34,11,-151,16,19,-196,-15,24,-154,-27,15,-141,-30,-12,-143,14,-4,-191,-23,6,-136,-30,-4,-126,-24,-33,-126,4,-21,-163,-46,-6,-107,-37,-17,-95,-17,-54,-107,-8,-36,-135,-38,-25,-98,-26,-36,-87,-10
510,637,0,29,-37,-27,41,-105,-36,32,-162,-46,12,-200,-48,26,-148,14,36,-192,-25,39,-149,-40,29,-134,-44,3,-144,11,14,-188,-29,20,-130,-35,8,-122,-27,-19,-132,-1,-4,-164,-54,5,-107,-43,-8,-98,-22,-41,-119,-14,-21,-142,-46,-14,-104,-33,-28,-95,-15
510,637,0,29,-37,-26,41,-105,-34,32,-162,-44,12,-200,-45,24,-148,13,35,-192,-26,39,-148,-41,28,-133,-45,2,-144,9,14,-188,-31,20,-130,-37,7,-123,-31,-20,-133,-3,-4,-165,-56,5,-107,-46,-9,-98,-25,-42,-119,-17,-20,-143,-49,-13,-105,-36,-28,-94,-18
512,638,0,27,-37,-23,40,-107,-30,31,-164,-39,9,-200,-40,25,-150,12,36,-194,-25,38,-149,-40,28,-135,-45,1,-146,7,13,-189,-34,19,-129,-41,6,-120,-35,-21,-134,-7,-6,-168,-56,3,-111,-45,-10,-101,-24,-43,-119,-21,-22,-144,-51,-15,-106,-37,-29,-96,-20
509,642,0,28,-36,-23,41,-106,-30,33,-165,-39,10,-200,-41,26,-150,13,38,-194,-24,40,-149,-38,30,-135,-43,3,-146,8,14,-191,-31,20,-132,-37,8,-122,-31,-19,-134,-5,-4,-170,-54,5,-112,-43,-9,-101,-22,-42,-120,-18,-22,-144,-48,-14,-107,-35,-27,-98,-18
486,686,0,28,-40,-24,40,-109,-32,30,-164,-43,8,-200,-45,25,-150,12,35,-199,-28,40,-158,-44,32,-138,-47,2,-146,7,12,-195,-32,20,-140,-38,8,-128,-31,-21,-134,-7,-5,-168,-57,4,-113,-46,-9,-102,-24,-43,-120,-21,-23,-145,-51,-14,-109,-36,-28,-99,-18
483,687,0,29,-39,-26,41,-108,-34,30,-163,-44,9,-200,-46,27,-150,11,36,-199,-28,41,-157,-43,32,-138,-45,3,-145,7,13,-196,-33,21,-139,-38,10,-127,-29,-19,-133,-6,-5,-168,-56,5,-112,-44,-7,-102,-22,-41,-118,-20,-23,-145,-50,-14,-108,-35,-26,-99,-15
484,686,0,28,-38,-26,40,-108,-34,29,-164,-43,7,-200,-44,25,-151,10,35,-201,-30,40,-157,-44,32,-139,-47,2,-147,5,12,-200,-36,19,-143,-42,8,-130,-34,-20,-135,-7,-7,-170,-59,4,-111,-47,-8,-101,-25,-44,-119,-21,-25,-145,-51,-16,-108,-36,-28,-99,-17
484,687,0,29,-38,-26,40,-107,-34,30,-163,-43,8,-200,-44,25,-151,10,34,-200,-29,39,-157,-43,31,-139,-46,2,-147,6,11,-198,-34,19,-141,-39,8,-129,-32,-20,-134,-7,-6,-170,-57,4,-113,-45,-9,-103,-23,-43,-119,-20,-24,-146,-50,-15,-109,-36,-28,-99,-17
484,684,0,29,-37,-27,41,-107,-36,30,-164,-46,7,-200,-47,26,-150,8,35,-201,-32,40,-158,-48,32,-138,-52,2,-145,4,11,-198,-37,19,-141,-43,9,-128,-36,-20,-133,-8,-7,-168,-59,4,-111,-49,-8,-100,-27,-43,-117,-21,-24,-144,-52,-15,-107,-38,-28,-97,-20
485,683,0,28,-36,-26,41,-107,-34,29,-164,-42,6,-200,-43,26,-152,6,36,-201,-32,40,-157,-46,32,-140,-49,2,-148,2,11,-199,-40,19,-142,-46,8,-129,-39,-21,-134,-11,-7,-171,-63,4,-112,-51,-9,-101,-29,-44,-118,-24,-25,-145,-55,-16,-107,-41,-28,-97,-23
484,680,0,27,-34,-28,41,-106,-35,29,-164,-43,6,-200,-43,27,-151,5,36,-202,-33,41,-157,-45,32,-141,-47,3,-146,2,13,-200,-40,19,-142,-45,9,-130,-36,-20,-133,-10,-7,-169,-63,3,-110,-51,-8,-100,-28,-44,-117,-22,-25,-143,-54,-16,-105,-40,-28,-96,-21
481,681,0,27,-35,-31,42,-107,-39,28,-165,-47,4,-200,-46,27,-150,6,37,-203,-32,42,-158,-44,33,-144,-45,3,-146,5,13,-201,-38,20,-143,-42,9,-133,-32,-20,-133,-6,-7,-168,-60,4,-108,-49,-9,-99,-26,-44,-117,-18,-25,-143,-50,-16,-104,-36,-29,-96,-18
477,680,0,28,-35,-29,42,-109,-37,28,-166,-44,3,-200,-42,29,-151,5,39,-206,-32,43,-160,-43,35,-144,-44,4,-147,2,13,-204,-40,20,-146,-45,10,-134,-36,-19,-132,-8,-7,-170,-62,5,-109,-50,-7,-99,-27,-43,-115,-20,-25,-142,-52,-15,-104,-37,-27,-96,-18
393,638,0,34,-46,-34,41,-113,-37,22,-167,-39,-8,-200,-31,35,-150,41,45,-200,0,45,-157,-20,38,-141,-25,9,-143,43,16,-195,-1,20,-143,-17,13,-139,-13,-16,-129,32,-7,-162,-22,3,-108,-25,-4,-108,-8,-41,-117,20,-25,-137,-8,-17,-100,0,-25,-94,16
389,635,0,35,-49,-33,40,-114,-35,22,-166,-39,-7,-200,-30,36,-150,52,45,-200,11,45,-158,-11,40,-141,-16,10,-142,54,16,-195,9,20,-145,-10,14,-141,-6,-15,-129,41,-7,-161,-13,4,-109,-19,-3,-110,-3,-40,-118,27,-25,-138,1,-16,-103,8,-22,-97,23
389,633,0,34,-46,-33,40,-113,-35,20,-166,-36,-7,-200,-25,36,-149,41,46,-202,2,45,-158,-18,39,-141,-23,10,-143,44,17,-197,2,20,-147,-14,15,-141,-11,-15,-129,33,-6,-163,-19,3,-110,-22,-3,-108,-7,-40,-116,21,-25,-139,-6,-17,-102,2,-23,-95,17
382,629,0,33,-49,-28,38,-115,-25,18,-168,-23,-10,-200,-9,39,-148,51,46,-204,13,45,-163,-9,39,-141,-15,12,-144,52,15,-201,13,18,-156,-6,14,-147,-4,-13,-131,40,-8,-166,-8,2,-114,-15,-3,-111,-2,-39,-118,27,-26,-140,3,-17,-105,10,-22,-97,24
380,627,0,33,-53,-28,37,-119,-24,16,-169,-22,-13,-200,-7,38,-150,62,43,-204,24,42,-165,-1,38,-142,-7,11,-144,64,12,-200,24,16,-159,0,11,-151,0,-15,-131,51,-10,-164,1,0,-115,-10,-3,-112,1,-40,-119,37,-28,-139,13,-18,-105,16,-22,-99,29
381,621,0,32,-52,-28,36,-117,-26,13,-169,-24,-16,-200,-11,36,-150,52,41,-206,16,41,-166,-8,37,-142,-14,9,-144,54,11,-203,16,16,-159,-5,12,-145,-5,-17,-130,43,-13,-165,-4,-2,-116,-13,-5,-111,-1,-43,-115,30,-30,-140,7,-21,-105,13,-24,-96,27
334,627,0,30,-65,-25,30,-126,-15,7,-172,-6,-21,-199,14,39,-150,82,38,-207,53,34,-174,30,31,-151,23,11,-140,85,7,-197,51,7,-168,19,5,-164,10,-14,-126,73,-16,-159,27,-6,-118,-1,-5,-111,-1,-40,-114,61,-35,-137,33,-25,-106,24,-22,-94,27
329,622,0,26,-64,-24,26,-126,-17,4,-171,-12,-25,-199,4,36,-153,71,35,-211,38,32,-176,12,30,-152,4,9,-143,73,5,-201,37,7,-162,6,5,-153,-2,-17,-128,62,-18,-163,18,-8,-121,-4,-8,-116,-3,-41,-113,49,-37,-135,27,-27,-104,23,-25,-94,28
334,625,0,26,-65,-28,28,-128,-22,6,-172,-17,-23,-199,0,35,-157,70,35,-209,35,33,-176,5,31,-150,-6,8,-145,74,3,-202,35,7,-165,1,6,-153,-9,-19,-129,65,-20,-166,21,-9,-126,-3,-9,-118,-4,-43,-114,54,-37,-135,31,-29,-105,24,-28,-95,28
336,622,0,30,-65,-33,32,-128,-28,8,-172,-22,-21,-199,-5,37,-158,73,37,-208,37,36,-175,7,34,-151,-4,9,-145,79,5,-199,37,10,-165,-1,8,-156,-12,-18,-129,71,-17,-162,21,-6,-123,-9,-7,-117,-12,-42,-114,61,-35,-134,32,-26,-105,21,-26,-95,22
340,619,0,31,-64,-30,33,-126,-26,10,-170,-23,-20,-200,-9,38,-158,67,38,-210,29,37,-176,-3,35,-147,-14,9,-146,70,5,-203,27,10,-164,-10,11,-147,-19,-17,-131,61,-18,-165,12,-6,-123,-14,-5,-113,-14,-42,-116,50,-35,-136,23,-25,-105,15,-24,-93,19
344,619,0,31,-63,-30,33,-125,-26,10,-171,-23,-19,-200,-9,37,-155,66,37,-206,29,36,-172,-1,33,-147,-11,8,-144,71,5,-197,28,9,-159,-6,7,-145,-13,-18,-128,63,-18,-162,13,-7,-118,-10,-7,-111,-7,-42,-115,52,-35,-136,26,-25,-105,20,-25,-94,26
345,619,0,33,-63,-29,34,-125,-23,10,-171,-20,-19,-200,-5,37,-155,73,37,-206,34,37,-170,4,35,-146,-5,8,-143,76,5,-197,30,10,-156,-4,8,-143,-9,-18,-129,65,-18,-162,12,-6,-116,-11,-7,-110,-6,-43,-117,53,-34,-136,24,-25,-104,18,-25,-95,25
349,614,0,35,-60,-27,36,-124,-21,9,-170,-16,-20,-200,-1,36,-155,72,36,-205,36,37,-168,9,34,-145,1,7,-144,75,3,-196,32,10,-155,2,8,-145,-2,-18,-129,64,-18,-161,12,-5,-114,-8,-7,-109,-2,-44,-116,51,-35,-137,23,-24,-103,19,-26,-96,27
351,614,0,35,-60,-29,38,-124,-25,12,-171,-24,-19,-200,-11,35,-159,67,37,-208,30,37,-168,2,34,-146,-6,7,-147,70,4,-200,27,10,-157,-3,7,-148,-7,-19,-131,59,-19,-163,8,-5,-116,-10,-7,-111,-3,-45,-118,47,-36,-139,20,-25,-105,18,-26,-97,27
352,614,0,33,-58,-27,37,-123,-23,12,-171,-21,-19,-200,-7,34,-156,65,35,-208,30,36,-168,5,33,-144,-1,7,-145,68,4,-198,28,10,-153,1,8,-143,-1,-19,-130,58,-19,-164,10,-6,-114,-5,-9,-109,3,-44,-117,47,-36,-138,23,-26,-104,23,-28,-95,33
352,618,0,32,-57,-26,37,-121,-23,13,-170,-22,-16,-200,-9,34,-154,65,34,-205,30,35,-166,5,33,-143,-1,7,-144,68,4,-196,28,11,-150,2,8,-138,1,-18,-129,59,-18,-163,12,-5,-115,0,-8,-109,10,-42,-117,48,-35,-139,27,-25,-105,29,-26,-97,41
354,618,0,32,-58,-29,37,-122,-28,14,-171,-28,-17,-200,-17,32,-157,62,33,-208,26,35,-167,0,32,-145,-6,5,-146,66,2,-198,26,11,-150,1,8,-139,-1,-19,-130,57,-19,-164,11,-5,-116,0,-8,-111,10,-44,-118,46,-36,-139,26,-25,-107,29,-27,-98,41
352,617,0,33,-56,-29,39,-121,-28,15,-171,-28,-15,-200,-17,33,-157,59,34,-206,21,36,-164,-4,34,-142,-10,6,-146,63,5,-198,21,13,-146,-2,10,-135,-1,-18,-131,54,-18,-165,7,-4,-115,-2,-7,-111,11,-43,-118,43,-35,-140,23,-24,-105,28,-27,-98,42
355,616,0,31,-53,-28,38,-119,-28,14,-171,-28,-16,-200,-17,31,-157,51,32,-208,17,34,-165,-4,32,-143,-8,5,-147,55,2,-200,19,11,-148,1,10,-136,3,-19,-132,47,-19,-166,4,-5,-116,0,-8,-109,14,-44,-117,38,-37,-141,18,-25,-106,26,-28,-98,40
354,615,0,33,-55,-32,38,-119,-33,15,-169,-36,-15,-200,-27,32,-158,55,33,-206,16,36,-165,-9,32,-142,-14,5,-146,60,4,-196,17,12,-143,-5,10,-133,-3,-19,-131,51,-19,-165,2,-4,-114,-5,-7,-109,9,-44,-118,41,-36,-140,19,-25,-106,24,-27,-97,38
354,616,0,33,-52,-29,39,-119,-30,16,-171,-31,-15,-200,-21,32,-158,52,33,-208,16,35,-165,-6,32,-142,-10,5,-148,56,3,-199,17,12,-145,-1,10,-134,3,-19,-132,48,-19,-167,2,-5,-116,-1,-7,-109,15,-44,-119,38,-37,-142,17,-26,-107,25,-28,-98,40
354,614,0,34,-54,-29,40,-120,-29,17,-171,-31,-14,-200,-21,33,-160,54,34,-210,16,36,-165,-7,34,-143,-13,5,-148,57,4,-200,15,13,-147,-5,11,-135,-2,-20,-134,48,-18,-168,1,-4,-116,-4,-6,-110,11,-44,-120,37,-36,-143,16,-25,-108,23,-27,-99,38
358,616,0,33,-52,-29,40,-119,-29,17,-173,-30,-15,-200,-20,31,-159,50,32,-210,15,34,-166,-6,32,-144,-11,5,-149,54,2,-200,16,12,-148,-4,10,-135,-1,-19,-133,46,-19,-168,2,-5,-117,-2,-7,-109,12,-44,-118,37,-37,-144,16,-25,-109,24,-28,-97,39
359,612,0,33,-52,-31,41,-118,-32,16,-171,-35,-15,-200,-26,32,-158,52,33,-208,15,35,-165,-7,32,-142,-12,5,-147,56,4,-198,15,12,-145,-6,10,-133,-3,-19,-132,49,-20,-165,1,-5,-115,-5,-8,-109,10,-44,-118,39,-36,-142,17,-26,-108,23,-28,-98,38
358,608,0,35,-51,-26,43,-118,-24,18,-172,-24,-13,-200,-14,34,-157,50,35,-210,18,37,-167,-2,35,-144,-7,7,-148,53,5,-200,17,15,-148,-1,12,-132,1,-19,-133,45,-18,-170,2,-4,-118,-1,-6,-107,14,-44,-118,36,-35,-146,15,-25,-111,23,-28,-97,39
357,608,0,35,-50,-24,43,-119,-23,18,-173,-23,-13,-200,-14,35,-157,47,36,-212,17,38,-171,-3,35,-146,-8,8,-148,49,6,-203,15,15,-153,-2,13,-134,1,-18,-134,41,-18,-173,0,-4,-122,-2,-6,-108,12,-44,-117,32,-35,-148,11,-24,-112,18,-27,-97,33
361,606,0,33,-48,-26,42,-118,-26,18,-173,-27,-14,-200,-17,33,-159,42,34,-213,9,35,-169,-9,33,-145,-13,7,-151,44,4,-204,10,13,-151,-4,12,-135,0,-19,-136,37,-19,-172,-6,-5,-118,-5,-7,-107,11,-44,-119,27,-36,-147,7,-25,-111,17,-28,-97,34
361,610,0,33,-51,-28,41,-119,-28,18,-172,-29,-14,-200,-19,31,-157,49,33,-209,15,35,-166,-6,31,-144,-11,6,-148,53,5,-199,16,13,-147,-1,10,-134,1,-18,-134,45,-18,-168,2,-4,-117,0,-6,-109,15,-43,-120,36,-35,-144,17,-24,-110,26,-27,-99,42
363,607,0,32,-48,-28,42,-117,-28,20,-173,-28,-11,-200,-18,32,-157,46,32,-210,14,35,-168,-5,32,-146,-8,5,-149,50,4,-200,16,13,-149,1,11,-135,4,-19,-134,44,-18,-168,3,-3,-118,2,-6,-108,18,-43,-118,36,-34,-146,17,-24,-110,28,-27,-97,44
364,602,0,32,-48,-27,43,-118,-28,19,-174,-30,-14,-200,-21,31,-159,42,32,-215,11,35,-171,-7,32,-148,-11,5,-151,46,4,-204,14,13,-154,-1,10,-140,2,-19,-136,39,-18,-171,0,-4,-122,0,-6,-111,15,-44,-119,31,-35,-148,13,-24,-113,24,-28,-99,40
364,600,0,34,-49,-29,41,-118,-31,19,-173,-34,-14,-200,-27,31,-161,47,32,-212,13,35,-170,-8,32,-147,-12,4,-150,51,4,-203,14,13,-151,-2,10,-141,2,-20,-135,43,-18,-170,-1,-3,-120,-2,-7,-112,13,-45,-120,33,-35,-147,13,-24,-112,22,-28,-100,37
364,600,0,34,-49,-33,41,-118,-34,19,-172,-35,-12,-200,-24,30,-160,48,31,-212,12,34,-168,-10,31,-146,-14,4,-148,54,3,-203,16,13,-151,-4,10,-139,-2,-20,-133,49,-18,-168,5,-3,-118,-1,-6,-110,13,-44,-118,42,-35,-145,23,-24,-110,30,-27,-100,45
365,600,0,32,-46,-29,40,-116,-30,17,-172,-31,-14,-200,-22,28,-160,39,29,-215,6,33,-170,-13,30,-148,-17,3,-151,43,1,-205,9,11,-154,-6,8,-141,-3,-21,-135,37,-19,-170,-6,-4,-120,-5,-7,-109,10,-45,-118,28,-35,-146,8,-24,-111,17,-28,-98,33
368,597,0,29,-45,-27,37,-114,-29,17,-171,-32,-13,-200,-25,27,-160,33,28,-215,2,33,-169,-14,29,-147,-17,2,-152,36,0,-205,4,11,-153,-5,10,-139,0,-21,-135,29,-21,-170,-9,-4,-120,-4,-7,-108,14,-44,-117,21,-37,-144,3,-25,-111,16,-28,-98,32
367,599,0,29,-47,-27,38,-116,-29,18,-172,-31,-13,-200,-24,29,-160,37,29,-215,6,33,-170,-10,30,-149,-14,4,-153,40,1,-205,9,12,-153,-2,10,-141,4,-19,-137,33,-19,-172,-5,-3,-121,0,-6,-111,17,-43,-118,24,-35,-145,6,-24,-111,19,-27,-99,35
369,595,0,29,-43,-29,38,-114,-32,19,-172,-34,-12,-200,-26,28,-160,32,29,-215,0,33,-168,-16,29,-148,-19,3,-152,35,2,-206,2,13,-152,-7,10,-141,-2,-21,-136,29,-18,-171,-11,-3,-119,-6,-7,-111,12,-45,-118,21,-35,-144,3,-23,-110,15,-27,-100,32
370,592,0,30,-43,-27,39,-115,-28,19,-173,-30,-11,-200,-23,28,-160,32,30,-214,1,34,-169,-15,30,-148,-18,3,-152,34,1,-206,1,12,-153,-8,10,-139,-2,-20,-136,27,-19,-172,-14,-3,-120,-8,-6,-109,10,-44,-118,18,-35,-146,-2,-23,-112,11,-26,-99,27
370,594,0,30,-43,-31,39,-114,-33,21,-172,-35,-9,-200,-26,28,-159,35,30,-212,3,34,-167,-13,29,-146,-16,4,-151,40,2,-203,7,13,-149,-3,11,-137,3,-19,-135,35,-18,-171,-5,-2,-118,0,-5,-110,18,-43,-119,28,-34,-145,10,-22,-111,22,-26,-100,38
372,591,0,29,-45,-29,38,-115,-31,21,-173,-32,-9,-200,-22,28,-160,37,30,-213,5,33,-167,-11,29,-147,-14,4,-151,41,2,-203,9,13,-150,-2,10,-140,4,-20,-135,36,-18,-170,-3,-3,-119,1,-6,-111,18,-43,-119,28,-35,-144,12,-23,-111,24,-26,-101,40
373,587,0,32,-45,-25,39,-116,-26,20,-172,-27,-10,-200,-19,27,-161,33,30,-215,2,35,-168,-13,30,-147,-16,3,-152,35,1,-208,3,13,-154,-7,10,-141,-1,-21,-136,27,-18,-172,-14,-2,-118,-9,-7,-109,9,-45,-118,17,-34,-144,-2,-22,-110,10,-27,-99,26
373,590,0,32,-45,-28,39,-116,-26,21,-172,-24,-8,-200,-12,29,-158,41,30,-213,9,33,-169,-7,29,-145,-9,4,-149,46,2,-204,12,13,-151,0,10,-137,6,-19,-134,39,-18,-169,-3,-2,-116,-3,-5,-106,14,-43,-118,32,-34,-146,12,-22,-111,21,-25,-98,37
376,586,0,29,-43,-27,39,-116,-29,21,-174,-32,-10,-200,-24,28,-162,31,30,-218,-1,33,-170,-16,29,-149,-18,4,-153,34,2,-208,1,12,-153,-8,10,-142,-1,-20,-137,27,-18,-173,-13,-2,-119,-7,-6,-110,12,-44,-119,18,-34,-146,0,-23,-111,13,-27,-100,31
378,586,0,29,-45,-25,37,-115,-26,19,-172,-27,-11,-200,-20,28,-158,33,29,-215,3,32,-169,-12,28,-148,-14,4,-151,35,1,-207,4,12,-155,-5,10,-141,1,-19,-135,27,-18,-173,-11,-2,-120,-5,-5,-110,12,-44,-117,18,-33,-146,0,-22,-111,13,-26,-98,29
378,586,0,32,-44,-24,40,-116,-24,21,-174,-24,-10,-200,-14,29,-161,33,31,-217,3,34,-170,-13,30,-149,-16,5,-153,35,3,-209,2,13,-155,-8,10,-141,-2,-19,-137,28,-18,-175,-12,-2,-121,-8,-5,-110,10,-44,-119,19,-33,-147,0,-22,-112,13,-25,-99,29
382,586,0,30,-46,-26,39,-116,-27,21,-174,-29,-8,-200,-20,28,-160,37,31,-215,6,33,-171,-10,28,-148,-12,4,-151,40,3,-206,10,12,-154,0,9,-142,6,-20,-136,33,-17,-171,-6,-2,-119,-2,-7,-110,14,-44,-119,24,-34,-147,8,-23,-112,21,-28,-100,38
381,591,0,30,-47,-26,39,-117,-26,23,-174,-26,-7,-200,-17,29,-158,38,32,-213,9,34,-170,-6,29,-148,-8,5,-151,41,4,-205,13,13,-154,3,10,-140,9,-18,-135,35,-16,-171,-2,-1,-120,1,-5,-110,18,-42,-119,27,-32,-148,10,-21,-114,23,-26,-101,40
381,588,0,29,-46,-26,39,-115,-27,23,-173,-28,-6,-200,-21,29,-159,38,32,-214,10,35,-171,-5,29,-150,-6,5,-151,41,4,-203,13,13,-153,4,10,-142,10,-18,-135,34,-15,-170,-3,-2,-120,2,-6,-111,18,-43,-118,26,-32,-146,9,-21,-113,22,-27,-100,39
384,589,0,29,-49,-27,37,-116,-28,21,-172,-28,-8,-200,-20,28,-158,40,32,-213,9,33,-171,-7,27,-149,-9,4,-150,43,3,-204,14,11,-155,3,8,-143,8,-20,-134,37,-17,-168,-1,-3,-118,0,-6,-109,15,-44,-117,28,-33,-144,12,-23,-111,24,-27,-99,40
385,591,0,28,-48,-27,36,-117,-28,21,-172,-29,-7,-200,-19,27,-159,40,31,-212,10,32,-170,-6,27,-149,-8,3,-149,43,4,-203,14,11,-154,3,8,-143,8,-20,-133,37,-16,-167,-2,-2,-117,-1,-6,-110,15,-44,-117,28,-32,-144,12,-22,-110,24,-27,-98,41
386,590,0,28,-47,-25,36,-116,-25,20,-172,-26,-8,-200,-17,28,-158,38,31,-213,9,32,-172,-6,27,-149,-7,4,-151,40,2,-207,11,10,-160,1,8,-146,6,-19,-135,33,-16,-168,-5,-2,-119,-3,-5,-109,12,-43,-116,25,-32,-144,7,-21,-110,19,-25,-97,36
387,591,0,27,-46,-27,36,-116,-27,20,-171,-27,-8,-200,-18,28,-157,35,31,-213,6,33,-172,-8,27,-151,-9,4,-148,38,3,-207,9,11,-159,0,8,-148,6,-19,-132,31,-15,-167,-7,-1,-118,-5,-5,-110,11,-42,-113,23,-31,-141,5,-20,-108,17,-25,-96,33
389,591,0,27,-47,-27,35,-117,-26,19,-171,-25,-9,-200,-14,27,-156,38,30,-213,9,32,-172,-5,27,-151,-6,4,-148,41,2,-206,12,11,-158,1,7,-147,6,-19,-131,34,-15,-165,-5,-1,-115,-5,-5,-108,10,-43,-112,26,-31,-139,8,-20,-105,19,-25,-93,35
390,591,0,27,-48,-26,35,-117,-25,19,-172,-25,-9,-200,-15,27,-157,38,30,-213,8,32,-172,-7,27,-151,-8,3,-148,40,2,-206,10,11,-159,-1,7,-147,4,-21,-132,32,-15,-165,-9,-2,-115,-9,-6,-107,7,-44,-113,23,-31,-138,3,-20,-104,13,-27,-92,29
391,594,0,27,-49,-24,35,-117,-23,20,-172,-23,-9,-200,-13,25,-156,39,29,-213,9,31,-169,-6,26,-151,-8,2,-147,40,2,-204,8,11,-154,-3,7,-144,2,-21,-130,32,-16,-166,-10,-2,-113,-8,-6,-105,8,-44,-112,22,-32,-138,3,-21,-104,14,-27,-93,30
391,594,0,27,-51,-24,35,-118,-23,19,-172,-23,-10,-200,-13,25,-155,43,29,-210,11,31,-167,-6,26,-149,-8,2,-145,44,3,-200,12,12,-149,-1,7,-141,4,-21,-129,36,-16,-162,-6,-2,-111,-5,-6,-105,11,-45,-112,26,-33,-136,8,-21,-102,19,-26,-92,36
393,593,0,27,-50,-25,34,-118,-25,19,-171,-25,-9,-200,-15,24,-154,39,28,-207,8,30,-166,-7,25,-148,-9,1,-144,41,1,-200,8,9,-152,-4,5,-142,1,-22,-127,33,-16,-159,-11,-2,-109,-11,-7,-102,5,-44,-109,23,-33,-134,3,-22,-100,14,-27,-90,30
395,589,0,27,-48,-27,34,-118,-27,16,-172,-26,-13,-200,-15,25,-155,35,28,-212,3,30,-169,-13,26,-149,-14,1,-145,37,1,-204,3,10,-154,-9,6,-143,-3,-22,-127,30,-17,-163,-15,-3,-109,-14,-8,-102,3,-46,-108,21,-34,-134,-1,-23,-99,10,-28,-90,27
393,594,0,26,-49,-30,34,-116,-30,18,-170,-30,-10,-200,-18,24,-153,40,27,-206,5,30,-164,-14,24,-146,-16,1,-142,44,1,-195,8,11,-145,-6,6,-137,-2,-22,-126,38,-17,-157,-8,-3,-106,-10,-8,-104,5,-45,-111,30,-34,-132,9,-22,-99,18,-28,-91,34
395,591,0,26,-49,-27,33,-117,-27,15,-170,-26,-12,-200,-15,24,-152,37,27,-205,4,31,-164,-12,25,-147,-15,1,-142,39,1,-200,5,9,-153,-9,4,-143,-5,-23,-125,31,-17,-159,-15,-2,-108,-16,-9,-102,0,-46,-108,22,-33,-133,0,-22,-99,10,-29,-90,25
394,587,0,27,-46,-31,34,-116,-31,16,-170,-29,-12,-200,-18,24,-153,34,28,-207,0,32,-164,-17,26,-147,-19,1,-142,38,2,-200,2,11,-151,-11,5,-143,-7,-22,-125,31,-16,-159,-16,-1,-107,-17,-8,-103,-2,-45,-108,24,-32,-132,0,-20,-97,9,-28,-89,25
395,586,0,27,-44,-32,34,-115,-33,15,-170,-33,-12,-200,-22,24,-152,30,27,-206,-4,31,-164,-19,25,-147,-21,1,-141,34,1,-198,-1,10,-149,-12,5,-142,-7,-22,-124,27,-16,-158,-21,-1,-106,-20,-8,-102,-4,-44,-107,19,-32,-130,-6,-21,-95,3,-28,-87,18
398,587,0,26,-45,-31,33,-116,-30,15,-171,-28,-12,-200,-15,24,-151,36,28,-204,3,31,-165,-12,25,-148,-14,2,-141,40,1,-198,7,9,-153,-5,3,-147,0,-21,-124,34,-16,-157,-13,-2,-106,-15,-8,-104,1,-44,-108,25,-32,-130,2,-21,-96,10,-27,-89,25
399,588,0,27,-46,-32,33,-117,-32,14,-171,-31,-15,-200,-19,24,-151,38,27,-202,5,30,-166,-12,24,-150,-14,1,-140,43,2,-193,10,10,-150,-3,4,-147,2,-22,-123,36,-15,-155,-11,-1,-105,-14,-8,-103,1,-44,-106,29,-31,-130,4,-19,-95,11,-28,-87,25
399,584,0,27,-49,-30,34,-118,-28,14,-171,-25,-16,-200,-11,26,-151,44,30,-203,15,32,-168,-1,24,-153,-4,3,-140,48,2,-199,19,8,-162,3,1,-160,5,-21,-124,42,-14,-157,-3,0,-108,-10,-8,-105,2,-44,-107,34,-29,-131,10,-19,-97,15,-28,-89,28
401,579,0,27,-47,-30,33,-118,-27,12,-171,-22,-17,-200,-8,25,-152,38,29,-208,8,30,-170,-8,24,-150,-10,1,-142,43,-1,-205,13,6,-165,-2,1,-155,0,-22,-124,38,-17,-157,-6,-2,-108,-13,-8,-104,-2,-44,-105,31,-31,-130,8,-20,-97,14,-27,-87,26
400,582,0,29,-47,-31,34,-119,-29,12,-172,-25,-18,-200,-12,25,-152,40,28,-209,9,31,-168,-7,25,-150,-10,2,-141,45,1,-202,13,9,-158,-3,3,-151,0,-21,-124,39,-16,-159,-6,-2,-108,-12,-9,-105,0,-44,-106,32,-30,-130,9,-19,-97,14,-29,-88,27
402,581,0,27,-48,-28,33,-119,-25,13,-173,-22,-18,-200,-8,24,-154,37,28,-213,7,30,-170,-9,25,-153,-11,1,-143,41,0,-206,9,7,-160,-6,2,-151,-3,-22,-126,35,-17,-162,-7,-3,-110,-12,-9,-105,1,-45,-109,28,-31,-132,8,-21,-99,15,-28,-90,28
401,582,0,27,-47,-29,32,-119,-26,14,-173,-23,-17,-200,-9,25,-154,36,29,-213,7,31,-171,-8,26,-153,-10,3,-144,41,2,-206,9,9,-160,-5,4,-151,-2,-21,-126,35,-16,-161,-7,-2,-110,-12,-8,-106,0,-43,-109,28,-31,-133,8,-20,-99,15,-27,-89,28
402,585,0,26,-47,-31,33,-119,-30,14,-173,-28,-17,-200,-16,24,-155,36,28,-212,5,30,-173,-11,25,-153,-13,1,-145,41,1,-206,9,7,-162,-6,3,-153,-2,-22,-128,36,-17,-160,-9,-4,-110,-14,-9,-105,0,-44,-111,29,-32,-134,7,-21,-100,15,-27,-90,29
403,581,0,25,-46,-30,33,-119,-30,14,-174,-28,-18,-200,-17,23,-158,33,26,-216,3,29,-173,-11,24,-156,-13,1,-148,37,0,-211,5,7,-164,-7,3,-154,-2,-23,-130,32,-18,-164,-10,-4,-113,-12,-9,-108,2,-45,-111,24,-33,-135,5,-21,-100,14,-27,-91,28
402,581,0,26,-45,-27,33,-117,-27,15,-173,-26,-16,-200,-16,25,-157,32,28,-215,2,30,-173,-11,25,-154,-12,2,-148,35,1,-207,3,8,-160,-8,4,-148,-2,-21,-129,28,-17,-163,-14,-3,-111,-14,-8,-103,2,-44,-111,21,-33,-136,0,-21,-101,10,-25,-89,26
403,584,0,25,-46,-30,32,-117,-29,14,-172,-26,-16,-200,-14,24,-157,37,27,-213,6,29,-173,-9,23,-153,-10,1,-146,42,0,-206,13,7,-163,1,3,-154,6,-22,-129,37,-17,-161,-5,-4,-112,-8,-10,-107,5,-44,-112,30,-32,-136,10,-22,-102,19,-27,-91,33
404,583,0,26,-46,-27,32,-119,-26,15,-174,-24,-16,-200,-12,23,-159,33,26,-218,3,28,-174,-11,23,-155,-13,0,-150,36,-1,-213,4,6,-166,-7,2,-153,-2,-23,-132,29,-18,-167,-12,-4,-115,-13,-9,-108,3,-45,-114,21,-34,-139,2,-22,-104,12,-27,-94,28
404,584,0,26,-47,-27,32,-119,-26,14,-174,-24,-16,-200,-13,23,-159,35,27,-214,6,28,-172,-8,22,-153,-9,0,-148,38,0,-209,8,8,-161,-3,3,-150,3,-23,-131,31,-17,-165,-10,-4,-113,-11,-10,-106,4,-45,-113,23,-34,-140,3,-22,-105,14,-28,-93,30
404,584,0,26,-49,-26,32,-120,-25,14,-174,-23,-16,-200,-12,24,-159,36,27,-215,7,29,-174,-7,23,-153,-9,1,-150,38,0,-210,8,7,-164,-3,3,-151,2,-22,-132,31,-18,-166,-10,-4,-115,-10,-9,-107,4,-45,-114,22,-34,-140,3,-22,-105,13,-27,-93,29
405,583,0,26,-48,-24,32,-119,-23,14,-174,-22,-16,-200,-12,23,-158,36,26,-215,6,28,-174,-8,22,-152,-10,0,-150,37,-2,-210,7,6,-164,-5,2,-150,0,-24,-132,28,-19,-166,-13,-5,-115,-14,-10,-105,1,-46,-113,19,-35,-141,-2,-23,-106,9,-29,-93,24
404,582,0,27,-48,-25,33,-118,-24,15,-172,-23,-15,-200,-14,23,-158,37,27,-213,8,28,-173,-8,23,-152,-9,0,-149,39,0,-209,9,7,-164,-3,3,-152,2,-23,-132,30,-18,-164,-12,-5,-114,-14,-10,-105,1,-46,-114,21,-34,-141,0,-23,-106,10,-29,-92,26
405,576,0,28,-47,-22,34,-120,-22,16,-176,-22,-16,-200,-14,23,-160,32,27,-218,4,29,-173,-9,23,-154,-11,0,-151,32,-2,-214,-1,6,-165,-11,2,-150,-5,-24,-133,23,-19,-170,-20,-5,-115,-18,-10,-102,0,-47,-113,13,-35,-142,-9,-24,-105,3,-30,-91,20
406,580,0,27,-49,-25,32,-121,-22,13,-175,-19,-17,-200,-6,22,-157,40,25,-213,13,27,-173,-1,22,-153,-3,0,-148,43,-2,-210,14,6,-165,2,1,-153,7,-24,-131,35,-19,-167,-6,-5,-115,-9,-10,-106,5,-47,-113,27,-35,-142,7,-23,-106,15,-30,-93,30
406,583,0,28,-50,-24,33,-121,-22,15,-175,-20,-16,-200,-8,23,-159,41,26,-215,14,28,-173,-1,23,-154,-3,0,-149,43,-2,-209,13,6,-162,0,1,-151,5,-24,-132,34,-19,-168,-7,-5,-116,-8,-11,-107,7,-47,-114,25,-34,-143,5,-23,-107,15,-29,-95,30
405,582,0,29,-50,-23,34,-121,-21,15,-176,-19,-15,-200,-8,22,-158,41,26,-214,12,28,-173,-3,23,-153,-5,-1,-150,41,-2,-211,10,6,-165,-2,2,-152,3,-25,-132,32,-19,-168,-10,-5,-115,-12,-10,-105,3,-48,-114,22,-35,-143,1,-23,-107,11,-29,-93,27
407,582,0,29,-51,-23,34,-123,-21,14,-176,-20,-17,-200,-9,22,-160,41,25,-217,12,27,-173,-3,22,-154,-5,-2,-150,41,-2,-210,9,5,-161,-4,1,-148,1,-26,-133,32,-20,-169,-11,-6,-115,-12,-11,-104,3,-49,-114,22,-37,-145,1,-25,-108,12,-30,-94,28
409,585,0,27,-51,-24,31,-122,-23,13,-175,-22,-18,-200,-11,20,-160,41,22,-214,12,25,-172,-4,20,-153,-7,-4,-151,42,-4,-210,10,4,-161,-3,0,-148,3,-27,-134,33,-22,-168,-9,-7,-115,-11,-12,-106,4,-49,-115,23,-38,-145,3,-26,-109,14,-31,-96,31
407,587,0,30,-52,-22,35,-123,-20,14,-178,-20,-18,-200,-10,22,-161,42,23,-215,12,27,-173,-4,22,-153,-7,-2,-152,41,-3,-209,9,6,-159,-5,0,-146,0,-26,-135,31,-21,-170,-13,-7,-116,-13,-12,-104,3,-49,-117,21,-37,-147,-1,-25,-111,10,-31,-96,28
407,584,0,31,-55,-23,36,-125,-21,14,-179,-21,-19,-200,-11,21,-163,47,24,-217,17,27,-174,-1,23,-154,-4,-3,-152,47,-4,-210,15,6,-160,-1,3,-146,3,-27,-135,38,-22,-170,-5,-6,-118,-8,-10,-106,7,-50,-116,27,-38,-147,7,-25,-111,18,-29,-94,35
407,587,0,31,-55,-21,36,-125,-18,15,-179,-17,-17,-200,-7,21,-164,51,23,-217,22,27,-176,5,22,-155,1,-2,-153,51,-4,-210,19,6,-162,3,3,-147,6,-26,-136,41,-22,-171,-2,-5,-118,-7,-9,-105,8,-50,-118,31,-37,-150,10,-24,-112,19,-28,-94,35
408,581,0,31,-52,-22,37,-124,-21,15,-179,-21,-18,-200,-12,23,-163,43,24,-219,15,27,-178,-1,24,-155,-4,-1,-154,44,-5,-214,12,5,-166,-2,3,-147,2,-25,-136,35,-23,-173,-8,-6,-119,-10,-8,-102,5,-49,-117,26,-38,-150,3,-25,-111,13,-27,-90,30
410,584,0,31,-55,-23,37,-126,-22,15,-180,-22,-19,-200,-13,22,-164,49,23,-218,18,26,-177,-1,22,-154,-5,-2,-153,50,-4,-210,17,6,-162,0,3,-147,3,-26,-135,40,-22,-170,-4,-6,-117,-9,-9,-103,5,-50,-117,30,-38,-149,9,-25,-112,18,-28,-93,35
410,584,0,33,-57,-22,37,-127,-20,15,-180,-19,-18,-200,-10,22,-166,54,23,-219,23,26,-178,2,23,-154,-2,-3,-153,54,-4,-211,21,5,-165,1,3,-148,4,-27,-135,44,-23,-170,0,-6,-118,-8,-9,-104,5,-50,-118,33,-38,-149,12,-24,-112,20,-28,-93,36
410,583,0,33,-55,-23,37,-126,-20,15,-180,-20,-17,-200,-10,22,-166,53,23,-219,24,27,-179,6,23,-157,2,-3,-154,54,-5,-213,22,5,-167,4,3,-151,8,-27,-136,44,-23,-171,0,-6,-118,-8,-8,-103,6,-50,-118,34,-37,-150,12,-24,-112,19,-27,-92,35
410,586,0,34,-57,-18,37,-127,-14,16,-181,-12,-17,-200,-3,22,-164,57,23,-218,31,27,-180,13,24,-157,9,-2,-153,56,-5,-212,27,5,-169,9,3,-150,10,-26,-136,46,-23,-173,5,-6,-121,-3,-8,-103,9,-50,-118,35,-37,-152,15,-23,-115,21,-25,-94,36
413,582,0,33,-56,-18,37,-126,-16,15,-182,-17,-18,-200,-11,21,-165,44,21,-223,19,26,-183,2,23,-157,-2,-3,-155,43,-8,-216,15,4,-170,-1,4,-147,1,-27,-137,34,-26,-175,-5,-8,-125,-9,-8,-102,4,-51,-116,24,-40,-153,3,-24,-116,12,-25,-92,27
415,589,0,32,-54,-21,37,-126,-20,15,-182,-20,-19,-200,-13,21,-165,46,20,-220,20,25,-182,3,23,-158,-1,-3,-155,47,-7,-212,19,5,-168,3,3,-148,5,-26,-138,38,-24,-173,-2,-7,-123,-7,-8,-103,7,-50,-118,29,-39,-154,8,-25,-118,17,-26,-94,33
421,593,0,32,-53,-21,37,-127,-21,16,-184,-24,-18,-200,-19,19,-167,38,19,-221,11,25,-183,-7,22,-156,-12,-4,-158,37,-10,-216,7,3,-171,-9,3,-149,-7,-28,-140,28,-26,-175,-13,-7,-125,-17,-8,-103,-3,-50,-120,18,-39,-156,-5,-24,-120,4,-24,-96,20
419,592,0,33,-53,-21,39,-125,-19,17,-182,-20,-16,-200,-14,21,-166,46,20,-220,19,26,-183,1,23,-158,-5,-3,-156,45,-9,-215,17,5,-172,0,5,-151,1,-26,-139,36,-24,-175,-5,-6,-126,-11,-6,-105,2,-49,-119,26,-37,-154,3,-21,-118,9,-22,-95,24
420,591,0,33,-53,-21,39,-126,-21,17,-184,-23,-16,-200,-17,21,-167,39,21,-222,13,26,-182,-5,24,-158,-10,-3,-158,39,-9,-217,9,5,-172,-7,5,-151,-5,-27,-141,30,-25,-176,-11,-6,-127,-15,-7,-104,-1,-50,-120,20,-37,-155,-3,-22,-119,5,-23,-95,20
421,588,0,32,-52,-21,38,-124,-22,17,-183,-25,-17,-200,-20,21,-166,36,20,-222,9,26,-183,-9,23,-156,-14,-3,-157,35,-9,-216,5,3,-172,-10,5,-148,-8,-27,-140,27,-25,-176,-14,-7,-125,-17,-7,-101,-3,-50,-118,18,-39,-155,-6,-23,-119,3,-24,-94,19
421,589,0,33,-53,-19,39,-126,-19,16,-185,-21,-18,-200,-16,22,-167,38,21,-224,12,26,-186,-5,23,-158,-10,-2,-159,37,-9,-218,8,3,-175,-8,3,-151,-6,-26,-141,28,-25,-177,-13,-7,-126,-17,-6,-101,-3,-49,-119,18,-39,-157,-6,-24,-121,3,-24,-95,18
421,587,0,33,-52,-21,39,-126,-21,16,-185,-23,-18,-200,-18,21,-167,36,21,-225,10,25,-186,-8,23,-158,-12,-3,-158,35,-10,-219,5,3,-175,-11,3,-150,-8,-27,-141,27,-25,-177,-15,-7,-126,-19,-6,-101,-5,-50,-119,17,-39,-156,-7,-24,-120,1,-24,-94,16
422,587,0,33,-52,-18,39,-127,-18,15,-185,-20,-20,-200,-16,22,-167,36,20,-225,10,25,-187,-8,23,-158,-13,-3,-159,34,-10,-220,5,2,-176,-11,3,-150,-10,-27,-141,24,-26,-178,-16,-8,-127,-20,-7,-101,-6,-50,-119,14,-40,-157,-10,-25,-121,-1,-24,-95,14
420,588,0,34,-53,-18,40,-127,-17,16,-185,-19,-19,-200,-15,22,-167,38,21,-225,12,27,-185,-6,24,-158,-11,-2,-158,36,-8,-218,6,4,-174,-10,4,-149,-8,-26,-141,26,-24,-178,-15,-6,-127,-18,-6,-101,-5,-50,-119,16,-39,-157,-8,-23,-120,1,-24,-94,16
422,587,0,32,-52,-19,38,-127,-19,15,-185,-21,-19,-200,-17,21,-167,38,20,-225,12,25,-186,-5,23,-158,-10,-3,-159,36,-10,-219,7,3,-175,-8,3,-150,-7,-27,-141,27,-26,-178,-13,-8,-127,-17,-8,-101,-3,-51,-119,18,-40,-156,-6,-24,-121,2,-24,-94,18
420,587,0,34,-53,-21,40,-127,-20,16,-184,-22,-19,-200,-16,22,-167,40,21,-225,13,27,-185,-6,24,-157,-11,-2,-158,40,-7,-218,9,5,-173,-7,4,-149,-5,-26,-140,30,-24,-176,-12,-6,-125,-16,-6,-103,-3,-50,-119,20,-39,-156,-3,-23,-119,5,-24,-94,20
423,588,0,32,-53,-21,37,-126,-20,15,-183,-21,-20,-200,-16,21,-167,42,20,-223,16,25,-185,-3,22,-158,-7,-4,-157,42,-9,-217,13,3,-174,-3,2,-151,-2,-27,-140,33,-26,-176,-8,-8,-125,-13,-8,-103,0,-51,-119,23,-40,-155,1,-25,-119,8,-25,-94,23
423,587,0,31,-52,-20,37,-125,-20,15,-182,-23,-18,-200,-18,21,-165,35,21,-221,7,26,-179,-10,23,-154,-15,-3,-156,34,-8,-215,1,3,-168,-14,3,-144,-11,-27,-139,24,-25,-175,-18,-8,-123,-19,-8,-100,-3,-50,-118,14,-39,-153,-10,-25,-116,1,-25,-93,18
424,587,0,31,-53,-21,37,-125,-22,16,-182,-24,-18,-200,-19,21,-166,36,21,-224,8,25,-181,-10,23,-156,-14,-3,-157,36,-7,-216,4,4,-168,-11,3,-147,-7,-27,-139,27,-25,-176,-15,-8,-123,-17,-8,-102,-1,-50,-119,17,-40,-155,-5,-25,-117,5,-26,-94,22
426,587,0,30,-50,-24,37,-124,-26,16,-182,-28,-18,-200,-23,21,-166,35,21,-222,4,26,-181,-13,23,-156,-17,-4,-156,35,-7,-214,3,5,-167,-11,3,-149,-7,-27,-139,27,-24,-173,-17,-6,-120,-19,-8,-102,-3,-50,-118,18,-38,-154,-6,-24,-116,4,-26,-93,22
428,588,0,30,-50,-22,36,-123,-24,15,-179,-26,-16,-200,-22,22,-164,34,21,-220,5,26,-182,-11,23,-157,-15,-2,-155,34,-8,-215,3,4,-170,-10,3,-151,-6,-25,-138,25,-23,-172,-18,-6,-122,-19,-7,-104,-3,-48,-117,16,-37,-151,-9,-23,-115,1,-25,-93,18
430,589,0,31,-50,-21,37,-123,-21,17,-180,-23,-16,-200,-19,23,-163,34,23,-220,7,27,-183,-9,23,-157,-13,-1,-156,34,-7,-217,4,4,-172,-9,3,-151,-5,-24,-139,25,-22,-174,-17,-6,-122,-18,-7,-101,-3,-48,-118,15,-37,-153,-9,-23,-115,2,-25,-92,19
438,593,0,31,-50,-23,38,-122,-25,16,-179,-28,-17,-200,-24,22,-165,32,22,-221,4,28,-180,-13,24,-155,-17,-1,-157,32,-6,-214,3,6,-168,-9,5,-148,-6,-25,-139,24,-22,-174,-18,-4,-123,-18,-6,-103,-2,-48,-118,16,-36,-151,-9,-22,-114,1,-24,-91,18
441,593,0,30,-51,-22,38,-124,-24,16,-180,-27,-18,-200,-22,22,-166,32,22,-222,5,27,-182,-12,24,-158,-16,-2,-157,32,-7,-216,3,5,-171,-10,4,-151,-7,-26,-139,23,-22,-175,-19,-5,-123,-20,-6,-103,-5,-49,-117,14,-36,-153,-11,-22,-116,0,-24,-92,17
443,596,0,31,-50,-23,40,-124,-24,19,-180,-26,-15,-200,-21,24,-165,33,24,-220,5,28,-182,-12,26,-157,-16,0,-157,33,-5,-215,4,7,-171,-9,5,-152,-6,-23,-140,25,-20,-175,-18,-3,-123,-20,-5,-104,-4,-47,-119,16,-35,-153,-9,-20,-115,0,-22,-93,17
446,597,0,31,-50,-23,40,-124,-25,19,-181,-27,-13,-200,-22,23,-164,34,24,-219,5,29,-177,-12,26,-155,-16,0,-157,33,-4,-214,2,8,-166,-11,6,-149,-8,-24,-140,25,-20,-175,-18,-4,-124,-19,-6,-105,-3,-48,-119,15,-34,-154,-9,-20,-117,2,-23,-96,19
465,588,0,32,-47,-21,44,-121,-24,21,-180,-28,-14,-200,-26,26,-163,24,27,-223,-6,31,-180,-22,28,-154,-26,1,-156,21,-2,-218,-11,9,-168,-23,7,-147,-19,-23,-139,12,-19,-176,-33,-2,-121,-31,-4,-100,-14,-47,-119,2,-35,-154,-26,-20,-115,-14,-22,-92,4
465,589,0,34,-46,-20,45,-122,-22,22,-182,-26,-13,-200,-23,27,-163,21,27,-226,-7,33,-182,-22,30,-154,-26,2,-157,18,-2,-220,-13,10,-171,-24,9,-148,-20,-22,-141,8,-19,-179,-35,0,-124,-32,-2,-101,-15,-46,-119,-2,-34,-156,-29,-18,-116,-17,-21,-92,0
466,590,0,34,-46,-19,45,-120,-22,21,-179,-27,-12,-200,-25,27,-162,22,27,-223,-8,32,-182,-24,29,-154,-29,2,-156,19,-2,-219,-12,10,-172,-24,7,-149,-22,-22,-140,8,-18,-178,-35,0,-123,-34,-3,-101,-17,-46,-119,-2,-33,-156,-30,-18,-116,-19,-21,-92,-2
466,588,0,34,-47,-19,45,-120,-22,22,-178,-26,-12,-200,-24,27,-162,23,28,-223,-6,33,-181,-22,28,-153,-27,2,-156,20,-2,-220,-12,9,-172,-24,7,-149,-21,-22,-140,10,-17,-177,-35,0,-122,-34,-2,-100,-17,-47,-120,-1,-33,-155,-29,-18,-114,-19,-21,-90,-3
467,588,0,33,-47,-21,45,-120,-25,21,-177,-30,-12,-200,-29,27,-162,23,28,-224,-8,33,-181,-25,28,-152,-29,1,-155,20,-1,-218,-13,10,-168,-26,8,-146,-22,-23,-140,10,-18,-175,-35,-1,-120,-34,-3,-97,-17,-47,-119,0,-34,-155,-28,-20,-114,-17,-22,-91,1
466,588,0,33,-45,-21,46,-119,-24,21,-177,-30,-13,-200,-28,27,-162,19,29,-223,-12,34,-180,-29,29,-153,-33,2,-155,16,-1,-217,-18,11,-166,-30,9,-144,-25,-23,-139,6,-18,-176,-41,0,-119,-38,-3,-98,-20,-47,-119,-5,-34,-153,-34,-19,-112,-23,-23,-90,-5
466,587,0,34,-45,-22,46,-118,-26,20,-176,-32,-13,-200,-30,27,-162,20,28,-222,-11,33,-179,-28,29,-151,-33,1,-155,18,-2,-218,-16,11,-168,-28,8,-145,-24,-23,-139,8,-19,-177,-38,0,-120,-36,-3,-99,-19,-48,-118,-3,-34,-153,-32,-19,-113,-21,-23,-90,-4
468,587,0,32,-46,-23,44,-119,-28,18,-177,-34,-16,-200,-34,25,-162,18,25,-223,-15,32,-179,-33,27,-150,-37,0,-156,15,-4,-218,-18,9,-167,-30,6,-144,-26,-24,-139,5,-21,-178,-40,-2,-121,-37,-4,-99,-19,-49,-118,-5,-35,-154,-33,-20,-113,-22,-24,-91,-4
468,587,0,33,-45,-23,44,-118,-29,17,-175,-36,-17,-200,-36,24,-161,16,25,-222,-17,32,-177,-35,28,-150,-40,-1,-154,13,-4,-218,-21,8,-167,-33,5,-143,-30,-25,-138,4,-21,-177,-42,-2,-122,-39,-5,-100,-21,-48,-117,-7,-35,-154,-35,-20,-113,-24,-24,-91,-6
468,587,0,34,-46,-25,45,-118,-31,16,-174,-38,-17,-200,-37,24,-160,20,25,-220,-14,31,-177,-33,27,-147,-38,-1,-154,18,-5,-217,-16,8,-168,-29,5,-144,-25,-25,-138,9,-21,-176,-38,-2,-121,-36,-5,-100,-19,-48,-116,-2,-34,-153,-31,-19,-113,-20,-23,-91,-3
469,586,0,33,-46,-24,45,-118,-31,15,-174,-38,-17,-200,-38,25,-160,16,25,-222,-17,31,-177,-34,28,-147,-40,0,-154,14,-6,-218,-19,8,-169,-31,6,-144,-28,-24,-138,5,-22,-179,-40,-2,-124,-37,-4,-101,-20,-48,-117,-5,-35,-154,-34,-18,-115,-23,-21,-92,-6
470,587,0,34,-47,-25,45,-118,-32,15,-173,-40,-17,-200,-41,25,-159,13,24,-220,-20,31,-176,-38,27,-145,-44,-1,-153,11,-6,-218,-22,8,-168,-34,6,-142,-31,-25,-137,2,-23,-180,-41,-3,-126,-38,-4,-103,-22,-48,-116,-9,-36,-154,-37,-19,-116,-26,-21,-92,-10
471,587,0,33,-45,-26,44,-117,-34,13,-172,-42,-18,-200,-43,24,-159,13,23,-220,-20,30,-176,-39,27,-146,-45,-2,-153,12,-7,-217,-21,7,-168,-33,5,-142,-30,-25,-137,3,-24,-180,-41,-4,-126,-37,-5,-102,-21,-48,-116,-7,-36,-155,-36,-19,-117,-25,-22,-93,-8
472,586,0,33,-45,-27,44,-116,-35,12,-170,-44,-17,-200,-45,23,-159,12,23,-219,-22,30,-175,-41,27,-144,-47,-2,-152,10,-7,-217,-23,6,-166,-35,5,-140,-33,-26,-137,1,-24,-178,-43,-4,-126,-39,-5,-102,-23,-49,-115,-9,-37,-153,-38,-20,-115,-28,-22,-91,-11
470,587,0,33,-45,-27,45,-117,-35,13,-171,-44,-17,-200,-45,25,-159,11,25,-219,-22,32,-176,-40,29,-146,-46,0,-153,10,-6,-218,-24,8,-168,-36,6,-142,-33,-24,-137,1,-23,-180,-43,-2,-127,-40,-4,-103,-23,-47,-116,-9,-35,-154,-38,-18,-116,-28,-20,-93,-12
471,588,0,33,-45,-25,44,-116,-32,13,-170,-40,-17,-200,-40,25,-157,14,24,-219,-19,31,-174,-36,28,-144,-42,0,-151,12,-5,-217,-21,8,-166,-33,6,-140,-30,-24,-136,2,-23,-179,-41,-3,-125,-38,-4,-102,-21,-47,-115,-8,-35,-154,-36,-19,-115,-26,-20,-92,-10
471,590,0,33,-45,-25,43,-116,-33,13,-170,-41,-17,-200,-42,25,-158,14,24,-218,-19,31,-174,-38,28,-145,-44,0,-152,11,-5,-217,-22,8,-166,-34,6,-140,-32,-24,-137,2,-23,-179,-42,-3,-127,-39,-4,-104,-23,-47,-116,-9,-35,-154,-37,-18,-116,-27,-20,-93,-11
470,589,0,34,-46,-26,45,-116,-34,13,-169,-42,-16,-200,-43,25,-158,12,24,-219,-21,31,-175,-40,28,-145,-46,0,-152,10,-5,-217,-23,8,-168,-36,7,-140,-34,-24,-137,1,-23,-180,-43,-3,-128,-40,-3,-104,-24,-47,-115,-10,-35,-155,-39,-18,-115,-29,-19,-91,-13
470,588,0,33,-46,-26,44,-116,-33,13,-169,-41,-16,-200,-42,25,-158,13,25,-217,-20,31,-174,-39,28,-144,-45,0,-153,11,-5,-218,-22,8,-169,-35,6,-143,-32,-24,-138,1,-22,-179,-42,-2,-128,-40,-3,-104,-24,-47,-117,-9,-35,-155,-38,-17,-116,-28,-19,-93,-12
469,586,0,34,-46,-26,45,-116,-33,13,-170,-41,-16,-200,-42,26,-158,14,26,-219,-20,32,-175,-38,29,-145,-44,0,-152,12,-5,-219,-22,8,-168,-35,7,-140,-32,-24,-137,2,-23,-178,-42,-2,-126,-40,-2,-101,-23,-47,-116,-8,-36,-155,-37,-19,-116,-27,-19,-93,-10
469,586,0,34,-46,-25,44,-116,-33,13,-169,-40,-16,-200,-40,25,-157,15,25,-217,-17,31,-174,-35,28,-144,-41,0,-151,13,-6,-217,-20,8,-168,-32,6,-141,-30,-24,-136,4,-24,-178,-40,-3,-127,-37,-3,-104,-21,-47,-115,-7,-36,-154,-35,-18,-117,-25,-19,-94,-9
469,586,0,33,-46,-25,44,-116,-33,13,-170,-41,-17,-200,-41,25,-157,13,25,-219,-20,31,-175,-38,28,-145,-44,-1,-152,11,-6,-218,-22,7,-168,-34,6,-142,-32,-24,-137,2,-24,-179,-42,-4,-126,-39,-4,-103,-23,-48,-115,-9,-36,-154,-37,-19,-116,-27,-20,-93,-11
469,587,0,33,-46,-25,44,-117,-33,12,-170,-41,-17,-200,-41,24,-159,14,24,-218,-19,30,-175,-37,28,-145,-43,-1,-152,11,-7,-217,-22,7,-167,-34,6,-140,-31,-25,-137,2,-24,-179,-42,-4,-127,-39,-4,-103,-22,-47,-116,-9,-36,-155,-37,-19,-117,-27,-20,-93,-11
469,586,0,33,-46,-26,43,-117,-34,12,-170,-43,-17,-200,-44,24,-159,12,23,-219,-22,30,-175,-40,28,-145,-46,-2,-152,10,-7,-217,-23,6,-169,-35,6,-142,-33,-25,-137,0,-24,-179,-43,-4,-128,-40,-4,-104,-24,-48,-115,-10,-37,-154,-39,-19,-116,-29,-20,-92,-13
469,587,0,33,-46,-26,43,-117,-34,12,-170,-43,-17,-200,-45,24,-159,11,23,-219,-22,31,-176,-40,28,-146,-47,-2,-152,9,-7,-218,-24,8,-169,-36,6,-142,-34,-25,-137,-1,-24,-180,-43,-4,-129,-40,-4,-105,-24,-47,-116,-11,-36,-155,-39,-18,-118,-29,-20,-94,-14
470,587,0,33,-46,-24,42,-116,-32,12,-170,-41,-17,-200,-43,23,-157,11,23,-217,-21,31,-176,-39,28,-146,-45,-2,-151,9,-7,-217,-24,7,-168,-35,5,-141,-33,-25,-136,-1,-24,-181,-43,-4,-129,-39,-5,-106,-24,-48,-115,-12,-36,-155,-40,-19,-118,-30,-20,-94,-14
470,586,0,33,-45,-25,43,-116,-33,13,-170,-41,-17,-200,-42,24,-157,11,23,-217,-20,31,-175,-38,29,-145,-44,0,-151,9,-7,-215,-22,8,-167,-34,6,-141,-33,-24,-136,0,-24,-180,-42,-4,-130,-39,-4,-107,-24,-47,-115,-11,-35,-156,-38,-17,-119,-29,-19,-95,-13
471,584,0,33,-45,-25,43,-117,-33,12,-170,-42,-18,-200,-43,25,-159,11,23,-219,-21,31,-176,-39,29,-146,-46,-1,-152,8,-7,-217,-23,7,-168,-34,6,-142,-33,-25,-137,-1,-24,-180,-42,-4,-130,-38,-4,-107,-23,-48,-115,-11,-36,-154,-38,-18,-118,-28,-19,-95,-13
471,586,0,33,-46,-25,43,-116,-33,12,-170,-41,-17,-200,-42,25,-158,13,23,-217,-18,31,-175,-36,29,-147,-43,0,-152,11,-6,-216,-20,8,-168,-32,7,-143,-30,-24,-137,2,-23,-180,-39,-3,-130,-36,-4,-108,-21,-46,-115,-8,-34,-154,-35,-17,-118,-26,-19,-95,-10
472,586,0,33,-46,-26,43,-116,-34,12,-170,-42,-17,-200,-43,24,-158,12,23,-218,-20,31,-176,-39,28,-146,-46,-1,-152,10,-7,-217,-21,7,-168,-33,6,-142,-32,-24,-137,1,-24,-180,-40,-4,-130,-37,-4,-106,-22,-47,-116,-9,-36,-154,-37,-18,-117,-27,-19,-93,-12
471,586,0,33,-45,-26,43,-116,-33,12,-169,-41,-16,-200,-41,25,-158,12,23,-217,-20,31,-174,-38,28,-145,-44,0,-152,10,-6,-216,-21,8,-166,-33,6,-141,-30,-24,-137,1,-23,-179,-40,-3,-128,-36,-4,-106,-21,-46,-116,-9,-35,-154,-36,-18,-116,-26,-19,-94,-10
471,585,0,33,-45,-25,43,-116,-33,12,-169,-41,-16,-200,-42,25,-157,13,23,-217,-20,30,-174,-38,28,-144,-44,0,-151,11,-6,-215,-21,8,-167,-33,6,-140,-31,-24,-137,2,-23,-179,-40,-3,-128,-37,-4,-105,-21,-47,-115,-8,-35,-154,-36,-18,-116,-26,-19,-93,-11
471,585,0,33,-46,-25,43,-116,-33,12,-170,-41,-17,-200,-42,24,-158,13,23,-218,-20,30,-175,-38,27,-145,-44,-1,-152,11,-7,-217,-21,6,-168,-33,6,-142,-31,-24,-137,2,-24,-179,-40,-4,-129,-37,-4,-105,-22,-47,-116,-9,-36,-155,-36,-19,-117,-27,-20,-94,-11
470,585,0,33,-46,-26,43,-116,-34,12,-169,-42,-16,-200,-43,24,-157,12,23,-216,-20,30,-174,-38,28,-144,-44,-1,-151,10,-7,-215,-21,7,-167,-33,6,-141,-31,-24,-136,2,-24,-178,-40,-4,-128,-37,-4,-105,-22,-47,-115,-9,-36,-154,-36,-18,-117,-27,-19,-93,-11
470,584,0,33,-45,-26,44,-116,-34,13,-169,-42,-16,-200,-43,24,-158,10,24,-218,-22,31,-176,-39,28,-146,-46,-1,-152,8,-7,-218,-23,7,-170,-34,6,-144,-33,-25,-137,-1,-24,-180,-42,-3,-130,-39,-4,-106,-23,-47,-116,-11,-35,-154,-38,-18,-118,-28,-19,-94,-13
470,583,0,33,-46,-25,43,-116,-33,12,-169,-42,-17,-200,-43,24,-158,12,23,-218,-21,31,-176,-39,28,-145,-45,-1,-152,10,-7,-218,-22,7,-169,-34,6,-142,-32,-25,-136,1,-24,-180,-41,-4,-129,-38,-3,-105,-23,-47,-115,-10,-36,-155,-37,-19,-117,-27,-20,-94,-12
470,583,0,32,-45,-25,43,-116,-33,12,-169,-41,-17,-200,-42,24,-157,13,23,-218,-19,31,-175,-38,27,-145,-44,-1,-151,11,-7,-218,-20,6,-169,-32,6,-142,-30,-25,-137,2,-24,-179,-39,-4,-128,-36,-4,-105,-21,-47,-115,-8,-36,-154,-35,-19,-117,-25,-19,-94,-10
470,584,0,32,-46,-25,42,-117,-33,11,-170,-42,-17,-200,-43,23,-158,13,23,-217,-19,29,-175,-38,26,-144,-44,-2,-151,11,-7,-217,-20,6,-169,-33,5,-143,-31,-25,-136,2,-24,-178,-39,-4,-128,-37,-4,-105,-22,-47,-115,-9,-36,-154,-35,-19,-117,-26,-20,-93,-10
469,584,0,33,-46,-25,43,-117,-32,12,-170,-41,-18,-200,-42,23,-159,12,22,-219,-20,30,-177,-38,27,-147,-44,-2,-153,10,-9,-219,-21,5,-172,-33,5,-145,-31,-25,-137,1,-25,-179,-41,-4,-129,-38,-4,-106,-23,-48,-116,-10,-37,-155,-37,-20,-119,-26,-21,-95,-11
470,586,0,32,-46,-25,41,-117,-33,11,-170,-41,-19,-200,-42,21,-159,14,21,-218,-18,28,-176,-37,25,-146,-44,-4,-153,12,-10,-217,-19,5,-171,-31,3,-146,-30,-27,-137,3,-26,-179,-38,-5,-130,-35,-6,-107,-21,-49,-115,-7,-37,-154,-34,-19,-119,-25,-21,-95,-9
468,586,0,32,-46,-27,41,-118,-34,11,-171,-42,-20,-200,-42,23,-159,15,21,-218,-18,29,-175,-36,26,-147,-43,-2,-153,14,-9,-216,-18,6,-168,-30,5,-144,-28,-26,-138,5,-25,-180,-37,-4,-130,-34,-5,-109,-19,-47,-116,-5,-36,-153,-33,-18,-116,-23,-20,-94,-8
466,585,0,32,-46,-25,42,-117,-33,12,-170,-41,-18,-200,-42,23,-158,13,22,-217,-19,30,-176,-37,27,-146,-44,-1,-152,11,-8,-217,-19,6,-171,-32,5,-146,-30,-24,-138,2,-24,-180,-39,-4,-131,-36,-4,-108,-22,-47,-117,-8,-35,-154,-36,-18,-117,-27,-19,-94,-12
466,584,0,32,-46,-25,42,-117,-32,11,-170,-40,-17,-200,-41,23,-158,14,22,-217,-18,30,-174,-36,27,-145,-43,-2,-151,12,-9,-216,-19,6,-169,-31,5,-144,-30,-25,-136,2,-24,-178,-39,-4,-129,-36,-4,-108,-22,-48,-114,-8,-35,-153,-36,-18,-117,-26,-20,-94,-11
466,584,0,32,-47,-24,40,-117,-31,10,-170,-38,-19,-200,-38,23,-158,17,21,-217,-14,29,-174,-32,27,-146,-39,-2,-152,15,-8,-215,-15,6,-168,-27,5,-144,-26,-25,-136,6,-25,-180,-34,-4,-131,-32,-5,-109,-17,-48,-115,-4,-36,-153,-31,-19,-117,-22,-20,-95,-7
464,585,0,32,-48,-24,41,-117,-30,11,-170,-37,-17,-200,-37,24,-157,18,22,-215,-12,30,-174,-31,27,-145,-37,-1,-151,17,-7,-214,-13,6,-169,-25,6,-145,-24,-24,-136,8,-24,-178,-32,-4,-131,-30,-4,-109,-16,-46,-115,-3,-34,-153,-29,-17,-117,-20,-19,-94,-6
462,585,0,33,-48,-25,42,-118,-32,12,-171,-39,-18,-200,-40,25,-158,17,23,-217,-14,30,-175,-33,28,-146,-40,0,-152,15,-7,-215,-15,7,-169,-28,6,-144,-27,-24,-137,6,-23,-178,-34,-4,-130,-32,-4,-108,-18,-47,-115,-4,-35,-154,-30,-18,-118,-21,-20,-95,-5
460,583,0,33,-47,-26,43,-117,-33,12,-170,-41,-17,-200,-41,25,-157,17,24,-217,-16,31,-174,-35,28,-145,-41,0,-151,15,-6,-216,-17,7,-169,-31,6,-143,-29,-24,-136,6,-23,-178,-36,-4,-128,-35,-3,-105,-20,-47,-115,-4,-36,-153,-32,-20,-117,-22,-20,-93,-7
459,581,0,33,-47,-24,43,-118,-31,10,-171,-39,-19,-200,-40,25,-160,14,23,-221,-17,31,-179,-35,28,-148,-41,0,-152,12,-8,-219,-18,6,-172,-31,6,-144,-29,-24,-137,3,-26,-180,-37,-5,-131,-35,-4,-106,-20,-48,-114,-7,-39,-156,-33,-21,-119,-23,-21,-94,-8
456,580,0,34,-47,-25,44,-117,-33,11,-170,-41,-19,-200,-43,25,-158,14,24,-219,-19,31,-176,-38,28,-146,-45,-1,-151,12,-6,-216,-19,8,-167,-32,7,-142,-30,-24,-136,3,-24,-179,-38,-4,-129,-35,-4,-104,-20,-48,-114,-7,-38,-155,-34,-20,-118,-24,-21,-93,-8
454,579,0,33,-47,-24,43,-117,-32,10,-170,-39,-19,-200,-40,25,-159,13,23,-220,-18,30,-176,-37,27,-146,-44,-2,-152,11,-7,-216,-19,7,-167,-31,5,-142,-29,-25,-135,2,-26,-179,-37,-5,-129,-33,-6,-106,-18,-48,-113,-8,-39,-154,-34,-22,-117,-23,-22,-93,-8
440,580,0,32,-48,-27,41,-120,-34,9,-172,-40,-23,-199,-37,22,-162,16,20,-221,-16,28,-174,-33,26,-147,-38,-4,-153,17,-8,-214,-14,7,-160,-24,3,-141,-21,-29,-134,9,-27,-176,-31,-6,-123,-27,-11,-109,-11,-52,-112,-1,-40,-148,-23,-25,-113,-12,-31,-96,4
440,580,0,32,-48,-28,40,-120,-35,9,-173,-41,-24,-199,-38,21,-162,17,20,-220,-16,29,-174,-33,26,-149,-38,-5,-153,17,-8,-214,-14,7,-162,-24,2,-143,-21,-29,-135,9,-26,-176,-31,-6,-124,-27,-12,-110,-12,-52,-113,0,-40,-147,-24,-25,-112,-13,-32,-96,3
440,580,0,32,-48,-28,40,-120,-35,10,-173,-41,-24,-199,-38,20,-162,17,20,-220,-15,28,-174,-31,24,-150,-35,-5,-153,17,-8,-212,-13,6,-159,-22,2,-142,-18,-29,-134,10,-26,-175,-31,-6,-122,-26,-12,-108,-10,-52,-112,1,-40,-146,-23,-25,-110,-11,-32,-95,4
439,582,0,31,-48,-27,39,-120,-33,11,-173,-38,-23,-199,-36,20,-161,21,20,-219,-11,28,-175,-27,24,-150,-31,-6,-152,22,-8,-211,-9,7,-158,-18,1,-142,-14,-29,-134,14,-25,-174,-27,-5,-120,-23,-11,-107,-6,-52,-113,4,-39,-146,-18,-24,-111,-7,-31,-96,9
437,583,0,31,-47,-29,40,-120,-35,11,-174,-41,-22,-199,-37,20,-163,19,20,-219,-13,29,-175,-28,25,-153,-31,-6,-154,20,-6,-210,-10,8,-158,-19,2,-144,-14,-29,-135,13,-23,-172,-29,-4,-119,-25,-10,-107,-9,-51,-113,4,-38,-146,-20,-23,-110,-9,-31,-96,7
436,584,0,32,-48,-26,40,-122,-31,13,-176,-35,-22,-199,-30,21,-164,23,21,-221,-8,28,-176,-23,24,-154,-27,-5,-155,24,-6,-212,-7,7,-159,-16,1,-145,-12,-29,-136,15,-24,-174,-26,-4,-120,-22,-12,-109,-6,-52,-114,6,-39,-148,-16,-24,-111,-5,-32,-96,11
434,586,0,32,-49,-26,39,-121,-30,14,-176,-33,-20,-200,-27,21,-162,26,22,-220,-5,29,-175,-20,24,-153,-24,-4,-153,27,-5,-211,-4,8,-158,-14,2,-145,-9,-28,-136,19,-23,-172,-23,-4,-118,-21,-10,-108,-5,-51,-115,10,-37,-147,-12,-23,-111,-1,-31,-95,15
433,588,0,31,-48,-26,39,-121,-29,15,-177,-33,-19,-200,-27,20,-162,28,22,-219,-2,29,-176,-17,24,-154,-20,-4,-153,29,-6,-210,-2,7,-158,-12,2,-145,-6,-27,-136,21,-23,-172,-21,-4,-119,-19,-10,-108,-3,-51,-116,12,-37,-147,-10,-23,-111,1,-30,-97,17
430,591,0,33,-52,-25,40,-124,-27,18,-179,-29,-16,-200,-22,21,-166,35,23,-220,4,29,-174,-14,24,-154,-19,-4,-155,35,-4,-212,2,8,-160,-12,2,-149,-8,-28,-137,26,-22,-171,-16,-4,-118,-17,-10,-111,-2,-51,-118,16,-37,-147,-4,-23,-112,7,-30,-99,22
431,594,0,32,-51,-24,38,-124,-24,16,-179,-25,-17,-200,-16,19,-165,39,23,-217,10,28,-173,-6,21,-156,-9,-5,-155,39,-4,-210,8,7,-158,-5,1,-149,-1,-28,-137,30,-22,-171,-12,-4,-118,-13,-11,-111,1,-51,-118,20,-37,-148,0,-24,-113,10,-31,-100,25
430,591,0,32,-49,-22,38,-124,-23,17,-180,-24,-17,-200,-16,20,-166,30,22,-219,1,28,-171,-13,22,-156,-17,-4,-155,29,-4,-213,-4,8,-158,-15,1,-147,-10,-28,-137,19,-22,-176,-23,-4,-119,-20,-12,-109,-4,-51,-117,8,-37,-149,-13,-23,-112,-1,-31,-99,15
428,591,0,34,-51,-23,39,-126,-23,18,-181,-23,-16,-200,-13,20,-168,35,23,-221,6,29,-173,-11,23,-157,-15,-4,-157,35,-4,-213,3,9,-159,-10,2,-149,-6,-28,-138,26,-22,-174,-16,-3,-119,-16,-10,-111,-1,-51,-119,16,-37,-149,-4,-23,-113,7,-30,-100,23
426,591,0,33,-50,-24,39,-125,-24,19,-180,-24,-15,-200,-15,20,-167,35,24,-220,4,29,-171,-13,24,-154,-17,-4,-154,35,-2,-212,1,9,-156,-12,3,-145,-8,-27,-136,26,-21,-172,-16,-4,-117,-17,-10,-109,-1,-50,-118,16,-36,-148,-2,-23,-112,9,-30,-100,25
424,588,0,33,-49,-25,40,-123,-28,19,-179,-30,-16,-200,-23,22,-167,28,23,-223,-5,30,-175,-22,25,-154,-26,-4,-155,28,-4,-214,-6,9,-158,-18,3,-145,-13,-28,-137,20,-22,-172,-23,-4,-117,-22,-10,-108,-6,-50,-117,10,-37,-148,-9,-23,-112,2,-30,-98,19
420,586,0,33,-49,-24,41,-124,-27,17,-181,-29,-17,-200,-23,23,-164,27,24,-220,-3,31,-175,-18,27,-154,-21,-2,-155,27,-3,-212,-5,10,-160,-15,5,-145,-9,-26,-136,18,-21,-173,-25,-2,-118,-23,-9,-106,-6,-49,-117,7,-36,-149,-14,-22,-113,-3,-30,-98,13
404,578,0,32,-47,-22,38,-124,-23,16,-182,-25,-18,-200,-18,20,-164,27,22,-220,-2,28,-171,-17,23,-153,-20,-5,-154,25,-5,-212,-8,8,-156,-18,2,-143,-12,-28,-136,16,-23,-174,-26,-5,-118,-22,-11,-105,-5,-51,-116,5,-37,-150,-16,-24,-113,-3,-31,-99,14
402,578,0,31,-48,-22,40,-124,-25,18,-182,-27,-17,-200,-22,20,-164,25,22,-220,-5,28,-170,-19,24,-152,-23,-4,-155,23,-4,-213,-10,8,-156,-20,2,-142,-15,-27,-137,14,-23,-175,-27,-5,-120,-23,-11,-107,-6,-50,-116,4,-37,-150,-16,-24,-114,-4,-31,-100,13
401,576,0,31,-47,-24,39,-123,-26,17,-179,-28,-17,-200,-21,21,-164,26,22,-219,-5,28,-170,-20,24,-152,-24,-4,-154,26,-4,-211,-7,8,-155,-18,2,-143,-13,-27,-136,17,-23,-173,-25,-5,-117,-22,-11,-107,-5,-51,-116,7,-37,-148,-14,-24,-112,-2,-31,-98,15
399,578,0,31,-47,-23,39,-122,-25,18,-179,-27,-15,-200,-21,21,-163,26,23,-217,-3,29,-171,-18,24,-153,-21,-3,-154,25,-2,-209,-6,9,-154,-16,3,-143,-11,-26,-136,16,-21,-173,-25,-4,-119,-21,-10,-109,-5,-49,-116,7,-36,-149,-14,-22,-114,-2,-30,-100,14
398,579,0,31,-47,-23,39,-122,-25,18,-179,-27,-14,-200,-20,22,-163,25,23,-219,-4,29,-170,-19,25,-152,-22,-2,-154,25,-2,-211,-7,10,-155,-17,3,-143,-12,-26,-136,16,-21,-175,-25,-3,-120,-20,-10,-109,-4,-49,-117,6,-36,-150,-14,-22,-114,-2,-30,-100,15
398,580,0,33,-50,-20,40,-125,-19,18,-180,-18,-15,-200,-9,22,-164,33,23,-217,5,29,-171,-10,24,-153,-15,-3,-153,32,-3,-209,2,9,-156,-10,3,-144,-7,-27,-136,23,-22,-175,-17,-5,-120,-16,-11,-109,-1,-50,-117,13,-37,-150,-6,-24,-113,5,-31,-99,20
396,582,0,34,-48,-20,41,-124,-18,19,-180,-18,-14,-200,-9,23,-163,33,25,-217,5,31,-171,-9,25,-152,-13,-1,-153,32,-2,-210,1,9,-157,-10,3,-144,-6,-25,-136,22,-20,-174,-17,-3,-120,-16,-9,-109,-1,-48,-118,12,-35,-151,-7,-22,-115,4,-30,-100,20
