354,983,0,38,-41,-34,54,-112,-45,20,-165,-54,-15,-200,-60,49,-184,-9,52,-260,-28,49,-311,-42,45,-354,-50,15,-188,-9,21,-275,-32,25,-330,-47,27,-377,-52,-17,-171,-14,-24,-226,-58,-14,-176,-64,-8,-137,-53,-45,-143,-22,-47,-181,-57,-37,-148,-55,-34,-119,-44
330,853,0,36,-53,-54,41,-119,-59,15,-162,-57,-13,-200,-50,48,-175,14,50,-243,10,48,-290,2,45,-327,-4,20,-174,28,23,-250,22,24,-303,5,24,-347,-4,-8,-160,30,-17,-205,-6,-11,-172,-36,-5,-148,-42,-33,-144,28,-42,-174,-4,-37,-155,-22,-33,-139,-28
330,854,0,36,-53,-56,42,-117,-63,17,-161,-66,-12,-200,-62,49,-176,12,51,-244,7,49,-292,-1,45,-330,-6,20,-174,24,24,-251,19,25,-304,3,25,-350,-6,-9,-161,26,-17,-206,-11,-11,-173,-40,-5,-148,-46,-35,-146,22,-43,-176,-11,-38,-157,-29,-34,-140,-35
332,854,0,36,-55,-52,40,-121,-58,15,-163,-59,-14,-200,-54,48,-179,17,50,-248,12,48,-296,3,46,-334,-3,19,-177,27,24,-254,20,24,-308,1,24,-354,-9,-9,-163,26,-18,-208,-13,-12,-173,-44,-6,-147,-51,-36,-148,22,-44,-177,-13,-40,-157,-33,-35,-140,-40
332,851,0,37,-55,-52,41,-120,-58,15,-163,-61,-13,-200,-58,49,-177,13,52,-246,5,50,-295,-7,47,-334,-15,21,-176,23,25,-251,12,26,-306,-9,25,-353,-21,-9,-162,22,-18,-208,-18,-11,-171,-48,-5,-145,-55,-36,-147,18,-43,-176,-17,-38,-155,-35,-34,-138,-41
332,850,0,36,-54,-53,40,-119,-59,14,-161,-60,-13,-200,-56,50,-177,12,53,-246,3,51,-294,-9,48,-333,-17,21,-175,22,26,-251,11,27,-306,-11,27,-353,-24,-9,-161,21,-17,-206,-20,-12,-170,-52,-5,-145,-60,-36,-146,17,-44,-175,-20,-40,-155,-39,-35,-139,-46
332,850,0,36,-54,-50,38,-118,-56,12,-160,-58,-14,-200,-55,50,-175,14,53,-242,5,51,-290,-7,48,-328,-16,21,-173,22,25,-249,11,27,-304,-11,27,-351,-24,-9,-159,20,-18,-203,-22,-11,-167,-54,-5,-142,-61,-37,-144,14,-44,-172,-23,-40,-152,-42,-36,-137,-49
332,851,0,36,-56,-52,39,-119,-58,13,-161,-61,-13,-200,-58,51,-176,12,53,-244,3,51,-293,-9,49,-332,-18,21,-174,22,26,-248,11,27,-304,-10,27,-352,-23,-9,-160,20,-17,-205,-20,-11,-170,-51,-5,-146,-58,-35,-144,15,-43,-172,-20,-39,-154,-39,-35,-139,-45
332,851,0,35,-54,-53,38,-118,-60,13,-160,-62,-13,-200,-59,50,-176,11,53,-244,2,52,-292,-11,49,-330,-20,21,-174,21,26,-248,10,27,-303,-11,27,-351,-23,-9,-160,20,-17,-204,-21,-11,-170,-52,-4,-146,-60,-36,-145,14,-44,-172,-21,-40,-154,-41,-36,-141,-48
332,855,0,35,-54,-54,37,-119,-63,14,-161,-67,-13,-200,-65,51,-175,7,53,-245,-3,52,-294,-16,50,-332,-26,22,-173,17,27,-249,6,28,-304,-15,29,-352,-29,-8,-160,17,-16,-209,-24,-11,-174,-55,-6,-148,-63,-35,-145,12,-43,-176,-24,-39,-157,-44,-34,-141,-50
332,856,0,34,-51,-58,37,-116,-65,14,-161,-64,-13,-200,-58,52,-175,3,55,-244,-6,54,-292,-18,52,-331,-26,23,-173,18,28,-249,10,29,-304,-11,30,-351,-24,-7,-161,22,-16,-208,-15,-12,-175,-48,-6,-151,-56,-33,-146,22,-42,-177,-11,-38,-159,-30,-33,-144,-38
333,856,0,33,-50,-57,36,-115,-64,13,-158,-64,-12,-200,-59,51,-171,1,56,-240,-10,54,-288,-24,53,-327,-34,23,-171,15,29,-245,3,30,-299,-19,30,-346,-32,-7,-159,17,-16,-205,-23,-12,-171,-55,-6,-147,-62,-33,-145,16,-41,-175,-20,-37,-155,-38,-31,-140,-45
333,856,0,33,-49,-58,36,-113,-66,13,-157,-68,-12,-200,-63,52,-171,3,56,-239,-9,55,-286,-22,54,-325,-30,23,-171,16,29,-244,4,30,-297,-16,31,-343,-27,-6,-158,18,-15,-204,-23,-12,-168,-52,-6,-144,-58,-32,-144,17,-40,-174,-20,-36,-153,-38,-31,-136,-43
333,858,0,32,-47,-55,35,-112,-63,12,-157,-63,-12,-200,-57,51,-168,0,54,-235,-13,53,-281,-27,52,-319,-36,23,-170,13,29,-241,-1,30,-293,-20,31,-336,-31,-6,-159,15,-15,-202,-27,-11,-166,-53,-7,-143,-55,-30,-143,13,-39,-172,-25,-34,-151,-40,-29,-135,-43
330,857,0,31,-45,-59,36,-111,-68,14,-157,-68,-11,-200,-62,53,-169,-4,56,-235,-18,55,-280,-32,54,-319,-42,26,-171,12,31,-242,-4,31,-292,-23,32,-336,-33,-3,-160,17,-14,-202,-26,-11,-166,-51,-5,-143,-54,-28,-145,18,-37,-172,-21,-34,-149,-37,-27,-133,-40
302,846,0,6,-34,-85,5,-97,-101,-11,-148,-102,-29,-199,-97,37,-164,-30,31,-233,-42,26,-278,-55,22,-315,-64,18,-166,4,13,-240,-9,8,-288,-29,6,-325,-40,-4,-155,27,-17,-206,-10,-21,-175,-37,-17,-149,-41,-21,-144,45,-34,-183,11,-35,-166,-6,-32,-151,-11
303,849,0,6,-33,-76,4,-96,-91,-13,-149,-94,-32,-198,-92,34,-166,-24,27,-235,-36,21,-280,-49,15,-316,-56,15,-168,4,9,-243,-11,4,-290,-28,1,-327,-35,-5,-156,23,-21,-204,-16,-23,-171,-36,-19,-147,-36,-22,-143,35,-36,-182,2,-37,-163,-10,-34,-146,-10
303,853,0,4,-34,-78,1,-99,-92,-18,-150,-92,-37,-197,-85,30,-169,-25,22,-238,-37,14,-283,-49,8,-320,-56,11,-170,6,4,-245,-9,-3,-292,-24,-6,-328,-31,-9,-158,26,-27,-204,-14,-30,-169,-36,-25,-144,-36,-24,-145,40,-41,-180,4,-42,-158,-10,-37,-140,-11
302,854,0,5,-34,-77,3,-99,-90,-15,-151,-90,-35,-197,-84,30,-169,-23,21,-239,-36,14,-283,-47,8,-319,-53,11,-169,6,4,-245,-9,-4,-291,-24,-7,-327,-30,-8,-157,25,-27,-201,-15,-30,-166,-37,-24,-140,-36,-24,-143,38,-41,-178,2,-41,-156,-11,-35,-139,-11
302,853,0,5,-33,-76,2,-98,-90,-17,-150,-92,-37,-197,-87,29,-169,-25,20,-240,-38,14,-283,-49,8,-320,-56,10,-170,3,3,-246,-12,-4,-293,-27,-7,-328,-33,-9,-157,22,-28,-203,-17,-29,-169,-38,-23,-145,-36,-25,-142,35,-41,-180,0,-41,-160,-12,-36,-143,-12
303,853,0,3,-35,-81,0,-99,-95,-17,-150,-94,-38,-197,-87,28,-168,-27,19,-239,-38,12,-283,-49,6,-319,-55,10,-168,6,2,-244,-7,-5,-291,-22,-9,-326,-28,-9,-155,28,-29,-201,-10,-31,-166,-34,-25,-142,-34,-24,-143,44,-42,-178,10,-43,-157,-5,-38,-140,-7
302,853,0,4,-34,-79,1,-98,-94,-18,-150,-94,-38,-197,-88,29,-169,-28,19,-239,-40,12,-284,-52,6,-320,-58,10,-169,4,2,-245,-10,-5,-291,-26,-8,-327,-32,-9,-156,25,-28,-203,-14,-30,-169,-36,-25,-145,-36,-25,-143,40,-41,-180,6,-42,-159,-8,-38,-141,-9
302,852,0,3,-34,-80,-1,-99,-94,-19,-150,-93,-40,-197,-85,28,-170,-28,19,-240,-40,11,-285,-51,4,-321,-58,9,-169,4,1,-245,-10,-6,-292,-26,-10,-328,-32,-10,-156,25,-29,-201,-14,-32,-166,-37,-26,-142,-38,-24,-142,41,-42,-178,5,-42,-157,-10,-37,-139,-11
301,850,0,3,-33,-84,0,-98,-100,-18,-149,-100,-40,-197,-94,28,-169,-32,19,-240,-45,11,-286,-57,4,-323,-64,9,-169,2,1,-245,-12,-7,-294,-28,-11,-330,-36,-10,-156,26,-29,-204,-13,-33,-169,-37,-27,-143,-39,-25,-144,44,-43,-179,8,-44,-158,-9,-39,-139,-11
300,850,0,5,-34,-77,1,-100,-90,-18,-151,-90,-40,-197,-83,28,-172,-25,19,-241,-39,11,-286,-51,4,-323,-58,9,-172,4,1,-247,-11,-7,-295,-27,-11,-331,-34,-11,-159,23,-30,-205,-17,-32,-170,-39,-27,-143,-39,-27,-144,36,-43,-181,0,-44,-158,-15,-38,-139,-15
301,851,0,4,-34,-78,0,-100,-90,-20,-151,-89,-41,-196,-82,27,-171,-26,18,-240,-39,11,-285,-50,4,-321,-57,9,-171,4,0,-247,-10,-9,-293,-25,-12,-329,-31,-10,-158,24,-30,-203,-14,-32,-169,-36,-26,-145,-36,-25,-143,39,-42,-179,4,-43,-158,-10,-38,-142,-10
300,851,0,4,-34,-80,0,-99,-93,-19,-150,-92,-40,-196,-84,28,-171,-27,18,-239,-39,10,-284,-51,3,-321,-59,8,-169,5,0,-245,-8,-8,-292,-25,-12,-329,-33,-12,-157,27,-31,-206,-13,-34,-171,-37,-28,-144,-39,-26,-144,42,-44,-181,6,-45,-158,-11,-39,-138,-14
301,851,0,4,-35,-76,0,-100,-89,-20,-151,-89,-42,-196,-83,26,-173,-24,16,-241,-36,8,-285,-48,1,-322,-56,7,-172,5,-2,-246,-9,-10,-294,-26,-15,-329,-34,-13,-158,24,-31,-207,-14,-35,-175,-38,-31,-150,-40,-28,-144,38,-46,-181,2,-47,-161,-14,-43,-144,-17
302,851,0,5,-36,-78,1,-100,-92,-20,-151,-91,-43,-196,-85,25,-173,-25,16,-242,-38,7,-286,-51,0,-323,-59,6,-172,5,-4,-247,-9,-12,-294,-26,-16,-330,-35,-13,-158,26,-33,-206,-13,-35,-171,-38,-29,-145,-40,-30,-143,41,-47,-179,5,-47,-158,-11,-42,-140,-14
303,852,0,7,-36,-77,3,-101,-90,-19,-150,-91,-43,-196,-85,25,-174,-22,15,-242,-35,6,-286,-47,-1,-322,-55,5,-171,7,-5,-246,-8,-13,-292,-26,-17,-328,-35,-15,-157,25,-33,-204,-15,-35,-170,-40,-29,-144,-43,-31,-141,39,-47,-178,2,-47,-157,-15,-43,-140,-18
306,849,0,8,-38,-72,4,-102,-86,-20,-152,-88,-45,-195,-85,25,-178,-21,15,-248,-33,6,-292,-45,-2,-329,-53,4,-175,6,-7,-250,-9,-16,-297,-27,-20,-334,-36,-16,-160,23,-35,-207,-16,-37,-175,-41,-32,-150,-43,-32,-143,35,-49,-181,0,-49,-162,-15,-45,-144,-18
306,847,0,8,-39,-74,5,-102,-87,-19,-152,-88,-44,-196,-83,26,-179,-23,16,-248,-35,8,-292,-48,1,-329,-55,5,-176,6,-6,-250,-10,-14,-296,-28,-19,-333,-36,-15,-161,24,-36,-204,-17,-37,-169,-42,-31,-144,-43,-31,-144,37,-48,-179,0,-47,-156,-16,-41,-137,-18
311,835,0,11,-40,-77,7,-106,-87,-18,-153,-81,-43,-196,-69,30,-178,-28,20,-246,-45,11,-291,-59,3,-328,-67,8,-175,1,-1,-250,-17,-11,-296,-34,-16,-335,-41,-14,-162,19,-38,-198,-26,-38,-156,-51,-30,-130,-52,-30,-146,31,-50,-175,-8,-48,-146,-23,-41,-123,-25
311,835,0,10,-39,-75,6,-105,-85,-17,-153,-81,-42,-196,-70,30,-176,-24,20,-245,-40,11,-290,-53,4,-327,-60,7,-173,4,-2,-248,-14,-11,-295,-30,-16,-333,-37,-14,-159,21,-36,-196,-24,-36,-155,-49,-28,-129,-48,-30,-144,33,-48,-174,-6,-47,-146,-21,-39,-124,-21
311,835,0,10,-39,-76,6,-105,-85,-18,-153,-79,-42,-196,-67,29,-177,-24,20,-245,-40,11,-290,-53,4,-327,-60,7,-174,4,-2,-249,-13,-11,-295,-29,-16,-333,-36,-14,-160,21,-36,-196,-24,-36,-154,-50,-28,-128,-50,-29,-144,33,-48,-173,-7,-46,-144,-23,-38,-123,-24
311,835,0,10,-40,-76,5,-106,-85,-19,-152,-79,-42,-196,-65,29,-178,-21,19,-245,-35,10,-289,-47,3,-326,-54,7,-174,8,-2,-248,-7,-12,-296,-23,-16,-333,-30,-14,-160,25,-36,-197,-19,-36,-157,-46,-29,-131,-47,-29,-145,37,-48,-174,-3,-46,-146,-21,-39,-124,-24
310,833,0,11,-39,-72,7,-105,-82,-18,-152,-78,-42,-196,-67,29,-179,-19,18,-246,-33,10,-290,-45,3,-326,-52,6,-175,7,-4,-249,-9,-12,-297,-26,-17,-334,-32,-16,-160,22,-36,-199,-23,-35,-160,-48,-28,-134,-49,-31,-143,32,-48,-175,-9,-45,-148,-25,-39,-127,-27
307,832,0,12,-37,-79,8,-104,-89,-16,-152,-84,-40,-196,-73,30,-178,-25,20,-247,-39,11,-291,-52,3,-328,-59,8,-176,4,-1,-250,-12,-11,-297,-28,-16,-334,-35,-14,-162,22,-36,-201,-23,-35,-159,-50,-28,-134,-51,-30,-146,34,-49,-178,-7,-45,-150,-24,-38,-127,-26
308,832,0,13,-40,-75,9,-106,-86,-17,-153,-83,-43,-196,-74,29,-181,-21,19,-250,-35,10,-294,-47,3,-332,-53,7,-179,6,-2,-252,-10,-12,-300,-26,-17,-339,-33,-15,-165,22,-38,-201,-23,-36,-159,-49,-28,-131,-50,-31,-149,33,-50,-179,-8,-47,-150,-25,-39,-127,-27
309,827,0,15,-42,-74,12,-109,-84,-15,-155,-81,-44,-196,-71,29,-184,-24,19,-252,-40,9,-297,-52,2,-335,-60,5,-181,2,-4,-255,-14,-13,-304,-30,-18,-344,-37,-17,-166,18,-41,-202,-27,-39,-160,-52,-28,-133,-52,-33,-148,28,-54,-175,-13,-49,-145,-29,-40,-120,-31
394,820,0,34,-60,-34,41,-132,-42,14,-173,-51,-21,-199,-56,-1,-181,-2,-11,-248,-19,-19,-294,-30,-31,-335,-37,-26,-175,-2,-32,-256,-29,-27,-308,-43,-28,-349,-48,-48,-154,-9,-40,-205,-60,-14,-157,-66,-5,-122,-52,-65,-125,-18,-50,-173,-56,-26,-139,-53,-18,-108,-40
397,821,0,34,-60,-33,40,-131,-42,13,-173,-52,-20,-200,-59,-1,-176,-2,-12,-246,-21,-21,-293,-33,-32,-335,-40,-25,-170,-4,-32,-255,-32,-28,-307,-47,-29,-349,-51,-47,-150,-11,-39,-202,-63,-13,-157,-68,-3,-122,-53,-63,-121,-20,-48,-169,-58,-24,-139,-55,-16,-110,-42
429,839,0,29,-62,-22,35,-130,-35,24,-177,-52,-3,-200,-66,-22,-189,-12,-26,-261,-39,-29,-309,-57,-36,-351,-67,-44,-175,-22,-42,-256,-58,-36,-312,-76,-35,-357,-82,-59,-151,-36,-29,-200,-86,-2,-159,-88,7,-128,-72,-63,-120,-52,-32,-166,-87,-9,-138,-80,0,-110,-65
446,866,0,23,-61,-18,28,-129,-34,19,-178,-52,-8,-200,-67,-25,-174,-11,-24,-241,-40,-24,-284,-57,-25,-320,-65,-47,-164,-21,-41,-244,-59,-30,-294,-76,-24,-332,-80,-61,-144,-36,-22,-188,-84,-1,-148,-83,4,-119,-67,-63,-120,-52,-22,-156,-84,-4,-125,-77,-1,-99,-62
446,867,0,23,-62,-17,28,-130,-32,18,-178,-51,-9,-200,-66,-25,-175,-9,-25,-243,-38,-24,-286,-56,-25,-322,-64,-47,-166,-21,-41,-244,-59,-30,-294,-76,-23,-332,-81,-61,-145,-36,-21,-187,-84,0,-147,-83,4,-118,-66,-63,-121,-52,-22,-155,-84,-4,-124,-77,-1,-98,-61
446,866,0,23,-61,-18,28,-130,-33,19,-178,-51,-9,-200,-67,-26,-176,-10,-25,-244,-39,-24,-287,-56,-26,-324,-65,-47,-166,-21,-40,-244,-60,-30,-295,-77,-23,-333,-82,-62,-146,-36,-21,-187,-85,0,-147,-83,4,-118,-67,-64,-121,-53,-22,-156,-85,-4,-124,-77,0,-98,-62
446,865,0,23,-62,-17,28,-130,-32,18,-178,-50,-10,-200,-65,-26,-177,-9,-24,-244,-38,-23,-288,-54,-24,-324,-63,-47,-166,-20,-40,-245,-58,-29,-294,-76,-23,-333,-80,-61,-147,-35,-20,-187,-84,1,-146,-83,6,-116,-66,-64,-123,-51,-21,-156,-84,-3,-123,-77,0,-96,-62
445,864,0,23,-63,-17,28,-130,-32,18,-179,-50,-10,-200,-65,-25,-176,-8,-25,-243,-37,-23,-287,-54,-24,-324,-62,-47,-166,-19,-39,-244,-58,-28,-294,-75,-21,-332,-80,-61,-147,-34,-20,-187,-83,1,-146,-82,6,-116,-65,-63,-123,-50,-20,-156,-82,-2,-123,-75,1,-95,-60
445,862,0,24,-62,-16,27,-130,-30,17,-179,-48,-10,-200,-63,-26,-176,-7,-25,-244,-36,-23,-288,-52,-25,-326,-61,-47,-167,-19,-39,-244,-57,-28,-294,-75,-22,-333,-79,-61,-148,-34,-19,-187,-83,2,-145,-82,8,-114,-65,-64,-123,-50,-22,-156,-83,-2,-123,-76,3,-95,-60
445,862,0,23,-62,-15,27,-130,-28,17,-179,-46,-10,-200,-61,-27,-177,-6,-26,-244,-34,-24,-288,-50,-25,-325,-58,-48,-168,-17,-38,-244,-54,-28,-294,-72,-22,-332,-76,-62,-149,-33,-19,-187,-81,2,-147,-80,9,-116,-64,-64,-124,-49,-22,-158,-82,-2,-126,-75,5,-98,-60
445,860,0,22,-64,-15,26,-131,-28,16,-179,-46,-11,-200,-61,-29,-177,-5,-27,-244,-33,-25,-288,-50,-26,-326,-58,-50,-167,-17,-39,-243,-54,-29,-293,-72,-22,-330,-76,-63,-148,-33,-20,-186,-80,1,-146,-80,8,-116,-64,-65,-123,-50,-23,-158,-81,-2,-128,-74,5,-100,-59
444,859,0,23,-63,-15,27,-131,-29,17,-180,-48,-10,-200,-63,-30,-178,-5,-28,-245,-33,-25,-289,-49,-25,-327,-58,-51,-168,-17,-40,-244,-53,-29,-293,-70,-22,-331,-74,-64,-148,-32,-20,-188,-78,1,-148,-77,8,-118,-61,-65,-124,-49,-24,-161,-80,-1,-133,-73,8,-106,-57
444,858,0,22,-64,-15,26,-132,-29,16,-180,-48,-11,-200,-64,-31,-178,-6,-29,-245,-33,-25,-288,-50,-26,-325,-59,-52,-168,-17,-40,-244,-52,-30,-292,-69,-22,-330,-74,-65,-148,-32,-20,-188,-78,1,-149,-77,8,-118,-61,-66,-124,-49,-24,-161,-79,0,-134,-73,8,-108,-58
443,855,0,23,-64,-14,27,-131,-28,16,-179,-46,-12,-200,-62,-30,-179,-3,-27,-245,-30,-24,-288,-47,-25,-325,-56,-51,-169,-15,-40,-243,-50,-29,-291,-67,-22,-328,-72,-64,-149,-31,-21,-189,-77,2,-151,-76,10,-120,-61,-66,-124,-49,-23,-160,-80,1,-134,-73,10,-109,-58
445,852,0,22,-64,-15,27,-131,-29,15,-180,-48,-14,-200,-64,-30,-180,-4,-26,-245,-31,-24,-288,-47,-24,-325,-56,-52,-170,-16,-40,-244,-50,-30,-292,-66,-23,-330,-71,-66,-150,-31,-22,-189,-76,1,-149,-76,8,-117,-60,-68,-124,-47,-26,-161,-78,-2,-134,-71,10,-108,-56
446,847,0,23,-63,-17,27,-131,-31,14,-179,-49,-15,-200,-64,-27,-180,-7,-26,-247,-33,-24,-290,-49,-25,-328,-57,-50,-170,-17,-40,-245,-52,-31,-294,-68,-24,-333,-72,-66,-149,-31,-23,-188,-78,0,-147,-77,8,-115,-61,-69,-123,-47,-27,-160,-79,-2,-132,-73,9,-104,-58
446,845,0,24,-62,-17,29,-130,-32,17,-180,-50,-14,-200,-66,-25,-181,-8,-24,-249,-35,-22,-294,-51,-23,-332,-58,-49,-171,-18,-39,-248,-54,-30,-299,-70,-23,-339,-74,-65,-151,-32,-21,-190,-79,1,-147,-79,9,-113,-62,-70,-125,-47,-28,-162,-79,-3,-133,-73,9,-105,-57
446,845,0,24,-60,-17,29,-130,-30,16,-181,-48,-14,-200,-63,-24,-182,-8,-24,-252,-35,-23,-296,-50,-25,-335,-57,-47,-171,-19,-39,-248,-55,-30,-299,-71,-23,-337,-75,-64,-151,-32,-22,-190,-81,1,-147,-80,11,-114,-63,-70,-125,-48,-28,-161,-81,-2,-132,-75,9,-104,-59
445,847,0,24,-60,-17,29,-130,-31,18,-182,-49,-14,-200,-64,-23,-182,-9,-22,-253,-36,-21,-297,-50,-23,-335,-57,-46,-172,-19,-38,-250,-55,-28,-301,-71,-21,-340,-74,-63,-152,-32,-21,-191,-80,2,-148,-79,10,-114,-62,-69,-126,-47,-27,-163,-80,-2,-134,-73,9,-106,-58
445,848,0,24,-60,-17,30,-130,-31,17,-182,-49,-14,-200,-65,-22,-181,-10,-22,-254,-36,-21,-298,-51,-23,-337,-58,-45,-171,-20,-37,-250,-56,-27,-301,-71,-20,-341,-74,-63,-153,-33,-21,-190,-80,2,-147,-79,11,-113,-62,-68,-127,-47,-26,-163,-80,-1,-134,-73,10,-105,-58
445,848,0,24,-60,-17,30,-130,-32,17,-182,-50,-14,-200,-65,-23,-181,-11,-22,-253,-37,-21,-298,-51,-23,-337,-57,-45,-171,-20,-37,-251,-56,-27,-302,-71,-20,-341,-73,-63,-152,-33,-21,-191,-80,1,-147,-79,10,-112,-62,-68,-127,-47,-26,-164,-79,-1,-134,-73,11,-104,-57
445,849,0,24,-60,-17,30,-130,-31,18,-183,-48,-14,-200,-63,-21,-181,-9,-20,-251,-35,-19,-296,-49,-21,-333,-56,-44,-172,-19,-36,-251,-55,-26,-303,-71,-21,-343,-74,-62,-153,-32,-21,-192,-80,1,-149,-79,9,-114,-62,-68,-128,-46,-26,-164,-79,-2,-134,-72,10,-106,-57
445,849,0,24,-59,-18,31,-131,-32,18,-184,-51,-15,-200,-66,-20,-182,-11,-21,-256,-37,-20,-301,-50,-23,-339,-56,-44,-173,-20,-36,-254,-56,-27,-305,-71,-20,-345,-74,-62,-154,-33,-21,-193,-80,1,-148,-79,9,-113,-61,-69,-129,-47,-27,-165,-79,-2,-137,-72,9,-107,-57
444,850,0,25,-58,-18,31,-129,-31,18,-183,-49,-14,-200,-64,-17,-183,-11,-18,-255,-36,-18,-300,-49,-21,-339,-55,-41,-173,-20,-34,-253,-55,-25,-305,-71,-19,-345,-74,-60,-154,-33,-20,-192,-80,1,-148,-80,9,-114,-62,-67,-129,-47,-27,-164,-80,-1,-135,-73,9,-106,-58
443,851,0,26,-56,-19,32,-129,-33,19,-184,-51,-14,-200,-65,-14,-183,-13,-16,-258,-37,-17,-302,-50,-21,-341,-56,-38,-175,-22,-32,-255,-57,-24,-309,-73,-19,-350,-76,-58,-155,-33,-20,-192,-81,2,-148,-80,9,-114,-63,-67,-130,-47,-26,-165,-79,-1,-136,-73,9,-107,-58
442,851,0,27,-55,-20,34,-130,-33,20,-185,-49,-13,-200,-62,-11,-184,-12,-14,-261,-36,-16,-306,-48,-20,-345,-54,-36,-176,-21,-32,-256,-56,-24,-309,-72,-20,-351,-75,-56,-156,-32,-20,-193,-80,1,-148,-79,8,-112,-62,-65,-132,-45,-26,-166,-77,-1,-136,-72,9,-106,-57
440,853,0,27,-56,-20,35,-128,-34,22,-183,-51,-10,-200,-64,-8,-182,-12,-10,-258,-37,-12,-303,-49,-17,-343,-55,-33,-174,-21,-29,-255,-56,-21,-308,-72,-17,-349,-76,-53,-155,-32,-19,-195,-81,3,-149,-80,9,-113,-62,-63,-130,-46,-25,-166,-79,-1,-135,-73,8,-106,-58
440,853,0,28,-55,-22,36,-126,-36,22,-180,-52,-10,-200,-65,-4,-179,-11,-7,-253,-36,-10,-299,-48,-14,-338,-54,-29,-171,-18,-26,-253,-55,-18,-305,-72,-14,-348,-76,-50,-153,-29,-19,-193,-80,3,-146,-80,10,-110,-61,-61,-129,-42,-28,-165,-77,-4,-133,-71,5,-103,-55
440,852,0,29,-55,-23,37,-129,-36,22,-183,-52,-12,-200,-64,-4,-181,-12,-7,-257,-36,-9,-302,-48,-14,-342,-54,-29,-173,-19,-26,-255,-55,-18,-307,-71,-14,-349,-75,-50,-154,-30,-19,-194,-80,3,-147,-79,10,-110,-61,-61,-130,-42,-27,-167,-77,-4,-135,-71,5,-105,-55
439,850,0,30,-56,-24,38,-127,-36,23,-178,-51,-10,-200,-63,0,-180,-11,-3,-253,-35,-6,-298,-47,-11,-338,-53,-25,-171,-17,-23,-252,-53,-15,-302,-69,-12,-343,-73,-47,-153,-27,-18,-193,-79,3,-146,-78,11,-110,-60,-60,-129,-39,-28,-165,-75,-5,-132,-69,3,-102,-54
437,848,0,32,-57,-25,40,-128,-36,24,-177,-50,-8,-200,-61,5,-179,-8,1,-253,-31,-2,-298,-44,-8,-338,-50,-20,-171,-14,-18,-253,-49,-12,-304,-66,-9,-346,-70,-42,-154,-24,-17,-193,-76,4,-146,-77,11,-112,-60,-58,-130,-36,-27,-166,-72,-6,-132,-67,1,-102,-51
437,843,0,33,-56,-24,40,-128,-34,23,-177,-47,-8,-200,-56,5,-179,-7,2,-254,-31,0,-300,-44,-5,-342,-50,-19,-172,-13,-17,-250,-48,-12,-301,-66,-10,-343,-71,-42,-155,-23,-16,-188,-74,3,-142,-77,11,-106,-61,-58,-131,-34,-29,-164,-70,-8,-131,-65,0,-100,-50
366,810,0,30,-40,-80,38,-106,-93,15,-157,-91,-14,-200,-81,58,-191,-24,56,-268,-34,50,-321,-44,44,-365,-48,29,-191,5,28,-276,-4,23,-335,-17,19,-383,-23,-1,-178,21,-17,-217,-17,-15,-178,-45,-8,-151,-49,-24,-165,31,-32,-194,-2,-27,-174,-20,-23,-156,-25
369,810,0,33,-44,-79,40,-112,-90,16,-161,-86,-15,-200,-76,56,-196,-18,55,-275,-25,48,-328,-33,42,-371,-37,27,-195,9,26,-281,4,21,-341,-11,19,-390,-19,-3,-182,24,-17,-227,-12,-18,-193,-46,-14,-167,-55,-26,-167,33,-35,-201,-2,-31,-190,-25,-26,-174,-35
370,812,0,33,-45,-80,40,-111,-92,16,-161,-90,-14,-200,-81,57,-193,-19,55,-274,-28,47,-328,-36,41,-371,-40,27,-192,8,25,-278,0,20,-339,-14,16,-389,-20,-2,-179,23,-20,-219,-18,-17,-179,-50,-10,-151,-56,-26,-166,32,-36,-196,-5,-30,-178,-27,-25,-160,-34
369,809,0,33,-42,-77,41,-108,-89,17,-159,-89,-15,-200,-81,56,-196,-20,54,-275,-30,48,-328,-39,43,-371,-44,25,-196,5,24,-280,-4,19,-339,-19,16,-388,-27,-3,-182,19,-19,-220,-22,-15,-180,-52,-9,-153,-57,-26,-167,26,-35,-199,-10,-29,-181,-29,-23,-165,-35
369,814,0,33,-44,-78,39,-112,-90,16,-161,-89,-15,-200,-81,54,-194,-16,52,-272,-26,45,-324,-35,39,-367,-39,25,-193,9,22,-277,0,17,-335,-13,13,-384,-18,-3,-178,22,-20,-215,-20,-14,-173,-50,-6,-145,-54,-26,-162,28,-35,-189,-10,-29,-167,-31,-24,-147,-37
371,815,0,33,-46,-79,39,-112,-92,17,-161,-94,-14,-200,-88,51,-194,-14,49,-270,-23,43,-323,-32,37,-365,-36,22,-189,12,19,-273,4,13,-330,-10,9,-379,-15,-6,-174,25,-22,-212,-17,-16,-173,-47,-8,-146,-53,-28,-158,31,-39,-184,-7,-32,-163,-29,-26,-143,-37
371,808,0,34,-47,-71,40,-114,-81,17,-162,-81,-14,-200,-74,54,-197,-9,50,-277,-18,42,-330,-27,35,-374,-32,23,-193,13,18,-280,4,11,-339,-10,8,-388,-18,-6,-176,23,-24,-215,-17,-18,-176,-46,-9,-149,-51,-30,-158,28,-39,-181,-10,-33,-156,-32,-26,-133,-39
370,814,0,33,-48,-76,39,-114,-87,17,-162,-86,-13,-200,-77,51,-192,-8,47,-268,-16,40,-320,-24,34,-361,-28,23,-187,17,17,-270,11,10,-326,0,7,-373,-5,-5,-172,29,-22,-209,-11,-15,-168,-40,-5,-141,-44,-27,-156,35,-38,-177,-3,-31,-150,-26,-24,-128,-33
381,809,0,34,-53,-58,38,-115,-62,19,-160,-60,-9,-200,-49,42,-171,19,38,-232,14,32,-277,10,25,-309,10,15,-162,34,12,-232,32,8,-278,26,2,-321,27,-10,-145,35,-18,-173,-3,-4,-129,-26,5,-107,-25,-32,-125,32,-32,-139,-5,-22,-111,-23,-17,-96,-27
388,801,0,34,-50,-51,41,-111,-55,20,-157,-54,-5,-200,-45,45,-165,22,41,-227,14,36,-270,5,28,-304,1,18,-159,32,17,-227,20,14,-273,8,8,-313,4,-7,-142,29,-16,-171,-19,-4,-123,-42,5,-97,-38,-29,-121,23,-29,-135,-24,-20,-102,-41,-15,-84,-42
394,802,0,35,-53,-59,43,-119,-60,18,-163,-53,-11,-200,-38,47,-171,15,44,-238,8,39,-282,0,33,-318,-4,20,-165,31,18,-236,22,14,-286,8,10,-326,4,-6,-147,35,-17,-175,-11,-4,-128,-39,6,-101,-40,-29,-127,34,-32,-139,-9,-21,-106,-28,-17,-85,-30
397,798,0,36,-57,-54,46,-120,-52,30,-167,-43,-3,-200,-28,51,-178,23,49,-248,19,44,-295,11,40,-333,7,23,-170,38,21,-248,31,19,-300,15,17,-346,8,-5,-153,41,-12,-187,-2,-3,-136,-32,5,-107,-36,-29,-134,39,-30,-150,-2,-22,-114,-24,-18,-90,-30
396,804,0,36,-55,-56,45,-117,-59,31,-165,-56,0,-200,-46,51,-175,23,49,-245,20,44,-294,16,39,-330,14,22,-167,39,21,-244,35,19,-296,23,17,-342,20,-4,-151,42,-10,-185,0,-1,-136,-28,6,-107,-30,-28,-135,40,-30,-152,0,-21,-117,-21,-18,-92,-26
398,797,0,35,-57,-53,45,-120,-53,30,-167,-48,-2,-200,-35,51,-178,24,49,-247,21,44,-295,15,39,-332,12,22,-170,37,21,-246,34,18,-298,21,16,-344,15,-6,-154,39,-11,-187,2,-1,-138,-25,6,-110,-28,-30,-136,36,-30,-151,1,-22,-118,-18,-18,-95,-24
398,799,0,37,-57,-55,45,-119,-57,29,-167,-52,-3,-200,-41,51,-177,23,49,-247,18,44,-296,11,40,-332,7,22,-168,36,21,-246,28,19,-298,13,17,-345,6,-6,-152,37,-11,-186,-8,-2,-136,-39,5,-106,-42,-31,-135,35,-31,-153,-10,-22,-117,-32,-18,-91,-39
398,801,0,35,-56,-58,44,-118,-61,28,-167,-58,-4,-200,-47,52,-176,22,49,-245,19,44,-294,14,39,-329,12,23,-167,38,21,-245,32,18,-296,20,17,-341,15,-5,-151,40,-10,-185,-4,0,-135,-34,6,-105,-37,-29,-135,39,-30,-152,-6,-21,-116,-29,-17,-91,-36
399,802,0,33,-55,-61,43,-117,-67,27,-165,-66,-4,-200,-58,50,-176,18,47,-246,14,42,-294,9,37,-330,7,22,-167,34,20,-245,29,18,-296,18,16,-341,13,-5,-151,38,-11,-186,-4,-1,-137,-33,5,-107,-35,-29,-134,37,-30,-153,-5,-22,-117,-26,-19,-92,-32
399,799,0,33,-54,-58,42,-115,-62,27,-164,-58,-5,-200,-48,51,-175,18,48,-245,14,43,-294,8,38,-330,5,23,-167,34,21,-246,27,19,-297,12,17,-342,6,-5,-151,38,-11,-185,-6,-3,-136,-36,4,-106,-38,-29,-135,38,-29,-152,-6,-21,-115,-28,-18,-89,-34
397,804,0,32,-51,-63,40,-111,-66,25,-158,-62,-1,-200,-50,52,-171,12,49,-241,7,43,-289,0,39,-326,-3,25,-163,31,23,-242,23,19,-292,10,17,-336,5,-2,-149,37,-9,-185,-10,-2,-136,-39,3,-107,-41,-26,-132,38,-29,-153,-10,-21,-115,-32,-16,-88,-38
398,803,0,30,-48,-66,39,-107,-76,27,-156,-79,0,-200,-74,53,-175,5,49,-244,-2,43,-294,-9,38,-330,-12,24,-167,24,22,-246,16,19,-296,3,17,-342,-2,-3,-153,31,-11,-193,-13,-4,-145,-40,2,-114,-42,-27,-137,33,-30,-155,-13,-22,-117,-36,-17,-91,-42
397,805,0,30,-48,-69,39,-106,-81,27,-156,-84,1,-200,-79,53,-172,5,49,-241,-1,44,-291,-6,39,-326,-7,25,-165,27,23,-244,21,19,-293,13,17,-338,12,-1,-152,35,-8,-191,-6,-2,-144,-30,3,-114,-31,-24,-138,39,-28,-155,-4,-20,-119,-26,-15,-92,-31
398,806,0,29,-48,-67,37,-107,-78,25,-156,-80,0,-200,-75,51,-171,3,48,-241,-5,43,-291,-11,39,-327,-13,25,-164,22,22,-244,15,19,-294,4,17,-338,0,-2,-151,29,-9,-191,-13,-3,-143,-37,3,-113,-37,-25,-135,31,-28,-155,-12,-21,-119,-31,-16,-94,-36
397,805,0,29,-48,-64,38,-108,-72,25,-156,-71,-1,-200,-64,52,-171,5,49,-240,-2,43,-289,-9,39,-325,-13,25,-165,24,23,-242,14,19,-293,1,17,-336,-5,-2,-151,31,-10,-189,-14,-3,-141,-39,3,-112,-40,-26,-135,34,-28,-153,-12,-20,-116,-33,-16,-90,-38
398,804,0,30,-49,-66,38,-108,-77,25,-156,-79,-2,-200,-75,51,-171,5,47,-240,-2,42,-290,-9,37,-326,-13,23,-165,24,22,-242,14,19,-293,0,17,-337,-6,-3,-151,31,-10,-189,-15,-4,-141,-42,2,-111,-44,-27,-135,32,-29,-154,-15,-22,-116,-36,-17,-90,-42
397,803,0,31,-49,-61,40,-108,-67,25,-157,-67,-1,-200,-60,53,-172,14,49,-240,8,43,-289,1,39,-325,-3,25,-165,31,22,-243,21,19,-294,6,17,-338,-1,-2,-151,36,-9,-190,-10,-3,-141,-39,3,-110,-41,-26,-136,37,-28,-155,-11,-20,-116,-34,-16,-89,-41
397,803,0,31,-48,-65,38,-107,-73,25,-157,-73,-2,-200,-65,52,-169,7,48,-239,1,43,-287,-5,39,-323,-8,25,-164,27,23,-241,18,19,-290,6,17,-334,1,-2,-150,34,-8,-188,-11,-2,-139,-38,3,-109,-39,-25,-134,37,-28,-153,-10,-20,-115,-32,-16,-89,-37
398,803,0,33,-51,-64,40,-109,-74,25,-157,-78,-2,-200,-75,50,-170,13,47,-239,7,42,-288,1,38,-323,-1,23,-162,30,21,-241,21,18,-290,8,17,-334,4,-3,-148,34,-9,-183,-13,-2,-135,-41,3,-105,-42,-27,-134,33,-28,-154,-14,-21,-116,-35,-16,-89,-41
398,802,0,33,-52,-58,40,-112,-64,25,-160,-63,-4,-200,-55,51,-171,18,48,-240,12,43,-289,5,39,-325,2,23,-164,33,21,-241,23,18,-291,8,17,-335,2,-4,-150,35,-10,-184,-12,-2,-135,-41,3,-106,-43,-28,-135,33,-28,-153,-14,-20,-115,-36,-16,-89,-42
398,804,0,32,-53,-57,40,-113,-62,25,-160,-62,-4,-200,-55,50,-171,20,47,-239,14,42,-288,7,38,-324,3,23,-164,34,21,-239,23,18,-290,7,16,-335,1,-4,-149,35,-9,-183,-12,-2,-134,-41,3,-105,-44,-28,-134,32,-28,-153,-15,-20,-115,-38,-16,-88,-44
397,803,0,32,-52,-61,40,-112,-68,25,-160,-69,-3,-200,-63,51,-173,16,48,-241,10,43,-290,3,39,-325,0,23,-165,32,22,-242,23,19,-292,9,17,-337,3,-4,-151,35,-8,-187,-11,-1,-138,-38,5,-110,-39,-28,-136,33,-28,-154,-12,-20,-116,-34,-15,-91,-39
397,802,0,33,-54,-58,41,-113,-62,25,-160,-59,-3,-200,-49,52,-171,22,49,-240,17,43,-289,10,39,-325,6,24,-164,38,22,-240,28,19,-292,10,17,-336,3,-3,-150,41,-9,-185,-8,-2,-135,-40,3,-106,-43,-27,-136,40,-28,-153,-10,-20,-114,-35,-15,-88,-42
396,805,0,32,-51,-60,40,-111,-63,27,-159,-57,0,-200,-46,52,-169,18,49,-241,14,44,-288,7,40,-325,3,25,-163,36,23,-241,27,19,-293,10,17,-335,2,-1,-150,41,-8,-183,-6,-2,-135,-37,3,-105,-41,-25,-136,42,-27,-154,-6,-20,-116,-30,-15,-89,-38
398,808,0,31,-51,-65,39,-111,-69,24,-159,-64,-2,-200,-51,50,-169,11,47,-240,5,42,-287,-1,38,-324,-5,24,-162,31,22,-240,22,18,-290,7,16,-333,0,-2,-149,38,-9,-184,-9,-4,-136,-41,1,-108,-45,-25,-135,40,-28,-152,-8,-21,-115,-33,-17,-89,-41
399,799,0,29,-47,-64,36,-106,-76,24,-155,-80,-2,-200,-77,51,-167,4,48,-234,-6,44,-281,-14,40,-316,-19,24,-162,21,23,-236,7,20,-286,-7,18,-328,-14,-2,-150,26,-8,-185,-21,-3,-139,-45,3,-109,-45,-25,-135,27,-27,-151,-20,-20,-115,-41,-15,-90,-46
400,795,0,31,-49,-62,38,-108,-68,24,-155,-65,-2,-200,-57,52,-168,11,49,-239,3,44,-286,-4,40,-323,-9,25,-163,28,23,-241,16,20,-292,0,18,-334,-8,-3,-150,34,-9,-186,-15,-4,-136,-43,2,-106,-45,-27,-135,34,-28,-153,-14,-21,-114,-37,-17,-86,-43
398,800,0,32,-48,-62,38,-109,-67,24,-156,-63,-1,-200,-53,52,-167,12,49,-237,6,44,-284,-1,40,-320,-6,26,-162,30,24,-239,19,20,-290,3,19,-333,-5,-1,-149,36,-9,-185,-12,-4,-136,-41,3,-107,-44,-25,-135,37,-27,-154,-11,-20,-116,-34,-15,-90,-40
399,804,0,30,-50,-67,37,-109,-78,22,-156,-82,-5,-200,-79,49,-167,9,47,-233,1,42,-281,-7,39,-315,-11,23,-161,27,22,-236,15,19,-285,1,17,-327,-5,-3,-148,31,-10,-182,-18,-4,-136,-45,2,-108,-47,-25,-133,30,-28,-151,-18,-21,-115,-40,-16,-90,-46
397,796,0,33,-52,-57,39,-113,-56,19,-159,-48,-8,-200,-34,50,-164,23,48,-231,17,44,-276,9,39,-313,5,25,-158,39,23,-233,27,21,-283,9,19,-324,1,-1,-145,42,-9,-176,-9,-2,-128,-40,3,-100,-43,-24,-129,42,-26,-148,-8,-19,-109,-31,-13,-82,-36
399,799,0,33,-55,-56,38,-115,-56,18,-158,-50,-9,-200,-38,49,-163,30,46,-230,26,42,-276,19,38,-310,16,23,-156,44,21,-232,34,18,-281,16,16,-322,9,-3,-143,45,-11,-175,-7,-5,-127,-41,1,-99,-45,-26,-128,42,-28,-149,-9,-20,-111,-34,-15,-83,-41
398,797,0,34,-55,-57,39,-115,-57,19,-160,-50,-10,-200,-37,50,-166,30,47,-232,28,43,-278,24,38,-312,22,24,-160,45,22,-235,39,19,-283,25,17,-324,20,-2,-146,47,-11,-179,-2,-4,-132,-35,3,-105,-39,-26,-129,44,-28,-149,-7,-20,-111,-33,-15,-85,-40
399,800,0,32,-53,-62,38,-112,-65,18,-158,-60,-9,-200,-49,49,-165,22,46,-230,17,42,-275,10,38,-310,7,23,-159,39,22,-231,30,19,-280,15,17,-321,10,-2,-145,43,-11,-178,-8,-4,-132,-40,2,-105,-42,-25,-129,42,-28,-148,-9,-21,-112,-34,-15,-86,-40
400,798,0,31,-55,-59,36,-114,-61,16,-158,-58,-11,-200,-48,48,-165,25,45,-230,19,41,-275,12,36,-309,9,22,-158,40,21,-231,30,18,-278,14,15,-320,8,-4,-144,41,-12,-178,-8,-5,-133,-40,2,-107,-43,-27,-128,39,-28,-147,-11,-21,-111,-36,-15,-87,-43
399,798,0,32,-55,-59,37,-114,-61,17,-159,-57,-10,-200,-46,49,-165,24,46,-230,18,42,-276,10,37,-309,6,23,-158,39,22,-232,29,19,-279,13,17,-320,7,-3,-144,41,-11,-177,-8,-4,-131,-39,3,-105,-41,-26,-129,39,-28,-146,-11,-20,-110,-34,-15,-86,-40
399,799,0,32,-55,-61,37,-115,-64,17,-159,-59,-10,-200,-48,49,-165,23,45,-230,16,42,-276,9,37,-311,6,23,-157,39,21,-233,31,18,-281,16,15,-322,12,-2,-144,42,-11,-177,-6,-4,-131,-37,3,-105,-38,-25,-129,41,-29,-147,-7,-20,-110,-30,-15,-87,-35
398,797,0,32,-53,-65,38,-113,-71,19,-159,-69,-10,-200,-59,50,-166,15,47,-231,8,43,-277,1,38,-311,-2,23,-160,34,22,-235,26,19,-282,14,17,-325,11,-2,-147,39,-11,-181,-9,-3,-135,-37,4,-109,-38,-26,-131,38,-28,-147,-9,-20,-112,-31,-15,-88,-36
399,798,0,31,-53,-64,36,-113,-72,17,-159,-73,-11,-200,-66,48,-165,14,45,-228,6,41,-275,-2,36,-308,-5,21,-158,32,21,-232,22,18,-279,11,15,-322,8,-4,-145,36,-13,-180,-12,-5,-135,-38,3,-107,-37,-27,-129,34,-30,-146,-12,-22,-112,-33,-16,-87,-37
398,798,0,33,-56,-55,38,-116,-55,17,-161,-49,-11,-200,-36,48,-164,27,45,-228,21,40,-273,13,36,-307,9,22,-159,40,21,-231,31,18,-280,16,16,-321,11,-4,-146,40,-13,-182,-10,-5,-134,-40,3,-107,-41,-27,-129,36,-29,-149,-14,-21,-112,-37,-16,-88,-42
398,805,0,33,-56,-53,37,-115,-53,18,-161,-48,-11,-200,-36,47,-164,28,44,-227,21,40,-272,12,35,-306,7,21,-159,39,21,-230,30,18,-279,14,15,-321,8,-4,-146,38,-12,-183,-11,-5,-136,-40,2,-109,-42,-27,-130,33,-29,-149,-16,-21,-114,-39,-16,-91,-45
400,801,0,34,-55,-52,38,-115,-50,17,-161,-43,-11,-200,-30,46,-163,32,44,-227,28,39,-273,21,34,-308,18,20,-158,44,19,-231,36,16,-280,21,14,-321,16,-6,-144,42,-14,-180,-8,-6,-131,-39,1,-102,-40,-29,-127,37,-30,-148,-15,-21,-110,-40,-17,-84,-46
399,797,0,35,-56,-53,39,-114,-53,18,-159,-48,-10,-200,-37,48,-164,29,45,-228,23,40,-274,16,36,-309,13,21,-157,40,20,-232,31,17,-282,16,16,-324,10,-6,-144,38,-13,-178,-12,-5,-128,-43,2,-101,-45,-29,-127,32,-30,-147,-19,-22,-109,-42,-17,-83,-48
401,795,0,36,-57,-47,38,-115,-47,16,-159,-43,-11,-200,-33,47,-163,32,44,-227,26,39,-274,18,35,-310,12,19,-156,41,18,-230,29,16,-281,10,15,-323,2,-7,-142,37,-14,-177,-14,-6,-127,-45,1,-98,-47,-31,-125,29,-31,-147,-22,-22,-107,-45,-17,-80,-50
399,798,0,35,-56,-50,39,-114,-51,19,-159,-49,-9,-200,-41,47,-161,28,45,-227,21,40,-273,14,37,-309,10,20,-156,37,19,-230,26,17,-281,10,16,-324,4,-6,-143,34,-11,-178,-16,-3,-128,-43,3,-99,-42,-30,-127,27,-29,-147,-22,-20,-108,-42,-15,-82,-45
400,801,0,34,-53,-53,38,-112,-55,18,-158,-51,-10,-200,-42,46,-162,27,44,-227,21,40,-273,15,35,-308,12,19,-158,38,18,-232,28,16,-282,13,15,-323,8,-7,-144,38,-13,-180,-13,-4,-129,-40,2,-100,-39,-30,-126,34,-29,-149,-17,-20,-109,-38,-16,-82,-40
401,802,0,34,-52,-49,37,-112,-52,17,-158,-51,-11,-200,-44,44,-163,27,42,-227,20,37,-271,12,34,-306,7,17,-159,35,17,-231,22,15,-280,5,14,-322,-1,-9,-145,32,-14,-180,-20,-6,-130,-47,0,-100,-45,-32,-124,25,-31,-147,-27,-22,-108,-47,-17,-81,-49
399,806,0,34,-52,-49,39,-112,-50,18,-160,-47,-10,-200,-39,44,-161,28,43,-224,20,39,-268,13,34,-303,8,17,-158,38,17,-229,24,16,-277,9,13,-317,4,-9,-143,35,-14,-176,-16,-4,-126,-39,2,-98,-34,-32,-123,30,-30,-145,-19,-21,-108,-35,-17,-84,-33
397,804,0,34,-53,-52,39,-113,-54,18,-159,-52,-10,-200,-44,45,-163,27,44,-225,19,39,-269,12,35,-304,8,18,-158,37,18,-229,25,16,-277,10,14,-317,6,-8,-143,36,-13,-176,-17,-4,-126,-41,2,-99,-37,-31,-124,30,-29,-146,-20,-20,-107,-36,-15,-81,-34
399,802,0,34,-54,-45,38,-114,-44,17,-161,-40,-12,-200,-31,44,-163,35,43,-225,30,38,-270,23,33,-305,19,16,-159,42,16,-230,30,15,-279,13,13,-318,7,-9,-143,38,-14,-178,-14,-5,-128,-39,1,-98,-35,-33,-123,31,-31,-148,-19,-21,-108,-36,-17,-81,-35
399,802,0,33,-53,-50,38,-113,-50,16,-161,-46,-13,-200,-35,43,-163,28,42,-226,21,38,-270,15,33,-306,11,16,-159,37,15,-232,25,14,-280,12,12,-320,8,-10,-143,34,-15,-178,-17,-5,-128,-40,1,-100,-36,-33,-123,28,-31,-146,-22,-21,-108,-38,-17,-82,-37
398,799,0,34,-52,-50,38,-113,-51,17,-160,-47,-12,-200,-37,44,-164,27,44,-227,21,39,-272,15,35,-307,12,17,-159,37,16,-232,25,14,-280,11,13,-320,7,-10,-143,34,-14,-177,-17,-6,-126,-40,1,-98,-35,-33,-122,28,-30,-145,-22,-21,-106,-39,-18,-80,-38
397,804,0,34,-54,-48,37,-114,-50,16,-160,-48,-12,-200,-40,43,-164,30,43,-226,24,40,-272,19,36,-306,16,16,-158,38,16,-229,27,14,-278,15,13,-319,13,-10,-142,33,-14,-177,-17,-5,-126,-40,1,-98,-35,-33,-123,24,-30,-145,-26,-20,-107,-43,-17,-82,-43
398,799,0,35,-58,-39,38,-119,-32,16,-164,-22,-13,-200,-5,42,-161,42,44,-227,42,41,-273,39,39,-308,37,15,-156,48,13,-231,42,11,-281,28,10,-320,24,-11,-140,43,-15,-178,-3,-5,-126,-27,0,-97,-25,-35,-121,35,-31,-146,-11,-21,-106,-28,-19,-79,-29
396,801,0,35,-56,-42,38,-118,-34,16,-163,-22,-11,-200,-4,43,-161,43,45,-226,45,42,-272,43,40,-307,43,16,-155,51,15,-230,48,13,-281,37,11,-319,33,-10,-140,48,-14,-179,3,-4,-128,-23,1,-99,-22,-33,-121,41,-30,-146,-7,-21,-107,-26,-17,-80,-29
398,802,0,35,-59,-40,36,-120,-29,15,-164,-16,-12,-200,4,42,-162,49,43,-227,53,41,-273,52,38,-308,53,15,-156,56,13,-231,55,11,-281,44,10,-319,42,-11,-140,51,-15,-177,6,-6,-127,-22,0,-99,-21,-34,-120,43,-31,-146,-5,-21,-107,-26,-19,-79,-29
398,801,0,35,-58,-39,36,-118,-30,16,-163,-19,-12,-200,-2,42,-161,48,43,-225,50,40,-271,49,38,-306,49,15,-155,54,14,-229,51,12,-279,39,11,-318,36,-11,-140,48,-15,-178,3,-5,-127,-22,0,-98,-20,-34,-121,40,-31,-147,-7,-22,-107,-26,-19,-80,-28
398,800,0,36,-58,-37,38,-118,-26,16,-162,-13,-11,-200,7,43,-160,52,43,-224,57,40,-270,57,37,-304,59,16,-154,58,14,-230,57,13,-280,47,11,-319,45,-10,-139,52,-14,-178,7,-5,-127,-20,0,-98,-19,-34,-120,43,-30,-145,-6,-21,-105,-27,-18,-78,-30
399,803,0,35,-57,-40,37,-118,-31,16,-163,-20,-12,-200,-3,41,-159,47,41,-223,50,38,-268,49,35,-303,49,15,-154,54,14,-228,51,13,-278,38,12,-316,35,-11,-139,49,-15,-178,3,-6,-126,-23,-1,-97,-22,-34,-120,42,-31,-148,-7,-22,-108,-25,-20,-81,-27
399,802,0,35,-57,-42,38,-117,-33,16,-162,-20,-11,-200,-1,41,-160,43,43,-225,44,39,-270,43,35,-306,42,15,-155,51,14,-231,47,13,-282,36,12,-320,33,-10,-140,47,-15,-180,0,-7,-128,-27,-1,-100,-25,-34,-121,41,-30,-147,-9,-21,-107,-30,-18,-80,-32
399,802,0,36,-57,-40,38,-117,-36,17,-162,-29,-11,-200,-16,41,-160,40,42,-224,37,39,-269,32,35,-306,29,14,-157,45,14,-231,36,14,-281,21,13,-320,16,-12,-142,39,-15,-179,-10,-6,-128,-34,0,-99,-31,-35,-123,30,-30,-146,-19,-21,-107,-36,-17,-81,-37
401,800,0,35,-56,-41,38,-116,-38,17,-162,-33,-11,-200,-23,40,-161,37,41,-225,32,37,-271,26,34,-308,21,14,-157,42,13,-233,30,12,-284,13,11,-324,7,-12,-143,37,-18,-181,-14,-7,-129,-38,-1,-99,-34,-36,-123,29,-33,-148,-20,-22,-108,-36,-18,-81,-36
400,802,0,36,-55,-42,39,-115,-41,18,-162,-38,-11,-200,-29,41,-161,35,41,-225,32,37,-270,26,33,-306,23,15,-158,41,14,-233,29,13,-282,14,13,-321,9,-12,-142,36,-16,-182,-15,-6,-130,-37,-1,-99,-33,-35,-123,28,-31,-149,-22,-21,-108,-37,-17,-81,-36
402,805,0,33,-53,-40,38,-115,-37,17,-162,-33,-11,-200,-24,40,-159,35,39,-224,32,36,-267,26,32,-303,23,14,-157,41,14,-231,29,13,-280,12,12,-318,6,-12,-142,37,-17,-181,-12,-7,-129,-33,-2,-98,-28,-35,-122,31,-32,-149,-16,-23,-109,-28,-19,-81,-24
401,805,0,35,-55,-42,38,-115,-37,17,-160,-30,-10,-200,-17,41,-159,40,41,-222,38,37,-268,34,33,-304,31,14,-155,46,14,-230,37,13,-280,23,12,-318,19,-12,-141,41,-16,-179,-9,-7,-128,-33,-1,-98,-29,-35,-122,32,-31,-147,-17,-21,-107,-34,-18,-80,-34
401,806,0,35,-55,-42,38,-116,-37,18,-161,-29,-10,-200,-15,41,-159,38,41,-224,36,37,-269,31,33,-305,28,15,-156,44,15,-231,35,14,-281,20,13,-319,15,-11,-141,40,-17,-181,-9,-6,-129,-33,0,-100,-29,-34,-123,33,-30,-148,-15,-20,-108,-31,-17,-82,-30
401,803,0,35,-56,-38,39,-117,-31,18,-162,-23,-10,-200,-10,42,-160,44,41,-224,43,37,-270,38,33,-306,35,16,-155,48,16,-231,40,14,-280,24,13,-319,18,-10,-141,42,-15,-181,-6,-6,-129,-30,0,-99,-28,-35,-122,34,-30,-148,-15,-20,-107,-32,-17,-81,-32
402,803,0,34,-56,-38,39,-117,-32,17,-163,-25,-10,-200,-12,41,-159,40,40,-224,39,36,-268,34,32,-305,30,15,-156,46,14,-231,36,14,-280,19,13,-319,12,-11,-141,42,-16,-182,-6,-7,-131,-29,-1,-100,-26,-35,-121,36,-31,-149,-11,-22,-109,-26,-18,-82,-25
403,804,0,34,-54,-42,38,-115,-40,18,-161,-34,-10,-200,-23,40,-160,35,40,-224,32,36,-269,27,32,-305,24,14,-157,42,14,-232,31,13,-280,15,12,-318,10,-12,-142,39,-17,-181,-12,-7,-129,-34,-1,-98,-29,-35,-122,33,-31,-148,-16,-22,-107,-31,-18,-81,-29
403,801,0,35,-57,-40,39,-116,-38,18,-161,-34,-10,-200,-24,41,-161,39,41,-225,35,37,-270,29,33,-306,25,14,-157,44,14,-231,31,13,-281,14,13,-320,7,-12,-142,38,-17,-180,-13,-7,-128,-36,0,-98,-33,-35,-122,30,-32,-147,-19,-22,-107,-35,-18,-80,-34
404,799,0,35,-54,-40,40,-115,-38,18,-161,-34,-10,-200,-25,41,-160,35,41,-225,31,36,-270,24,33,-306,20,15,-157,40,14,-232,26,13,-282,7,13,-321,1,-12,-141,35,-17,-179,-16,-7,-127,-38,0,-96,-33,-36,-121,28,-32,-148,-20,-22,-107,-33,-19,-80,-30
406,797,0,34,-56,-43,37,-116,-43,17,-161,-40,-11,-200,-31,41,-161,34,41,-226,30,37,-272,23,33,-308,19,13,-157,41,13,-232,28,12,-282,11,11,-322,5,-13,-141,37,-19,-177,-13,-7,-127,-37,-1,-95,-34,-36,-121,31,-33,-146,-17,-23,-107,-32,-19,-81,-31
405,799,0,35,-53,-44,40,-114,-42,18,-161,-36,-10,-200,-24,42,-161,33,42,-225,30,37,-270,25,33,-306,22,15,-157,41,14,-234,30,13,-284,15,13,-323,10,-11,-142,37,-17,-180,-13,-6,-127,-37,0,-97,-33,-34,-122,31,-31,-149,-18,-21,-108,-33,-18,-80,-32
406,799,0,36,-55,-42,39,-115,-41,18,-161,-38,-9,-200,-31,41,-160,37,41,-224,33,37,-269,27,33,-306,23,14,-157,42,14,-231,31,14,-280,16,14,-320,10,-12,-142,36,-17,-178,-14,-6,-128,-37,0,-97,-34,-35,-122,27,-31,-147,-22,-21,-109,-37,-18,-82,-37
407,801,0,35,-55,-44,39,-114,-43,18,-160,-40,-10,-200,-31,41,-160,31,41,-224,25,37,-269,18,33,-306,13,14,-157,37,13,-232,24,13,-282,8,13,-322,2,-12,-142,32,-17,-180,-19,-6,-129,-42,0,-98,-38,-35,-121,24,-31,-148,-25,-20,-109,-40,-17,-82,-38
407,800,0,36,-56,-42,39,-115,-39,18,-161,-33,-9,-200,-22,41,-161,37,41,-224,32,37,-269,26,34,-305,23,15,-156,42,14,-231,31,14,-280,16,14,-319,11,-11,-140,36,-15,-179,-15,-5,-127,-39,0,-98,-36,-35,-120,27,-31,-146,-22,-20,-107,-39,-18,-81,-38
410,800,0,35,-56,-38,38,-117,-35,17,-162,-30,-10,-200,-19,40,-160,38,40,-224,34,36,-268,27,32,-305,23,13,-156,42,13,-231,29,13,-280,12,13,-320,6,-13,-140,35,-17,-180,-16,-6,-128,-39,0,-97,-35,-37,-120,25,-32,-148,-23,-22,-108,-38,-18,-82,-36
410,800,0,35,-56,-39,38,-115,-37,18,-160,-34,-9,-200,-26,41,-160,37,40,-223,32,36,-267,25,32,-303,20,14,-155,40,14,-230,27,13,-279,10,13,-319,3,-12,-140,33,-16,-179,-18,-5,-127,-40,1,-96,-35,-35,-120,24,-31,-149,-24,-21,-108,-37,-17,-82,-34
414,796,0,37,-55,-35,40,-117,-29,19,-164,-23,-10,-200,-11,41,-158,40,41,-222,38,37,-266,32,33,-304,27,14,-155,43,14,-230,31,14,-281,14,14,-320,7,-12,-140,36,-15,-182,-14,-4,-128,-36,2,-96,-31,-36,-120,27,-30,-150,-21,-19,-109,-34,-16,-82,-31
415,793,0,37,-55,-34,39,-116,-29,19,-162,-24,-9,-200,-13,40,-158,44,41,-222,43,37,-267,38,33,-304,35,14,-154,46,13,-228,35,13,-279,19,13,-319,13,-12,-138,38,-15,-179,-12,-4,-126,-34,2,-94,-29,-36,-119,27,-30,-148,-21,-19,-108,-35,-16,-81,-34
417,791,0,37,-56,-34,38,-115,-30,17,-162,-26,-11,-200,-17,39,-157,43,40,-221,41,36,-266,36,33,-303,32,13,-153,44,13,-228,34,13,-278,17,12,-318,10,-13,-138,36,-16,-178,-12,-4,-126,-33,1,-94,-29,-37,-119,25,-30,-148,-20,-19,-108,-34,-16,-81,-32
417,790,0,39,-57,-33,40,-115,-31,19,-160,-32,-10,-200,-28,39,-156,49,40,-218,47,37,-265,44,34,-301,41,13,-150,47,13,-226,39,13,-276,26,13,-318,22,-12,-135,34,-15,-177,-15,-2,-124,-36,3,-93,-33,-37,-118,19,-30,-147,-29,-18,-107,-44,-15,-80,-45
418,787,0,39,-55,-37,40,-114,-35,19,-161,-33,-9,-200,-26,39,-156,44,40,-220,42,37,-267,37,34,-303,33,13,-150,47,12,-227,36,13,-278,20,12,-319,14,-12,-134,37,-16,-176,-14,-3,-124,-38,3,-92,-35,-36,-117,26,-30,-146,-24,-18,-107,-41,-15,-80,-41
417,787,0,41,-55,-36,41,-114,-35,20,-159,-36,-8,-200,-32,39,-155,48,41,-217,46,38,-265,43,35,-300,41,13,-147,48,12,-224,39,13,-274,27,13,-316,24,-12,-132,35,-14,-172,-15,-1,-123,-40,4,-93,-38,-37,-117,21,-28,-145,-29,-16,-106,-48,-14,-80,-51
420,788,0,40,-56,-33,40,-115,-33,19,-160,-34,-10,-200,-31,37,-155,51,38,-217,52,35,-264,51,32,-300,51,11,-147,50,10,-224,45,11,-274,35,10,-316,33,-13,-131,37,-15,-175,-11,-2,-125,-34,4,-94,-32,-37,-117,22,-30,-147,-27,-17,-108,-45,-14,-80,-48
421,789,0,39,-57,-28,39,-116,-25,19,-162,-25,-10,-200,-22,36,-155,55,36,-218,57,34,-265,56,31,-300,55,10,-148,52,9,-225,46,9,-276,36,8,-317,33,-14,-133,37,-15,-177,-10,-2,-128,-33,3,-96,-31,-38,-117,20,-30,-148,-28,-17,-111,-46,-14,-82,-48
423,794,0,39,-58,-20,38,-118,-15,17,-163,-15,-12,-200,-13,32,-156,57,31,-217,60,28,-262,58,25,-298,56,8,-149,49,6,-224,42,7,-275,31,5,-315,26,-17,-133,29,-16,-179,-17,-2,-131,-37,3,-100,-34,-41,-117,9,-31,-152,-38,-18,-115,-54,-15,-86,-55
423,793,0,40,-57,-17,38,-117,-13,17,-163,-15,-12,-200,-14,31,-154,57,30,-216,58,27,-262,56,24,-298,53,6,-148,46,5,-224,37,6,-275,26,5,-316,21,-18,-132,25,-17,-179,-22,-1,-131,-41,4,-100,-37,-41,-116,4,-31,-151,-44,-17,-114,-58,-14,-86,-59
424,793,0,39,-57,-16,38,-117,-13,17,-163,-16,-13,-200,-17,28,-153,58,28,-215,60,25,-261,60,22,-297,59,4,-147,47,3,-223,41,4,-273,32,3,-314,29,-19,-130,27,-17,-177,-20,-2,-131,-39,3,-100,-35,-42,-114,5,-31,-149,-43,-17,-114,-58,-14,-85,-60
427,795,0,37,-56,-22,36,-117,-18,15,-164,-19,-14,-200,-17,26,-152,49,24,-214,51,21,-258,49,17,-294,47,3,-147,43,0,-221,34,2,-270,23,1,-310,19,-21,-130,27,-19,-176,-19,-2,-131,-37,3,-100,-31,-44,-112,11,-33,-149,-35,-18,-115,-48,-14,-87,-48
435,802,0,34,-54,-28,34,-118,-29,12,-166,-32,-18,-200,-32,20,-155,26,17,-219,18,14,-262,11,10,-299,6,-4,-149,24,-7,-225,3,-5,-273,-13,-5,-313,-20,-26,-132,14,-24,-178,-37,-4,-134,-50,4,-103,-42,-47,-112,3,-35,-148,-42,-19,-116,-50,-14,-89,-46
438,799,0,34,-55,-28,33,-118,-29,10,-165,-33,-19,-200,-34,18,-156,29,15,-219,21,12,-262,14,7,-299,8,-5,-150,25,-9,-224,5,-7,-274,-12,-8,-314,-18,-27,-131,13,-24,-176,-39,-5,-131,-52,3,-99,-44,-49,-111,0,-36,-147,-46,-19,-114,-55,-15,-86,-50
440,798,0,33,-55,-28,32,-119,-29,9,-166,-32,-21,-199,-32,17,-155,25,14,-220,16,10,-263,9,5,-301,4,-6,-149,22,-10,-225,2,-9,-274,-14,-10,-314,-21,-29,-131,12,-28,-177,-39,-7,-131,-53,1,-99,-44,-51,-109,1,-39,-147,-45,-21,-113,-53,-16,-85,-48
443,800,0,32,-54,-33,31,-120,-35,6,-167,-37,-24,-199,-37,15,-154,16,10,-220,6,6,-263,-1,1,-301,-6,-8,-150,17,-14,-226,-4,-13,-275,-19,-15,-315,-25,-30,-132,11,-29,-178,-41,-8,-134,-53,0,-101,-44,-51,-110,3,-41,-148,-43,-23,-116,-50,-18,-87,-44
445,798,0,31,-53,-33,29,-120,-36,3,-167,-39,-27,-199,-39,13,-155,13,9,-220,3,4,-262,-4,-3,-298,-9,-10,-150,14,-17,-225,-7,-17,-274,-21,-19,-311,-27,-33,-132,8,-33,-178,-43,-11,-134,-54,-3,-100,-43,-54,-109,1,-45,-149,-45,-26,-117,-50,-21,-87,-43
445,798,0,30,-53,-33,28,-119,-35,4,-167,-38,-28,-199,-37,13,-156,16,9,-220,7,3,-262,0,-4,-300,-5,-10,-150,17,-17,-227,-4,-18,-276,-19,-20,-314,-25,-33,-131,11,-34,-179,-41,-13,-133,-52,-4,-99,-42,-54,-109,3,-46,-150,-43,-28,-116,-48,-23,-86,-42
444,797,0,30,-54,-35,28,-119,-37,3,-166,-39,-29,-198,-37,15,-156,17,9,-221,9,3,-263,3,-5,-301,-2,-10,-151,20,-17,-227,0,-18,-275,-14,-21,-313,-20,-33,-132,14,-34,-180,-37,-14,-134,-49,-5,-100,-39,-53,-109,7,-45,-149,-39,-29,-115,-45,-24,-85,-38
417,781,0,8,-65,-55,-20,-126,-62,-65,-153,-64,-108,-169,-60,-44,-174,0,-81,-227,-18,-107,-257,-31,-132,-282,-40,-66,-151,11,-107,-209,-16,-134,-246,-36,-157,-278,-45,-80,-116,12,-106,-144,-45,-72,-111,-62,-49,-93,-54,-89,-77,11,-100,-100,-42,-74,-76,-52,-58,-62,-47
418,779,0,8,-64,-54,-20,-127,-60,-66,-153,-61,-110,-168,-57,-44,-175,2,-81,-227,-16,-108,-257,-29,-133,-282,-38,-66,-151,11,-108,-210,-15,-135,-248,-35,-158,-279,-43,-80,-115,12,-107,-142,-47,-71,-109,-64,-48,-91,-55,-89,-76,9,-100,-99,-44,-74,-75,-54,-58,-60,-49
418,779,0,8,-64,-56,-20,-125,-63,-65,-153,-65,-110,-168,-61,-44,-176,3,-81,-228,-12,-108,-257,-25,-132,-282,-34,-66,-151,15,-108,-210,-10,-134,-247,-31,-157,-278,-39,-80,-115,16,-106,-142,-42,-70,-110,-60,-48,-92,-52,-88,-76,14,-100,-98,-40,-73,-74,-52,-57,-60,-47
418,782,0,8,-66,-53,-19,-127,-60,-63,-155,-61,-108,-169,-57,-42,-175,5,-79,-228,-10,-106,-258,-22,-129,-282,-31,-64,-151,15,-105,-211,-9,-131,-249,-29,-152,-281,-36,-79,-115,16,-105,-144,-41,-69,-111,-58,-47,-93,-49,-88,-76,13,-100,-100,-39,-73,-77,-49,-58,-62,-44
417,782,0,9,-61,-56,-17,-124,-65,-61,-153,-69,-106,-171,-67,-41,-175,1,-78,-230,-16,-104,-260,-29,-128,-285,-37,-63,-153,12,-104,-214,-14,-129,-251,-33,-152,-282,-40,-78,-118,14,-104,-145,-45,-69,-112,-60,-47,-93,-50,-88,-81,12,-100,-103,-41,-74,-78,-50,-58,-63,-44
415,804,0,13,-65,-40,-8,-128,-39,-44,-162,-37,-81,-184,-30,-18,-171,22,-39,-233,12,-55,-271,3,-70,-305,-4,-42,-157,27,-64,-225,7,-78,-270,-12,-90,-307,-19,-63,-129,24,-83,-168,-29,-56,-129,-45,-39,-102,-36,-80,-96,18,-88,-129,-30,-65,-100,-38,-52,-78,-31
415,805,0,13,-62,-42,-7,-127,-44,-44,-162,-44,-82,-183,-40,-18,-172,14,-38,-235,2,-54,-272,-8,-69,-305,-14,-43,-159,19,-65,-227,-3,-78,-271,-20,-90,-307,-26,-64,-130,17,-83,-168,-37,-56,-129,-49,-39,-103,-39,-80,-96,12,-87,-130,-36,-65,-101,-42,-52,-77,-33
416,807,0,11,-61,-43,-9,-126,-46,-45,-161,-47,-82,-183,-43,-20,-173,13,-40,-235,1,-56,-272,-9,-71,-305,-16,-45,-159,20,-66,-226,-2,-78,-269,-20,-90,-305,-27,-65,-131,18,-84,-169,-35,-58,-130,-48,-41,-104,-39,-80,-96,13,-87,-128,-35,-65,-99,-41,-53,-76,-34
411,808,0,11,-62,-47,-9,-126,-52,-46,-159,-54,-82,-183,-51,-20,-175,9,-42,-236,-4,-59,-273,-15,-74,-304,-22,-45,-160,17,-68,-228,-5,-82,-271,-23,-94,-306,-30,-64,-130,16,-85,-168,-38,-59,-129,-53,-41,-103,-44,-78,-95,13,-88,-128,-37,-65,-97,-44,-51,-75,-37
411,811,0,11,-61,-46,-9,-125,-51,-47,-158,-52,-83,-183,-49,-21,-174,11,-42,-235,-2,-59,-272,-13,-74,-304,-20,-45,-159,18,-68,-228,-3,-82,-270,-21,-94,-305,-28,-64,-129,17,-86,-167,-36,-59,-129,-51,-40,-103,-43,-78,-94,13,-88,-127,-36,-66,-99,-44,-51,-77,-37
410,813,0,11,-60,-47,-9,-124,-53,-45,-159,-55,-81,-183,-54,-21,-173,8,-42,-234,-6,-59,-271,-17,-74,-304,-25,-45,-159,15,-68,-227,-7,-82,-270,-26,-95,-304,-33,-64,-130,14,-85,-167,-40,-58,-130,-54,-40,-104,-44,-77,-96,10,-87,-127,-39,-64,-98,-46,-51,-77,-39
412,817,0,11,-61,-48,-10,-124,-54,-46,-157,-57,-82,-183,-54,-21,-173,11,-42,-234,-2,-59,-271,-14,-74,-303,-22,-45,-159,19,-68,-226,-4,-82,-268,-23,-95,-303,-30,-63,-129,17,-84,-166,-37,-58,-128,-52,-40,-103,-43,-77,-96,13,-87,-125,-36,-65,-97,-44,-52,-77,-38
415,821,0,11,-61,-46,-11,-125,-51,-46,-158,-52,-83,-183,-48,-21,-173,13,-42,-234,1,-58,-273,-10,-73,-305,-17,-45,-158,21,-67,-225,-1,-80,-268,-21,-92,-304,-28,-63,-129,20,-85,-166,-34,-58,-128,-48,-41,-103,-40,-77,-96,16,-87,-125,-33,-65,-97,-40,-53,-77,-34
374,748,0,37,-28,-43,63,-84,-47,63,-142,-49,53,-193,-45,83,-119,8,105,-179,-7,115,-218,-19,124,-254,-27,62,-134,14,86,-200,-9,100,-241,-28,112,-278,-36,35,-136,13,39,-178,-38,34,-132,-52,31,-100,-43,9,-128,9,19,-159,-35,16,-122,-39,12,-95,-30
376,749,0,38,-28,-42,63,-84,-48,63,-141,-50,54,-193,-49,82,-119,7,104,-178,-10,115,-217,-23,124,-253,-32,61,-134,12,86,-199,-13,101,-240,-33,113,-277,-42,34,-136,10,38,-178,-43,34,-132,-56,31,-100,-48,8,-127,5,18,-159,-40,16,-122,-44,12,-95,-35
379,746,0,37,-27,-42,65,-83,-47,66,-141,-50,55,-193,-50,84,-120,5,106,-181,-12,117,-220,-25,125,-255,-33,62,-137,11,88,-202,-15,102,-244,-35,114,-281,-43,36,-138,8,39,-180,-44,35,-133,-57,31,-99,-47,9,-128,4,19,-159,-41,17,-122,-43,12,-93,-33
366,726,0,40,-12,-42,81,-60,-48,93,-119,-52,93,-177,-52,109,-101,7,142,-152,-8,160,-186,-20,175,-218,-28,91,-123,12,129,-180,-11,151,-214,-29,169,-245,-36,64,-134,10,80,-176,-39,65,-130,-49,53,-99,-39,36,-136,5,54,-163,-38,43,-126,-40,31,-100,-30
364,710,0,42,-13,-39,82,-62,-44,92,-123,-48,91,-178,-47,109,-96,7,142,-148,-8,160,-181,-20,174,-213,-27,90,-119,11,128,-174,-11,150,-208,-28,167,-239,-35,64,-129,9,77,-170,-39,63,-125,-49,52,-96,-39,35,-131,4,53,-159,-37,43,-123,-38,31,-98,-27
364,707,0,42,-13,-38,83,-61,-43,93,-122,-45,94,-177,-44,109,-93,6,143,-145,-9,160,-179,-21,176,-211,-28,91,-116,10,129,-170,-12,151,-204,-30,169,-234,-36,64,-127,8,78,-169,-40,64,-125,-49,52,-94,-39,36,-129,3,54,-157,-37,43,-122,-38,32,-98,-28
367,703,0,42,-11,-37,84,-58,-42,95,-119,-46,96,-175,-46,112,-91,4,146,-142,-13,165,-176,-26,181,-208,-34,93,-116,7,133,-170,-19,156,-205,-37,175,-236,-45,66,-128,3,81,-169,-46,66,-125,-55,54,-94,-44,36,-132,-2,55,-159,-44,44,-122,-44,32,-97,-32
369,699,0,40,-9,-41,83,-54,-47,98,-115,-51,103,-172,-52,116,-88,2,154,-136,-15,175,-170,-28,192,-200,-36,98,-113,7,141,-164,-18,165,-196,-36,185,-227,-43,71,-126,5,86,-166,-44,70,-122,-54,56,-92,-43,40,-129,1,61,-156,-41,48,-121,-40,34,-97,-29
367,700,0,41,-8,-41,84,-53,-47,100,-113,-50,106,-170,-51,116,-85,-1,155,-133,-17,176,-166,-29,193,-197,-36,98,-110,5,142,-161,-19,167,-193,-36,187,-223,-43,72,-124,4,88,-165,-44,71,-121,-53,58,-92,-43,43,-129,0,63,-156,-40,51,-123,-39,37,-99,-28
371,706,0,43,-4,-39,91,-45,-44,111,-104,-49,118,-161,-49,124,-75,3,167,-120,-13,191,-150,-25,211,-178,-33,108,-103,7,156,-150,-16,184,-179,-33,206,-206,-40,82,-121,5,101,-160,-43,81,-117,-51,65,-89,-40,52,-130,-1,75,-155,-40,60,-121,-38,44,-99,-26
371,703,0,44,-4,-38,92,-44,-44,112,-103,-48,118,-161,-49,125,-74,3,169,-120,-13,193,-151,-25,213,-178,-32,109,-103,7,157,-151,-16,186,-180,-33,209,-207,-39,83,-121,4,102,-159,-44,81,-116,-52,65,-87,-41,53,-130,-1,76,-154,-41,60,-120,-40,45,-97,-27
371,706,0,43,-5,-38,91,-47,-43,110,-106,-46,116,-163,-46,124,-78,7,167,-122,-8,190,-152,-19,210,-179,-25,107,-104,10,155,-152,-10,183,-180,-27,205,-206,-33,81,-122,8,101,-160,-39,80,-117,-48,64,-88,-38,51,-130,3,75,-155,-37,60,-121,-36,44,-98,-25
368,707,0,45,-6,-37,92,-48,-42,110,-107,-45,115,-164,-45,125,-79,7,167,-123,-7,190,-153,-18,209,-181,-25,107,-105,10,155,-152,-10,182,-179,-26,204,-206,-32,81,-121,8,100,-158,-38,81,-116,-48,65,-88,-38,51,-129,2,76,-153,-36,61,-121,-35,45,-98,-23
365,709,0,45,-6,-37,92,-49,-40,110,-107,-43,115,-164,-42,125,-80,9,167,-124,-4,189,-153,-15,207,-180,-21,108,-106,13,155,-153,-7,182,-181,-23,204,-207,-29,82,-122,9,101,-158,-37,81,-117,-47,65,-90,-37,51,-129,4,76,-154,-35,61,-121,-35,45,-99,-23
363,714,0,44,-8,-38,90,-51,-42,108,-109,-45,111,-166,-45,124,-83,7,165,-126,-7,187,-155,-18,206,-182,-25,107,-109,11,154,-154,-9,181,-183,-25,203,-211,-31,81,-123,8,98,-158,-38,78,-117,-49,63,-91,-39,50,-129,3,73,-154,-36,60,-121,-35,45,-99,-24
364,715,0,43,-9,-38,90,-51,-42,108,-109,-45,112,-166,-45,125,-85,7,165,-129,-8,188,-158,-20,206,-186,-27,108,-111,10,155,-158,-11,183,-187,-28,205,-214,-34,81,-126,7,99,-163,-41,80,-120,-52,65,-93,-42,50,-131,2,73,-156,-39,58,-122,-39,43,-99,-28
361,719,0,43,-8,-38,89,-53,-42,105,-112,-45,109,-168,-45,121,-84,8,161,-127,-8,182,-154,-19,201,-180,-26,104,-108,11,149,-154,-9,176,-183,-26,198,-211,-32,78,-123,8,95,-158,-38,76,-117,-49,61,-92,-40,49,-129,2,70,-153,-36,57,-121,-36,42,-100,-26
347,788,0,31,-53,-65,32,-114,-68,10,-158,-61,-17,-200,-45,44,-158,9,41,-222,-4,35,-267,-14,28,-303,-20,18,-155,24,16,-227,12,12,-276,-1,6,-318,-4,-8,-140,25,-21,-177,-28,-11,-130,-53,-2,-107,-50,-31,-122,20,-36,-143,-30,-27,-113,-48,-23,-97,-51
349,790,0,29,-51,-67,31,-113,-72,9,-157,-67,-17,-200,-54,43,-157,3,40,-222,-14,34,-265,-27,29,-302,-34,17,-153,17,15,-226,0,10,-274,-15,3,-316,-20,-9,-139,18,-22,-176,-37,-12,-129,-60,-3,-107,-56,-32,-123,14,-37,-143,-36,-28,-112,-53,-23,-95,-53
349,789,0,29,-53,-68,32,-114,-72,10,-158,-66,-17,-200,-52,43,-159,4,40,-223,-12,34,-266,-25,28,-303,-32,17,-155,20,14,-227,2,9,-276,-15,3,-317,-21,-9,-140,22,-23,-176,-36,-13,-130,-63,-4,-106,-60,-31,-123,19,-37,-143,-35,-29,-111,-55,-24,-94,-57
375,767,0,31,-52,-52,35,-112,-48,16,-157,-38,-10,-200,-21,43,-155,29,43,-219,21,39,-262,12,35,-299,4,19,-151,38,19,-226,26,18,-275,6,16,-316,-4,-6,-139,35,-15,-183,-20,-7,-133,-48,0,-105,-47,-28,-123,29,-28,-152,-25,-19,-114,-45,-15,-89,-47
373,765,0,33,-55,-48,37,-115,-41,16,-159,-29,-10,-200,-10,44,-155,35,43,-220,30,38,-263,21,34,-300,14,19,-152,43,19,-226,33,18,-276,14,16,-315,4,-7,-139,40,-15,-182,-13,-6,-132,-42,1,-105,-43,-29,-123,33,-28,-150,-20,-19,-112,-40,-15,-89,-43
371,767,0,32,-53,-51,36,-114,-44,15,-159,-32,-10,-200,-11,44,-155,34,43,-220,28,38,-262,19,34,-299,13,20,-152,45,20,-226,34,19,-275,15,16,-315,6,-5,-139,43,-14,-182,-11,-6,-132,-41,1,-106,-41,-28,-123,37,-28,-149,-16,-19,-112,-37,-14,-89,-40
371,771,0,32,-53,-51,35,-115,-45,15,-159,-32,-10,-200,-11,43,-156,34,42,-219,30,37,-263,22,32,-298,16,19,-152,45,20,-225,36,18,-273,18,15,-313,10,-6,-139,42,-15,-183,-11,-7,-133,-40,0,-106,-40,-28,-123,37,-28,-150,-17,-19,-112,-38,-14,-88,-41
372,770,0,30,-53,-50,34,-115,-44,15,-159,-34,-11,-200,-15,42,-157,32,41,-221,27,37,-263,18,32,-300,12,18,-152,41,18,-227,30,17,-275,12,13,-315,4,-8,-140,36,-16,-183,-17,-7,-133,-46,0,-106,-46,-29,-124,28,-28,-151,-26,-19,-112,-48,-15,-89,-51
339,786,0,39,-51,-39,44,-113,-19,28,-160,5,6,-200,37,52,-140,56,60,-201,62,62,-244,60,63,-280,58,28,-142,64,37,-213,66,42,-260,52,45,-297,45,2,-136,58,0,-183,11,5,-137,-23,9,-110,-27,-21,-126,50,-15,-158,-2,-9,-121,-29,-8,-96,-37
340,788,0,38,-50,-37,44,-112,-21,28,-160,-2,5,-200,24,51,-139,50,59,-202,54,61,-244,52,62,-280,49,28,-143,57,36,-214,54,41,-260,40,43,-297,32,2,-138,52,0,-184,6,5,-138,-22,8,-111,-23,-22,-127,46,-15,-158,-2,-9,-122,-22,-9,-97,-26
339,786,0,39,-50,-37,45,-113,-20,28,-160,0,5,-200,28,53,-139,54,60,-201,60,61,-244,57,62,-280,54,28,-142,61,36,-213,61,42,-260,46,44,-296,38,2,-136,56,1,-183,10,6,-137,-21,8,-110,-24,-22,-126,48,-15,-158,-1,-9,-121,-22,-9,-96,-28
340,785,0,39,-50,-35,45,-113,-16,28,-161,6,5,-200,35,52,-139,54,59,-203,59,61,-245,57,62,-281,55,28,-143,60,35,-214,59,41,-261,46,44,-297,38,2,-137,54,0,-185,9,5,-137,-20,8,-110,-22,-22,-127,47,-16,-158,-2,-9,-121,-24,-9,-96,-29
340,783,0,39,-50,-32,45,-113,-15,28,-162,5,6,-200,30,52,-139,53,59,-203,58,61,-245,56,62,-281,53,27,-142,58,35,-214,56,41,-262,41,43,-299,34,1,-137,51,0,-185,6,6,-137,-21,8,-109,-21,-23,-127,43,-16,-159,-4,-9,-122,-23,-9,-96,-26
342,779,0,39,-51,-28,44,-113,-10,27,-161,8,3,-200,33,51,-139,61,59,-203,67,61,-245,65,61,-282,62,27,-142,63,34,-214,62,39,-262,47,41,-299,39,0,-136,54,0,-183,10,5,-136,-17,7,-108,-19,-24,-126,44,-17,-157,-3,-11,-120,-23,-11,-94,-27
340,781,0,40,-50,-26,45,-113,-6,28,-161,14,5,-200,41,52,-139,64,59,-202,73,61,-245,72,62,-281,70,28,-142,66,35,-214,67,40,-262,55,42,-298,48,1,-135,56,1,-184,12,6,-137,-15,8,-109,-17,-23,-126,44,-16,-157,-4,-10,-119,-25,-10,-93,-31
338,784,0,40,-51,-27,45,-114,-7,28,-162,14,5,-200,41,51,-139,64,59,-203,71,61,-245,70,61,-283,68,27,-142,66,35,-214,66,41,-262,53,44,-299,45,1,-137,56,1,-185,12,7,-136,-15,8,-108,-17,-24,-128,45,-15,-159,-3,-9,-120,-23,-10,-94,-28
337,786,0,40,-52,-26,44,-116,-6,27,-162,15,4,-200,41,50,-140,66,57,-203,74,59,-246,73,60,-283,71,26,-143,66,34,-214,67,39,-262,54,41,-299,47,0,-137,55,0,-185,11,6,-138,-18,8,-110,-20,-24,-128,43,-16,-159,-7,-10,-121,-29,-10,-95,-35
337,784,0,39,-51,-26,44,-116,-7,27,-163,14,3,-200,39,49,-140,60,57,-204,68,58,-246,67,58,-282,65,25,-143,62,32,-215,63,37,-261,50,39,-298,44,-1,-137,55,-1,-184,12,5,-138,-13,7,-110,-13,-25,-126,45,-17,-158,1,-11,-122,-16,-12,-96,-19
337,787,0,39,-54,-26,43,-115,-6,27,-163,14,3,-200,39,50,-139,61,57,-203,68,58,-246,66,58,-283,64,25,-142,62,33,-214,63,38,-262,49,40,-299,42,-1,-136,54,-2,-184,12,5,-138,-14,7,-110,-16,-26,-126,44,-17,-158,-1,-10,-123,-18,-11,-97,-22
336,786,0,39,-51,-29,44,-115,-12,26,-163,7,3,-200,32,50,-138,56,57,-203,63,58,-245,62,58,-281,60,25,-142,60,33,-214,59,38,-261,47,39,-297,40,0,-135,53,-2,-182,10,5,-136,-15,7,-108,-15,-25,-125,45,-17,-158,0,-10,-121,-17,-11,-96,-19
336,787,0,39,-53,-26,42,-116,-7,25,-162,13,1,-200,38,49,-142,64,56,-204,71,57,-246,69,56,-283,66,25,-144,65,32,-214,65,37,-261,51,39,-298,43,-2,-137,55,-2,-184,11,4,-137,-17,7,-109,-19,-26,-126,44,-18,-158,-4,-11,-121,-25,-11,-95,-29
336,790,0,38,-54,-27,41,-117,-7,24,-163,13,1,-200,39,48,-141,63,55,-204,70,55,-246,68,55,-283,66,24,-143,64,31,-214,65,36,-261,51,38,-298,43,-2,-136,55,-3,-184,12,3,-137,-16,6,-110,-17,-26,-126,44,-19,-158,-2,-11,-122,-21,-11,-96,-26
333,790,0,39,-56,-26,42,-118,-7,24,-163,13,1,-200,40,49,-141,60,55,-205,65,55,-247,61,55,-284,58,24,-142,60,32,-214,60,36,-261,46,37,-299,37,-3,-135,50,-4,-181,7,4,-136,-21,7,-109,-23,-27,-124,38,-19,-157,-6,-11,-121,-25,-10,-96,-29
330,787,0,39,-59,-30,42,-118,-9,24,-162,15,0,-200,46,49,-142,62,56,-205,67,56,-249,64,56,-286,61,24,-142,65,31,-213,66,36,-262,52,38,-301,43,-3,-134,56,-6,-178,13,1,-133,-19,5,-106,-24,-27,-125,45,-22,-155,-2,-13,-121,-26,-12,-96,-34
327,790,0,39,-57,-33,42,-118,-11,24,-163,15,0,-200,49,50,-143,57,56,-205,61,56,-248,58,56,-285,55,25,-142,63,32,-213,64,36,-262,50,38,-300,42,-2,-135,56,-4,-180,11,2,-134,-21,6,-108,-25,-25,-125,47,-20,-155,-2,-12,-120,-27,-11,-95,-34
323,786,0,39,-58,-27,40,-119,-6,22,-163,18,-1,-200,49,48,-143,62,54,-204,66,53,-248,62,52,-285,57,23,-142,65,31,-211,63,35,-261,46,36,-300,37,-3,-134,55,-6,-180,10,2,-134,-21,6,-107,-25,-27,-125,44,-21,-156,-5,-13,-120,-28,-11,-95,-35
323,787,0,40,-57,-30,42,-119,-10,23,-164,13,-1,-200,43,49,-144,58,55,-206,62,54,-250,58,53,-287,55,24,-143,63,32,-213,61,35,-262,45,37,-301,37,-3,-135,55,-6,-180,10,2,-134,-20,5,-107,-22,-28,-124,47,-22,-157,-2,-14,-121,-24,-12,-95,-29
321,786,0,40,-58,-25,42,-119,-4,23,-164,18,-2,-200,46,48,-145,63,53,-206,66,53,-250,61,50,-288,56,23,-143,63,30,-213,60,34,-262,43,35,-302,34,-4,-134,52,-6,-180,5,2,-133,-25,7,-106,-28,-28,-124,40,-23,-155,-10,-13,-120,-33,-11,-94,-38
320,785,0,40,-58,-25,42,-119,-4,23,-165,19,-2,-200,47,49,-144,63,54,-206,67,53,-251,62,51,-289,58,23,-142,65,30,-213,62,34,-264,45,35,-304,35,-3,-134,55,-6,-181,9,2,-134,-22,6,-106,-25,-28,-124,44,-23,-155,-6,-14,-120,-28,-12,-93,-33
319,786,0,40,-58,-28,41,-120,-7,22,-164,14,-2,-200,42,48,-145,62,53,-207,66,52,-251,61,51,-289,56,23,-144,64,30,-214,61,33,-263,43,34,-303,33,-3,-135,54,-6,-181,6,2,-134,-26,6,-107,-30,-28,-124,43,-23,-156,-10,-15,-119,-35,-12,-93,-42
319,789,0,40,-59,-25,41,-121,-2,22,-165,21,-3,-200,51,48,-145,64,53,-207,68,51,-251,64,49,-289,59,23,-144,65,29,-213,63,32,-263,46,33,-303,37,-4,-136,55,-6,-181,9,1,-135,-22,5,-108,-25,-29,-125,44,-24,-157,-6,-15,-121,-29,-12,-94,-35
318,787,0,40,-59,-23,41,-120,-2,22,-164,20,-2,-200,47,48,-144,67,52,-206,71,51,-250,66,49,-288,60,22,-143,67,29,-212,63,33,-262,45,33,-302,34,-4,-134,55,-6,-180,8,1,-133,-22,5,-106,-25,-29,-125,42,-23,-156,-7,-15,-121,-29,-13,-95,-35
315,787,0,41,-58,-27,42,-120,-5,23,-164,18,-2,-200,48,49,-144,67,54,-206,73,53,-250,70,51,-289,66,24,-143,69,30,-213,68,33,-264,53,34,-303,44,-3,-135,59,-5,-180,13,2,-133,-19,6,-106,-23,-28,-125,48,-22,-156,-2,-14,-120,-27,-12,-94,-34
314,786,0,41,-58,-27,42,-120,-6,23,-164,17,-2,-200,46,49,-145,64,53,-206,69,52,-250,65,50,-288,60,24,-144,66,30,-212,64,34,-262,47,34,-303,38,-2,-136,56,-6,-182,9,2,-135,-23,7,-107,-27,-27,-125,45,-23,-156,-7,-14,-120,-32,-11,-94,-40
313,785,0,40,-59,-29,41,-119,-9,22,-164,12,-2,-200,40,49,-144,65,53,-204,70,52,-249,66,50,-286,62,24,-143,68,30,-212,65,33,-262,49,33,-302,39,-2,-135,58,-6,-181,10,2,-134,-22,6,-106,-25,-28,-125,47,-23,-155,-6,-14,-119,-31,-11,-93,-39
312,782,0,40,-59,-29,41,-119,-9,22,-163,12,-2,-200,39,49,-145,68,53,-206,74,52,-250,71,50,-287,67,24,-144,70,29,-212,69,32,-263,53,33,-303,43,-2,-135,60,-6,-180,14,1,-133,-18,6,-106,-22,-27,-124,49,-22,-155,-2,-14,-119,-27,-12,-92,-34
310,779,0,39,-58,-32,41,-119,-12,22,-163,9,-2,-200,37,50,-145,62,54,-207,66,52,-251,63,50,-288,58,24,-144,67,30,-214,65,32,-264,48,33,-304,39,-2,-135,61,-6,-181,14,1,-134,-19,6,-105,-23,-26,-125,52,-22,-154,2,-14,-119,-24,-11,-93,-31
277,770,0,41,-59,-33,44,-122,-18,19,-170,-1,-12,-200,21,42,-156,47,39,-223,52,32,-267,50,27,-305,48,15,-152,55,12,-227,53,10,-281,37,8,-320,30,-10,-138,52,-16,-176,10,-4,-126,-18,3,-94,-20,-35,-120,49,-31,-152,5,-19,-113,-14,-14,-82,-16
280,771,0,41,-61,-32,45,-124,-17,19,-171,1,-12,-200,23,42,-155,46,39,-223,52,31,-267,50,26,-305,49,15,-152,54,11,-228,53,8,-283,39,6,-321,33,-11,-138,52,-18,-176,12,-6,-128,-16,2,-95,-18,-35,-120,49,-31,-152,7,-20,-114,-12,-14,-83,-15
281,775,0,42,-61,-30,46,-125,-14,20,-172,6,-12,-200,31,43,-157,50,40,-225,57,33,-269,56,27,-307,55,16,-154,57,13,-229,59,10,-284,45,8,-323,38,-10,-141,55,-16,-180,16,-4,-132,-13,3,-99,-16,-34,-124,51,-29,-156,8,-18,-118,-11,-12,-86,-15
285,779,0,40,-62,-30,44,-127,-17,20,-171,-2,-12,-200,18,42,-157,46,38,-224,51,31,-267,48,26,-305,45,15,-154,52,12,-228,49,10,-281,34,7,-321,27,-10,-141,48,-17,-182,7,-5,-134,-19,2,-101,-19,-35,-123,44,-31,-156,1,-20,-119,-16,-13,-88,-17
288,770,0,42,-62,-27,46,-125,-13,21,-172,2,-13,-200,20,42,-159,53,39,-228,60,32,-272,57,27,-311,55,15,-155,58,11,-231,55,9,-287,38,6,-326,30,-11,-141,53,-17,-182,11,-6,-132,-17,1,-97,-19,-36,-123,47,-31,-155,2,-20,-115,-17,-13,-82,-19
445,748,0,42,-40,-33,57,-107,-35,33,-165,-37,1,-200,-36,49,-154,11,57,-221,-1,58,-266,-9,59,-305,-13,21,-155,13,29,-233,-11,37,-286,-27,43,-326,-32,-6,-141,8,0,-174,-47,7,-119,-60,11,-78,-49,-34,-121,2,-20,-152,-45,-12,-106,-48,-11,-71,-38
446,750,0,42,-43,-34,55,-109,-37,32,-164,-39,1,-200,-38,48,-154,14,55,-221,1,56,-266,-9,57,-306,-13,20,-154,15,28,-232,-11,36,-286,-29,42,-327,-34,-8,-140,10,-1,-174,-47,7,-118,-60,10,-78,-48,-36,-120,4,-21,-153,-43,-13,-107,-46,-12,-72,-36
446,749,0,43,-42,-33,56,-109,-36,33,-165,-38,1,-200,-37,49,-155,12,56,-222,0,56,-267,-9,56,-306,-13,20,-155,14,29,-234,-11,36,-287,-28,42,-328,-34,-8,-142,9,-2,-175,-47,7,-120,-60,11,-79,-49,-36,-121,3,-21,-153,-44,-13,-107,-48,-12,-72,-38
446,750,0,42,-43,-34,55,-109,-36,33,-165,-38,1,-200,-37,48,-154,12,55,-222,0,55,-266,-8,56,-306,-12,20,-155,14,28,-233,-11,35,-286,-28,41,-327,-33,-8,-141,9,-2,-174,-47,7,-118,-61,11,-79,-49,-35,-122,4,-22,-152,-44,-13,-107,-48,-12,-72,-38
445,750,0,42,-42,-33,55,-108,-36,32,-164,-37,1,-200,-36,48,-154,13,55,-222,1,56,-266,-7,56,-306,-12,20,-155,15,28,-233,-9,35,-286,-26,41,-327,-31,-8,-141,10,-2,-174,-45,7,-119,-59,11,-79,-47,-35,-122,4,-22,-154,-42,-14,-108,-46,-12,-74,-36
444,751,0,42,-41,-34,56,-109,-36,33,-166,-38,0,-200,-38,48,-154,11,55,-222,-1,55,-266,-10,55,-306,-14,20,-155,13,28,-234,-12,35,-285,-28,41,-327,-33,-7,-141,8,-2,-175,-47,7,-120,-60,10,-80,-48,-35,-122,2,-22,-154,-44,-14,-108,-47,-12,-74,-36
443,748,0,40,-41,-34,56,-107,-37,34,-165,-40,1,-200,-40,48,-155,8,56,-224,-5,56,-269,-14,56,-309,-18,20,-156,11,28,-235,-15,34,-288,-32,40,-331,-37,-9,-142,7,-5,-174,-48,5,-118,-62,9,-77,-50,-35,-122,3,-23,-152,-44,-15,-107,-47,-13,-72,-37
441,747,0,41,-43,-33,54,-109,-35,32,-165,-36,1,-200,-35,48,-154,12,55,-224,2,55,-269,-6,55,-310,-10,20,-156,15,27,-234,-7,34,-287,-24,39,-330,-29,-8,-142,12,-5,-173,-40,5,-119,-56,9,-79,-46,-34,-122,7,-23,-151,-37,-14,-108,-42,-12,-73,-33
429,745,0,41,-44,-37,52,-109,-38,29,-164,-37,-1,-200,-33,48,-153,15,53,-222,5,53,-268,-2,51,-309,-6,21,-153,20,27,-230,0,33,-284,-16,37,-327,-22,-6,-139,18,-4,-171,-34,5,-117,-52,9,-80,-44,-32,-121,14,-22,-149,-32,-13,-105,-40,-10,-72,-33
424,741,0,42,-46,-33,53,-110,-35,30,-165,-36,-2,-200,-34,49,-155,14,53,-225,3,52,-270,-6,51,-312,-10,21,-156,17,27,-233,-4,32,-288,-21,35,-332,-27,-6,-142,13,-5,-171,-38,5,-118,-55,10,-80,-46,-32,-121,8,-23,-149,-36,-13,-105,-42,-10,-70,-34
360,764,0,41,-45,-32,52,-111,-27,33,-165,-20,4,-200,-11,53,-152,27,57,-221,24,56,-266,20,55,-306,16,26,-153,32,31,-231,20,35,-285,5,37,-326,-1,0,-141,29,-3,-176,-16,6,-126,-37,9,-91,-34,-26,-124,24,-19,-153,-18,-11,-110,-29,-9,-77,-26
358,769,0,41,-45,-31,53,-111,-25,33,-165,-18,4,-200,-8,53,-150,28,57,-220,25,56,-265,21,55,-305,18,26,-151,32,31,-229,21,35,-282,7,37,-323,1,0,-140,29,-1,-177,-16,6,-127,-36,9,-93,-33,-25,-123,24,-18,-153,-18,-11,-111,-29,-8,-78,-25
358,769,0,41,-46,-31,51,-111,-25,33,-165,-18,3,-200,-7,52,-150,29,57,-220,27,55,-265,22,54,-305,19,25,-152,34,31,-228,24,35,-282,9,37,-324,3,0,-140,31,-2,-175,-12,5,-126,-34,8,-91,-31,-26,-124,27,-18,-152,-14,-12,-111,-25,-9,-78,-22
356,772,0,41,-46,-34,52,-111,-30,33,-164,-24,3,-200,-14,53,-151,25,57,-220,20,56,-265,14,54,-305,11,26,-152,30,31,-229,17,35,-283,0,37,-325,-6,-1,-140,27,-2,-174,-20,5,-124,-41,9,-90,-37,-27,-123,23,-18,-152,-21,-11,-109,-32,-9,-77,-28
357,775,0,40,-46,-34,51,-111,-31,32,-164,-26,3,-200,-18,51,-149,25,56,-217,18,55,-262,11,54,-302,6,24,-150,30,30,-226,12,34,-280,-6,36,-321,-14,-2,-138,27,-4,-171,-23,4,-122,-44,9,-88,-39,-28,-121,22,-20,-149,-23,-12,-109,-34,-10,-79,-29
356,772,0,42,-45,-35,52,-110,-31,32,-164,-25,3,-200,-15,53,-151,25,58,-218,19,57,-264,11,56,-304,7,25,-151,30,31,-227,13,35,-281,-5,37,-323,-12,-2,-138,27,-5,-172,-25,4,-121,-46,9,-87,-41,-28,-120,22,-22,-148,-25,-13,-106,-37,-10,-76,-33
357,771,0,41,-45,-36,52,-110,-32,32,-164,-26,2,-200,-17,52,-150,23,58,-218,17,56,-264,10,56,-304,5,25,-150,29,31,-226,13,34,-281,-5,36,-323,-12,-2,-138,27,-5,-171,-22,3,-121,-44,9,-86,-40,-28,-121,23,-21,-148,-22,-12,-107,-34,-10,-77,-30
356,771,0,42,-46,-35,51,-111,-29,31,-164,-21,1,-200,-9,53,-150,29,58,-217,24,57,-263,17,56,-303,12,25,-150,34,32,-225,19,36,-280,2,38,-322,-6,-2,-137,31,-4,-173,-19,5,-122,-43,9,-88,-39,-27,-121,26,-20,-149,-21,-11,-107,-35,-8,-76,-32
356,768,0,41,-43,-34,53,-109,-30,32,-164,-24,2,-200,-15,53,-149,25,59,-218,19,58,-264,12,57,-304,8,26,-149,30,33,-226,15,37,-281,-2,38,-323,-8,-1,-137,27,-3,-173,-22,5,-122,-43,9,-88,-39,-28,-121,22,-19,-151,-24,-11,-108,-35,-8,-76,-31
352,771,0,41,-44,-34,52,-109,-29,34,-163,-22,5,-200,-11,53,-147,28,59,-216,23,58,-261,17,57,-301,14,27,-149,33,34,-225,19,38,-279,2,40,-321,-4,0,-137,30,-1,-173,-19,7,-122,-40,10,-88,-36,-26,-122,25,-18,-151,-20,-10,-109,-32,-8,-78,-29
351,769,0,41,-45,-35,53,-109,-32,34,-164,-26,5,-200,-17,54,-151,23,59,-219,16,59,-265,9,57,-305,5,26,-151,28,33,-228,12,39,-283,-6,41,-326,-13,-1,-138,25,-5,-170,-24,4,-120,-46,9,-84,-41,-27,-120,22,-21,-149,-23,-12,-108,-34,-9,-76,-29
270,844,0,28,-62,-29,26,-126,-31,3,-169,-31,-31,-198,-25,35,-165,-4,34,-231,-31,30,-276,-53,25,-317,-68,8,-157,-10,6,-233,-47,5,-287,-73,2,-331,-89,-19,-140,-24,-29,-181,-85,-16,-137,-103,-6,-111,-98,-42,-117,-39,-44,-141,-94,-32,-111,-108,-24,-92,-108
271,847,0,27,-59,-41,25,-125,-42,1,-168,-38,-33,-198,-27,35,-165,-9,33,-231,-33,29,-275,-52,24,-316,-65,8,-158,-5,6,-233,-35,4,-287,-59,1,-332,-72,-19,-142,-9,-29,-181,-64,-17,-137,-81,-7,-113,-77,-42,-120,-16,-44,-139,-65,-33,-111,-79,-26,-95,-79
271,845,0,28,-59,-37,28,-125,-37,4,-169,-32,-31,-198,-22,35,-167,-9,34,-233,-35,30,-277,-56,25,-319,-70,8,-161,-8,6,-235,-41,4,-288,-66,1,-334,-80,-19,-144,-14,-29,-184,-74,-17,-140,-93,-7,-115,-89,-42,-118,-23,-44,-140,-78,-32,-112,-95,-27,-95,-97
