[ 337  541    0   47  -19  -31   88  -70  -41  103 -135  -53   84 -182  -59   79 -153    5   87 -191  -31   74 -150  -51   63 -114  -54   48  -165    8   51 -201  -39   44 -142  -59   38 -101  -57   15 -170    3  15 -202  -39   19 -147  -49   22 -105  -39  -16 -170   -4  -10 -230  -21   -6 -270  -25    0 -309  -21]
[ 366  592    0   53  -19  -23   99  -72  -31  121 -130  -42  103 -172  -48   78 -160    1   89 -201  -34   83 -156  -52   77 -117  -54   45  -168   -1   57 -205  -46   55 -144  -66   51 -100  -65   12 -171   -9  21 -207  -50   32 -154  -60   40 -111  -51  -23 -169  -18  -16 -234  -35   -9 -277  -41    0 -315  -38]
[ 400  589    0   49  -18  -18   95  -76  -23  116 -129  -31  103 -172  -36   68 -165   -1   82 -200  -33   80 -150  -49   78 -111  -49   36  -171   -5   51 -200  -47   55 -137  -62   54  -90  -59    1 -170  -15  18 -200  -53   34 -144  -60   45 -101  -50  -33 -163  -25  -26 -232  -42  -17 -275  -46   -5 -314  -42]
[ 430  583    0   46  -21  -13   87  -81  -15  108 -132  -21   98 -175  -24   59 -164    7   74 -199  -20   77 -155  -35   78 -119  -35   31  -170    2   48 -201  -34   55 -143  -50   57  -97  -48    1 -173   -8  19 -207  -42   35 -154  -49   46 -110  -39  -30 -170  -20  -21 -240  -32  -10 -282  -34    5 -315  -29]
[ 434  580    0   43  -32   -7   73  -93   -8   92 -139  -14   85 -181  -17   38 -170   18   54 -201   -9   68 -161  -24   74 -128  -25   16  -171   10   38 -199  -26   53 -144  -43   59 -102  -41   -8 -170   -4  18 -190  -41   40 -141  -51   52 -103  -42  -32 -164  -18  -20 -234  -33   -4 -276  -35   15 -309  -30]
[ 426  581    0   41  -39   -6   65 -101   -7   81 -146  -14   77 -185  -18   25 -166   18   45 -194   -9   62 -155  -24   71 -128  -25    6  -166   10   34 -192  -27   52 -139  -43   59 -103  -41  -12 -162   -4  18 -185  -42   42 -140  -51   53 -106  -41  -30 -156  -19  -17 -222  -36    0 -262  -39   17 -291  -33]
[ 418  585    0   40  -46    1   60 -108    1   74 -154   -7   69 -188  -13   -3 -165   21   28 -193   -4   51 -158  -19   60 -128  -22  -18  -164   10   30 -192  -22   52 -143  -35   56 -108  -33  -27 -159   -7  25 -187  -40   48 -141  -44   53 -106  -33  -31 -151  -23  -11 -216  -38    7 -253  -38   25 -281  -31]
[ 401  570    0   39  -55   13   51 -116   20   62 -164   19   64 -190   22  -32 -167   20   24 -201   -1   50 -166  -10   55 -142  -11  -41  -163    5   35 -198  -23   55 -150  -26   54 -119  -20  -39 -154  -13  37 -187  -43   53 -138  -39   48 -106  -25  -27 -141  -30    9 -207  -52   31 -245  -55   48 -279  -49]
[ 376  578    0  -10  -59   19  -12 -130   22   11 -179   18   32 -198   15  -42 -180    6   25 -223  -11   46 -181  -19   48 -147  -21  -31  -170  -12   43 -217  -33   63 -165  -34   67 -129  -29  -11 -154  -31  58 -200  -48   72 -152  -37   71 -116  -22   15 -135  -48   49 -212  -56   70 -255  -49   87 -294  -40]
[ 391  588    0  -27  -59   24  -34 -130   26  -10 -183   22   15 -200   19  -60 -172   -8   -4 -232  -16    7 -196  -17   -2 -169  -18  -38  -163  -28   22 -219  -34   29 -178  -30   19 -154  -29   -8 -151  -44  43 -206  -49   46 -170  -36   34 -143  -29   24 -138  -59   50 -215  -64   68 -255  -58   81 -294  -54]
[ 417  618    0  -34  -59   16  -46 -127   16  -31 -182   13   -8 -200   14  -54 -162  -21  -14 -225  -22   -3 -200  -12  -11 -176   -4  -18  -154  -33   17 -211  -32   23 -185  -20   16 -161  -13   18 -142  -41  42 -196  -41   46 -175  -27   39 -152  -18   51 -128  -47   67 -198  -47   78 -238  -41   83 -273  -36]
[ 439  614    0  -42  -46    5  -57 -108    0  -55 -166   -4  -40 -197   -2  -50 -137  -29  -38 -206  -36  -33 -182  -27  -34 -156  -16  -15  -136  -34   -7 -196  -38   -4 -174  -26   -6 -151  -18   18 -131  -36  21 -185  -40   21 -168  -29   18 -145  -20   45 -126  -37   54 -189  -41   58 -226  -39   58 -257  -37]

																							      
Dont Care Here   -90  -40   50 -150 -50    60 -150 -45    65 -110  -30   70 -130  -15  -20 -110  -35    0  -95  -50  -30  -85  -60  -40  -80   -15  -40  -45    5    0  -35  -35   40   15  -50   40    0   40  -35  25   20    0   30   20   20   30  -45   20   70   40  -45   70   40  -20   65   45  -15   70   50  -20
 	
			   3rd  	  3rd		 3rd		3rd	       3rd	       3rd	     3rd	    3rd	 	    3rd 	    3rd		  3rd		 3rd		3rd	       3rd	      3rd	     3rd           3rd		  3rd		 3rd		3rd

Die 3rd Coords haben fast alle ein ähnliches verhalten gehen zurest positiv, weil drehung = näher an kamera und dann wieder negativ weil wieder weg